0.200 0.257 
0.189 0.264 
0.182 0.247 
0.130 0.167 
0.121 0.155 
0.151 0.218 
0.236 0.277 
0.170 0.215 
0.147 0.198 
0.121 0.148 
0.180 0.236 
0.145 0.180 
0.169 0.213 
0.222 0.286 
0.268 0.319 
0.122 0.151 
0.212 0.257 
0.113 0.154 
0.189 0.218 
0.205 0.244 
0.226 0.269 
0.113 0.148 
0.157 0.190 
0.140 0.155 
0.195 0.256 
0.309 0.367 
0.035 0.063 
0.202 0.273 
0.100 0.140 
0.148 0.182 
0.190 0.241 
0.199 0.241 
0.244 0.295 
0.158 0.186 
0.435 0.510 
0.122 0.178 
0.159 0.205 
0.101 0.123 
0.178 0.336 
0.157 0.194 
0.233 0.282 
0.208 0.308 
0.232 0.273 
0.361 0.455 
0.346 0.393 
0.232 0.269 
0.151 0.173 
0.159 0.180 
0.251 0.288 
0.188 0.260 
0.134 0.175 
0.132 0.203 
