% x_coordinate y_coordinate pressure time
% shape 0, 1930 points
911.688 272.879 0.012 0
911.688 272.800 0.055 0
911.688 272.800 0.081 1
911.688 272.800 0.107 16
911.688 272.800 0.135 32
911.688 272.800 0.156 32
911.688 272.800 0.171 33
911.688 272.800 0.179 48
911.688 272.800 0.182 48
911.688 272.800 0.185 64
911.688 272.800 0.186 64
911.688 272.800 0.187 81
911.688 272.800 0.190 81
911.688 272.800 0.196 81
911.688 272.800 0.206 97
911.688 272.800 0.218 97
911.688 272.800 0.232 113
911.688 272.800 0.245 113
911.688 272.800 0.259 113
911.688 272.800 0.274 129
911.688 272.800 0.290 145
911.688 272.800 0.306 145
911.688 272.879 0.321 145
911.688 272.879 0.340 161
911.688 272.919 0.359 177
911.688 272.959 0.375 177
911.648 272.959 0.388 177
911.648 272.959 0.400 193
911.608 272.999 0.413 193
911.568 272.999 0.427 193
911.568 272.999 0.441 209
911.568 272.999 0.456 225
911.528 272.999 0.474 225
911.528 272.999 0.490 225
911.528 272.999 0.504 241
911.528 272.999 0.517 241
911.528 272.999 0.528 257
911.528 272.999 0.534 257
911.528 273.039 0.540 257
911.528 273.078 0.543 273
911.487 273.118 0.547 273
911.447 273.158 0.550 289
911.407 273.278 0.554 289
911.367 273.357 0.559 306
911.327 273.437 0.564 306
911.327 273.516 0.570 306
911.287 273.636 0.575 322
911.247 273.715 0.581 338
911.207 273.795 0.586 338
911.167 273.875 0.590 338
911.167 273.954 0.593 354
911.087 274.034 0.594 354
911.047 274.114 0.596 370
911.007 274.193 0.596 370
910.967 274.273 0.596 370
910.927 274.352 0.597 386
910.886 274.432 0.598 402
910.846 274.512 0.598 402
910.806 274.591 0.599 402
910.726 274.711 0.600 418
910.646 274.830 0.602 418
910.606 274.949 0.604 418
910.566 275.069 0.606 434
910.486 275.268 0.608 450
910.446 275.427 0.609 450
910.406 275.547 0.610 450
910.366 275.706 0.611 466
910.285 275.865 0.612 482
910.245 275.985 0.613 482
910.205 276.104 0.614 482
910.165 276.223 0.614 499
910.165 276.343 0.616 499
910.125 276.462 0.616 515
910.085 276.542 0.617 515
910.085 276.621 0.617 515
910.045 276.701 0.618 531
910.045 276.781 0.619 531
910.045 276.820 0.620 531
910.005 276.900 0.621 547
910.005 276.980 0.621 564
910.005 277.020 0.622 564
910.005 277.099 0.623 564
909.965 277.179 0.623 580
909.965 277.258 0.624 580
909.965 277.298 0.625 596
909.965 277.378 0.625 596
909.965 277.457 0.625 612
909.965 277.577 0.626 612
909.965 277.656 0.627 612
909.965 277.736 0.627 628
909.965 277.816 0.627 628
909.965 277.895 0.627 644
909.965 277.975 0.627 644
909.965 278.055 0.628 660
909.965 278.134 0.628 660
909.965 278.214 0.628 676
909.965 278.293 0.629 676
909.925 278.373 0.629 676
909.925 278.453 0.630 692
909.925 278.492 0.630 708
909.925 278.492 0.630 708
909.925 278.532 0.631 724
909.925 278.572 0.631 724
909.925 278.652 0.632 724
909.925 278.731 0.633 740
909.885 278.771 0.634 757
909.885 278.851 0.636 757
909.885 278.930 0.636 757
909.885 279.010 0.637 773
909.885 279.090 0.638 789
909.885 279.129 0.639 789
909.885 279.209 0.639 789
909.885 279.249 0.640 805
909.885 279.328 0.640 805
909.885 279.368 0.641 805
909.885 279.448 0.641 821
909.885 279.488 0.642 821
909.885 279.567 0.642 837
909.885 279.647 0.643 837
909.885 279.687 0.643 837
909.885 279.766 0.643 853
909.885 279.886 0.644 870
909.885 279.965 0.644 870
909.885 280.045 0.645 870
909.885 280.125 0.645 886
909.885 280.244 0.645 886
909.885 280.324 0.645 886
909.885 280.443 0.645 902
909.925 280.523 0.645 918
909.925 280.642 0.646 918
909.965 280.722 0.646 918
909.965 280.801 0.647 935
909.965 280.921 0.647 951
909.965 281.000 0.647 951
909.965 281.080 0.647 951
909.965 281.160 0.647 967
909.965 281.279 0.647 967
909.965 281.359 0.648 967
909.965 281.438 0.648 983
909.965 281.518 0.648 983
909.965 281.597 0.648 999
910.005 281.677 0.648 999
910.005 281.757 0.648 1016
910.005 281.836 0.648 1016
910.045 281.916 0.648 1032
910.085 281.996 0.649 1032
910.085 282.075 0.648 1032
910.085 282.234 0.649 1048
910.125 282.314 0.649 1064
910.125 282.433 0.649 1064
910.125 282.553 0.649 1064
910.125 282.633 0.650 1080
910.125 282.752 0.650 1080
910.125 282.832 0.650 1080
910.125 282.951 0.651 1096
910.165 283.031 0.651 1113
910.165 283.110 0.652 1113
910.165 283.190 0.653 1113
910.165 283.269 0.653 1129
910.205 283.309 0.654 1129
910.205 283.389 0.654 1145
910.245 283.469 0.654 1145
910.245 283.548 0.655 1161
910.285 283.588 0.656 1161
910.285 283.668 0.656 1161
910.326 283.747 0.656 1178
910.366 283.827 0.656 1178
910.366 283.906 0.656 1194
910.366 283.986 0.656 1194
910.406 284.026 0.656 1194
910.406 284.105 0.657 1210
910.446 284.185 0.657 1226
910.486 284.225 0.657 1226
910.486 284.305 0.657 1226
910.526 284.384 0.657 1242
910.526 284.464 0.658 1242
910.566 284.543 0.658 1242
910.566 284.663 0.659 1259
910.606 284.742 0.659 1275
910.606 284.822 0.660 1275
910.646 284.941 0.660 1275
910.646 285.021 0.660 1291
910.726 285.101 0.660 1307
910.766 285.180 0.660 1307
910.806 285.260 0.660 1307
910.846 285.339 0.660 1324
910.927 285.419 0.660 1324
910.967 285.459 0.659 1324
911.007 285.539 0.659 1340
911.047 285.618 0.659 1340
911.087 285.658 0.660 1356
911.127 285.738 0.660 1356
911.167 285.777 0.661 1356
911.207 285.857 0.662 1372
911.247 285.937 0.663 1389
911.327 286.056 0.663 1389
911.367 286.136 0.664 1389
911.407 286.215 0.665 1405
911.487 286.295 0.665 1405
911.528 286.374 0.666 1405
911.568 286.454 0.666 1421
911.608 286.534 0.666 1437
911.648 286.613 0.667 1437
911.728 286.693 0.667 1437
911.768 286.812 0.667 1453
911.808 286.852 0.666 1470
911.888 286.932 0.666 1470
911.928 286.972 0.666 1470
911.968 287.011 0.666 1486
912.008 287.091 0.666 1486
912.048 287.131 0.667 1486
912.129 287.171 0.667 1502
912.169 287.211 0.667 1502
912.209 287.250 0.668 1518
912.289 287.290 0.667 1518
912.369 287.330 0.668 1534
912.409 287.410 0.669 1534
912.489 287.449 0.669 1550
912.529 287.529 0.670 1550
912.569 287.569 0.670 1550
912.649 287.648 0.670 1567
912.689 287.728 0.671 1567
912.770 287.808 0.671 1567
912.810 287.847 0.672 1583
912.850 287.927 0.672 1599
912.930 287.967 0.672 1599
912.970 288.046 0.672 1599
913.010 288.126 0.673 1615
913.090 288.206 0.672 1631
913.130 288.245 0.673 1631
913.210 288.325 0.673 1631
913.250 288.365 0.673 1647
913.331 288.405 0.673 1647
913.371 288.484 0.672 1647
913.411 288.524 0.672 1664
913.451 288.564 0.671 1680
913.491 288.604 0.671 1680
913.531 288.683 0.671 1680
913.531 288.723 0.671 1696
913.571 288.763 0.672 1696
913.611 288.803 0.671 1712
913.651 288.882 0.672 1712
913.651 288.922 0.672 1728
913.691 288.962 0.673 1728
913.771 289.002 0.673 1728
913.811 289.081 0.672 1745
913.891 289.121 0.671 1745
913.932 289.161 0.671 1761
914.012 289.241 0.670 1761
914.092 289.281 0.671 1761
914.172 289.320 0.671 1777
914.252 289.360 0.671 1794
914.292 289.440 0.672 1794
914.372 289.480 0.672 1794
914.452 289.519 0.672 1810
914.492 289.559 0.672 1810
914.573 289.599 0.673 1810
914.653 289.679 0.673 1826
914.733 289.679 0.671 1842
914.813 289.718 0.669 1842
914.853 289.758 0.667 1842
914.933 289.758 0.669 1858
915.013 289.758 0.668 1875
915.094 289.798 0.670 1875
915.134 289.798 0.670 1875
915.214 289.838 0.670 1891
915.254 289.838 0.671 1891
915.334 289.878 0.672 1891
915.374 289.917 0.671 1907
915.454 289.957 0.673 1907
915.494 289.957 0.672 1923
915.574 289.997 0.672 1923
915.654 290.037 0.672 1940
915.694 290.077 0.673 1940
915.735 290.077 0.672 1956
915.815 290.116 0.672 1956
915.855 290.116 0.672 1956
915.935 290.156 0.671 1972
915.975 290.156 0.670 1972
916.015 290.156 0.669 1972
916.095 290.196 0.670 1988
916.135 290.196 0.669 2005
916.255 290.196 0.670 2005
916.296 290.196 0.670 2005
916.376 290.196 0.671 2021
916.416 290.236 0.671 2037
916.456 290.236 0.671 2037
916.536 290.236 0.672 2037
916.576 290.276 0.672 2053
916.656 290.276 0.672 2053
916.696 290.315 0.672 2053
916.776 290.315 0.672 2069
916.816 290.355 0.672 2069
916.896 290.355 0.672 2086
916.977 290.395 0.672 2086
917.017 290.435 0.672 2102
917.097 290.435 0.672 2102
917.177 290.475 0.672 2118
917.257 290.475 0.673 2118
917.337 290.515 0.672 2118
917.377 290.515 0.673 2134
917.457 290.554 0.673 2151
917.497 290.554 0.672 2151
917.578 290.594 0.672 2151
917.618 290.594 0.673 2167
917.698 290.594 0.672 2167
917.778 290.594 0.672 2167
917.858 290.634 0.672 2183
917.938 290.634 0.671 2199
918.018 290.634 0.671 2199
918.099 290.634 0.671 2199
918.179 290.674 0.671 2216
918.219 290.674 0.671 2216
918.299 290.674 0.671 2232
918.379 290.674 0.672 2232
918.459 290.674 0.672 2248
918.539 290.674 0.671 2248
918.619 290.674 0.671 2248
918.700 290.674 0.669 2264
918.780 290.674 0.668 2264
918.860 290.674 0.669 2280
918.940 290.674 0.669 2280
919.020 290.674 0.670 2280
919.060 290.674 0.670 2296
919.140 290.674 0.670 2313
919.220 290.674 0.671 2313
919.300 290.674 0.671 2313
919.381 290.674 0.671 2329
919.461 290.674 0.672 2329
919.541 290.674 0.672 2329
919.621 290.674 0.672 2345
919.661 290.674 0.672 2361
919.741 290.674 0.672 2361
919.821 290.674 0.672 2361
919.901 290.674 0.672 2377
919.982 290.674 0.671 2394
920.062 290.674 0.670 2394
920.142 290.674 0.670 2394
920.222 290.674 0.670 2410
920.302 290.674 0.670 2410
920.342 290.674 0.670 2410
920.422 290.674 0.671 2426
920.503 290.674 0.671 2426
920.543 290.674 0.672 2442
920.623 290.674 0.672 2442
920.663 290.674 0.672 2458
920.783 290.674 0.672 2458
920.823 290.674 0.672 2475
920.903 290.674 0.672 2475
920.983 290.674 0.672 2475
921.063 290.674 0.672 2491
921.104 290.674 0.673 2491
921.184 290.674 0.672 2507
921.264 290.674 0.673 2507
921.304 290.634 0.673 2523
921.384 290.634 0.673 2523
921.464 290.634 0.673 2523
921.544 290.634 0.672 2539
921.584 290.594 0.672 2556
921.664 290.594 0.673 2556
921.705 290.554 0.672 2556
921.785 290.554 0.673 2572
921.865 290.554 0.673 2572
921.945 290.515 0.673 2572
922.065 290.475 0.672 2588
922.145 290.435 0.672 2605
922.265 290.395 0.672 2605
922.346 290.355 0.672 2605
922.466 290.315 0.672 2621
922.546 290.236 0.671 2621
922.666 290.196 0.672 2637
922.746 290.156 0.672 2637
922.826 290.077 0.671 2653
922.907 290.037 0.672 2653
922.987 289.997 0.672 2653
923.067 289.957 0.672 2669
923.147 289.917 0.672 2669
923.227 289.917 0.672 2685
923.307 289.878 0.673 2685
923.467 289.878 0.673 2685
923.548 289.838 0.672 2702
923.668 289.798 0.673 2718
923.748 289.758 0.673 2718
923.828 289.718 0.672 2718
923.948 289.679 0.672 2734
924.028 289.639 0.673 2734
924.109 289.599 0.673 2734
924.189 289.599 0.673 2750
924.269 289.559 0.673 2766
924.349 289.519 0.673 2766
924.429 289.519 0.673 2766
924.509 289.440 0.673 2783
924.589 289.400 0.673 2799
924.669 289.360 0.673 2799
924.750 289.281 0.673 2799
924.830 289.241 0.672 2815
924.910 289.161 0.673 2815
925.030 289.121 0.672 2815
925.110 289.042 0.672 2831
925.190 289.002 0.673 2831
925.270 288.922 0.672 2847
925.351 288.843 0.673 2847
925.471 288.803 0.673 2864
925.551 288.763 0.673 2864
925.591 288.723 0.673 2880
925.671 288.683 0.673 2880
925.751 288.683 0.673 2880
925.871 288.644 0.674 2896
925.952 288.604 0.674 2896
926.032 288.564 0.673 2896
926.112 288.524 0.674 2912
926.232 288.445 0.674 2929
926.312 288.405 0.674 2929
926.432 288.365 0.674 2929
926.513 288.325 0.673 2945
926.633 288.245 0.674 2961
926.753 288.166 0.673 2961
926.833 288.086 0.673 2961
926.913 288.007 0.673 2977
927.033 287.927 0.673 2977
927.114 287.808 0.673 2977
927.194 287.728 0.673 2994
927.274 287.648 0.673 3010
927.394 287.609 0.673 3010
927.474 287.529 0.674 3010
927.554 287.489 0.674 3026
927.634 287.449 0.674 3026
927.674 287.410 0.674 3042
927.755 287.330 0.674 3042
927.835 287.290 0.673 3042
927.915 287.211 0.674 3059
927.995 287.131 0.674 3059
928.075 287.091 0.673 3059
928.195 287.011 0.674 3075
928.235 286.932 0.673 3091
928.316 286.852 0.673 3091
928.396 286.812 0.674 3091
928.436 286.733 0.673 3107
928.516 286.693 0.673 3123
928.556 286.653 0.673 3123
928.636 286.613 0.673 3123
928.716 286.573 0.673 3140
928.756 286.494 0.673 3140
928.836 286.454 0.673 3140
928.876 286.454 0.674 3156
928.917 286.414 0.673 3172
928.997 286.374 0.674 3172
928.997 286.335 0.674 3172
929.037 286.295 0.674 3188
929.117 286.215 0.674 3188
929.157 286.175 0.674 3204
929.237 286.136 0.673 3204
929.277 286.096 0.673 3220
929.357 286.016 0.673 3220
929.477 285.976 0.673 3220
929.558 285.937 0.674 3237
929.638 285.897 0.674 3237
929.678 285.857 0.674 3253
929.758 285.817 0.674 3253
929.838 285.738 0.674 3253
929.878 285.698 0.674 3269
929.918 285.658 0.674 3285
929.958 285.618 0.674 3285
929.998 285.539 0.674 3285
930.038 285.499 0.674 3301
930.078 285.459 0.674 3318
930.119 285.419 0.674 3318
930.199 285.339 0.674 3318
930.239 285.300 0.674 3334
930.279 285.260 0.674 3334
930.319 285.220 0.674 3334
930.359 285.180 0.674 3350
930.439 285.140 0.674 3350
930.479 285.101 0.674 3366
930.519 285.021 0.674 3366
930.559 285.021 0.674 3382
930.599 284.981 0.674 3382
930.639 284.902 0.674 3398
930.720 284.862 0.674 3398
930.760 284.822 0.674 3398
930.800 284.782 0.674 3415
930.840 284.742 0.674 3415
930.880 284.663 0.674 3415
930.920 284.623 0.674 3431
930.960 284.583 0.674 3447
930.960 284.543 0.674 3447
931.000 284.504 0.674 3447
931.040 284.424 0.674 3463
931.080 284.384 0.674 3479
931.120 284.344 0.674 3479
931.120 284.265 0.674 3479
931.160 284.225 0.674 3496
931.200 284.145 0.674 3496
931.280 284.066 0.674 3496
931.320 284.026 0.674 3512
931.361 283.986 0.674 3528
931.401 283.906 0.674 3528
931.441 283.867 0.674 3528
931.481 283.827 0.674 3544
931.481 283.747 0.675 3544
931.521 283.668 0.674 3560
931.561 283.588 0.675 3560
931.561 283.548 0.675 3577
931.601 283.469 0.675 3577
931.601 283.389 0.674 3577
931.641 283.309 0.674 3593
931.681 283.269 0.675 3593
931.721 283.190 0.674 3609
931.761 283.110 0.674 3609
931.801 283.070 0.674 3609
931.881 283.031 0.674 3625
931.922 282.951 0.674 3641
931.962 282.911 0.674 3641
932.042 282.832 0.674 3641
932.082 282.792 0.675 3657
932.122 282.752 0.675 3657
932.162 282.672 0.675 3657
932.202 282.593 0.675 3673
932.242 282.553 0.675 3690
932.282 282.473 0.675 3690
932.322 282.394 0.675 3690
932.362 282.314 0.675 3706
932.402 282.234 0.675 3706
932.442 282.155 0.675 3722
932.442 282.115 0.675 3722
932.523 282.035 0.675 3739
932.563 281.956 0.675 3739
932.603 281.916 0.675 3755
932.643 281.797 0.675 3755
932.683 281.757 0.675 3755
932.723 281.677 0.675 3771
932.763 281.597 0.676 3771
932.803 281.518 0.676 3771
932.843 281.438 0.676 3787
932.883 281.319 0.676 3804
932.923 281.239 0.676 3804
932.963 281.160 0.676 3804
932.963 281.040 0.676 3820
933.003 280.961 0.676 3836
933.043 280.841 0.676 3836
933.083 280.762 0.676 3836
933.083 280.642 0.676 3852
933.124 280.563 0.676 3852
933.204 280.483 0.677 3852
933.244 280.403 0.677 3869
933.284 280.324 0.677 3869
933.324 280.244 0.677 3885
933.364 280.164 0.677 3885
933.364 280.085 0.677 3901
933.404 280.005 0.677 3901
933.444 279.926 0.678 3917
933.444 279.846 0.678 3917
933.484 279.727 0.678 3917
933.524 279.647 0.679 3933
933.524 279.567 0.679 3933
933.564 279.488 0.679 3933
933.604 279.408 0.680 3950
933.644 279.368 0.680 3966
933.684 279.289 0.679 3966
933.724 279.249 0.680 3966
933.765 279.209 0.680 3982
933.805 279.129 0.680 3998
933.845 279.050 0.680 3998
933.885 278.970 0.680 3998
933.925 278.891 0.681 4015
934.005 278.811 0.681 4015
934.045 278.731 0.680 4015
934.085 278.652 0.681 4031
934.205 278.572 0.681 4047
934.245 278.492 0.681 4047
934.285 278.373 0.682 4047
934.326 278.293 0.682 4063
934.366 278.214 0.682 4063
934.406 278.134 0.682 4080
934.446 278.015 0.682 4080
934.486 277.935 0.682 4080
934.526 277.856 0.682 4096
934.566 277.776 0.682 4096
934.606 277.696 0.682 4112
934.606 277.617 0.682 4112
934.686 277.497 0.682 4128
934.726 277.418 0.682 4128
934.766 277.298 0.683 4128
934.806 277.219 0.682 4144
934.886 277.059 0.683 4161
934.927 276.980 0.683 4161
934.967 276.860 0.683 4161
935.047 276.781 0.684 4177
935.087 276.661 0.684 4177
935.127 276.582 0.684 4177
935.207 276.502 0.684 4193
935.247 276.422 0.684 4209
935.287 276.343 0.685 4209
935.327 276.263 0.685 4209
935.367 276.184 0.685 4225
935.407 276.144 0.686 4241
935.447 276.064 0.686 4241
935.487 276.024 0.686 4241
935.528 275.945 0.686 4258
935.568 275.865 0.687 4258
935.568 275.825 0.687 4258
935.648 275.746 0.687 4274
935.648 275.626 0.688 4274
935.688 275.547 0.688 4290
935.728 275.507 0.688 4290
935.768 275.427 0.688 4306
935.808 275.348 0.688 4306
935.848 275.308 0.689 4322
935.888 275.228 0.689 4322
935.928 275.188 0.689 4322
935.928 275.149 0.691 4339
935.968 275.109 0.690 4339
936.008 275.029 0.691 4339
936.088 274.989 0.691 4355
936.088 274.910 0.691 4371
936.169 274.790 0.692 4371
936.209 274.711 0.692 4371
936.249 274.631 0.693 4387
936.329 274.551 0.693 4403
936.329 274.472 0.694 4403
936.449 274.352 0.695 4403
936.489 274.273 0.695 4420
936.489 274.233 0.696 4420
936.529 274.114 0.697 4420
936.569 274.074 0.699 4436
936.609 273.994 0.699 4452
936.649 273.914 0.700 4452
936.690 273.835 0.701 4452
936.730 273.755 0.702 4468
936.770 273.715 0.703 4468
936.810 273.636 0.704 4484
936.810 273.556 0.704 4484
936.850 273.477 0.704 4500
936.890 273.397 0.705 4500
936.930 273.278 0.705 4500
936.970 273.198 0.706 4517
937.010 273.118 0.706 4517
937.050 273.039 0.706 4533
937.090 272.959 0.706 4533
937.130 272.879 0.706 4533
937.170 272.840 0.707 4549
937.210 272.760 0.707 4565
937.210 272.680 0.706 4565
937.291 272.601 0.707 4565
937.331 272.481 0.707 4582
937.371 272.402 0.707 4582
937.411 272.282 0.707 4582
937.491 272.203 0.708 4598
937.571 272.123 0.707 4614
937.611 272.043 0.708 4614
937.651 271.924 0.708 4614
937.731 271.844 0.708 4630
937.771 271.765 0.709 4647
937.811 271.685 0.709 4647
937.891 271.606 0.709 4647
937.972 271.486 0.710 4663
938.012 271.407 0.710 4663
938.092 271.327 0.710 4663
938.172 271.247 0.711 4679
938.212 271.168 0.711 4679
938.252 271.088 0.712 4695
938.292 271.048 0.712 4695
938.372 270.969 0.712 4695
938.412 270.889 0.713 4712
938.452 270.849 0.713 4728
938.492 270.770 0.713 4728
938.533 270.690 0.713 4728
938.613 270.610 0.713 4744
938.693 270.491 0.713 4760
938.773 270.411 0.714 4760
938.813 270.292 0.713 4760
938.853 270.172 0.714 4776
938.933 270.053 0.714 4776
938.973 269.934 0.714 4776
939.053 269.854 0.715 4793
939.053 269.774 0.715 4793
939.094 269.695 0.715 4809
939.134 269.615 0.716 4809
939.174 269.536 0.717 4809
939.214 269.496 0.717 4825
939.254 269.416 0.718 4841
939.294 269.376 0.718 4841
939.334 269.297 0.718 4841
939.414 269.257 0.719 4857
939.454 269.177 0.719 4857
939.494 269.098 0.719 4857
939.534 269.018 0.720 4874
939.574 268.938 0.720 4890
939.614 268.859 0.720 4890
939.654 268.779 0.720 4890
939.695 268.700 0.721 4906
939.735 268.580 0.721 4923
939.775 268.501 0.721 4923
939.815 268.421 0.721 4923
939.855 268.341 0.722 4939
939.895 268.301 0.722 4939
939.935 268.222 0.722 4955
940.015 268.142 0.722 4955
940.055 268.063 0.722 4955
940.095 268.023 0.722 4971
940.135 267.943 0.723 4971
940.175 267.784 0.722 4971
940.215 267.704 0.723 4988
940.255 267.585 0.723 5004
940.336 267.505 0.723 5004
940.336 267.386 0.724 5004
940.376 267.267 0.724 5020
940.416 267.187 0.724 5036
940.416 267.067 0.724 5036
940.456 266.988 0.725 5036
940.496 266.868 0.725 5053
940.536 266.789 0.725 5053
940.576 266.669 0.725 5053
940.616 266.590 0.725 5069
940.656 266.470 0.726 5069
940.696 266.391 0.726 5085
940.736 266.311 0.726 5085
940.816 266.232 0.726 5101
940.856 266.152 0.726 5101
940.896 266.072 0.726 5117
940.977 265.953 0.726 5117
941.017 265.873 0.726 5117
941.057 265.754 0.726 5134
941.137 265.674 0.726 5134
941.177 265.515 0.727 5134
941.217 265.435 0.727 5150
941.297 265.356 0.727 5166
941.337 265.236 0.728 5166
941.417 265.157 0.728 5166
941.457 265.077 0.728 5182
941.497 264.997 0.729 5199
941.538 264.878 0.729 5199
941.578 264.798 0.729 5199
941.618 264.719 0.730 5215
941.658 264.639 0.730 5215
941.698 264.560 0.730 5215
941.738 264.440 0.730 5231
941.778 264.361 0.731 5247
941.818 264.241 0.730 5247
941.858 264.161 0.731 5247
941.898 264.082 0.731 5263
941.938 263.962 0.731 5263
941.978 263.883 0.731 5280
941.978 263.803 0.731 5280
942.018 263.724 0.731 5280
942.058 263.644 0.731 5296
942.099 263.564 0.731 5296
942.139 263.485 0.731 5312
942.219 263.405 0.731 5312
942.259 263.325 0.731 5328
942.299 263.246 0.731 5328
942.339 263.126 0.732 5328
942.379 263.047 0.731 5344
942.419 262.967 0.732 5361
942.459 262.888 0.732 5361
942.499 262.808 0.731 5361
942.539 262.768 0.732 5377
942.539 262.689 0.732 5377
942.579 262.609 0.732 5377
942.619 262.529 0.732 5393
942.659 262.450 0.732 5409
942.699 262.370 0.732 5409
942.740 262.251 0.732 5409
942.820 262.131 0.732 5426
942.860 262.052 0.732 5442
942.900 261.972 0.732 5442
943.020 261.853 0.732 5442
943.020 261.773 0.732 5458
943.060 261.693 0.732 5458
943.100 261.614 0.732 5458
943.140 261.494 0.732 5474
943.180 261.415 0.732 5474
943.260 261.335 0.732 5491
943.300 261.255 0.732 5491
943.341 261.176 0.732 5507
943.381 261.096 0.732 5507
943.461 261.056 0.732 5523
943.461 260.977 0.732 5523
943.501 260.857 0.732 5523
943.541 260.778 0.732 5539
943.581 260.738 0.732 5539
943.621 260.658 0.732 5539
943.661 260.579 0.732 5556
943.661 260.539 0.732 5572
943.741 260.459 0.732 5572
943.741 260.380 0.732 5572
943.781 260.300 0.732 5588
943.821 260.220 0.733 5604
943.861 260.101 0.732 5604
943.901 260.021 0.733 5604
943.901 259.942 0.733 5620
943.942 259.862 0.733 5620
943.982 259.783 0.733 5620
944.022 259.703 0.733 5637
944.022 259.584 0.732 5653
944.062 259.504 0.733 5653
944.102 259.424 0.733 5653
944.142 259.345 0.732 5669
944.182 259.265 0.733 5669
944.222 259.185 0.732 5685
944.262 259.106 0.733 5685
944.302 259.026 0.732 5685
944.342 258.947 0.732 5702
944.422 258.867 0.733 5702
944.462 258.747 0.733 5718
944.503 258.668 0.733 5718
944.583 258.548 0.733 5734
944.623 258.429 0.733 5734
944.703 258.349 0.732 5734
944.743 258.230 0.733 5750
944.823 258.111 0.733 5767
944.863 258.031 0.732 5767
944.903 257.912 0.733 5767
944.943 257.792 0.733 5783
944.983 257.713 0.733 5783
945.063 257.593 0.733 5783
945.063 257.513 0.733 5799
945.104 257.434 0.733 5815
945.144 257.354 0.733 5815
945.184 257.235 0.733 5815
945.224 257.155 0.733 5831
945.304 257.036 0.733 5848
945.344 256.916 0.733 5848
945.424 256.797 0.733 5848
945.504 256.677 0.733 5864
945.544 256.558 0.733 5864
945.624 256.399 0.733 5864
945.704 256.319 0.733 5880
945.785 256.160 0.732 5880
945.825 256.041 0.733 5896
945.905 255.961 0.733 5896
945.945 255.881 0.733 5912
946.025 255.802 0.733 5912
946.065 255.682 0.733 5929
946.145 255.603 0.733 5929
946.185 255.483 0.733 5929
946.265 255.364 0.733 5945
946.306 255.244 0.733 5945
946.386 255.125 0.733 5945
946.466 254.966 0.733 5961
946.546 254.846 0.733 5977
946.586 254.727 0.733 5977
946.666 254.568 0.733 5977
946.746 254.448 0.733 5994
946.786 254.329 0.733 6010
946.826 254.209 0.733 6010
946.906 254.090 0.733 6010
946.987 254.010 0.733 6026
947.027 253.851 0.733 6026
947.107 253.732 0.733 6026
947.147 253.652 0.733 6042
947.267 253.533 0.733 6059
947.307 253.453 0.733 6059
947.387 253.334 0.733 6059
947.467 253.174 0.733 6075
947.548 253.055 0.733 6075
947.628 252.936 0.733 6091
947.708 252.816 0.733 6091
947.748 252.697 0.733 6091
947.828 252.617 0.733 6108
947.908 252.498 0.733 6108
947.948 252.378 0.733 6108
948.028 252.219 0.733 6124
948.109 252.100 0.733 6140
948.189 251.980 0.733 6140
948.229 251.821 0.733 6140
948.309 251.662 0.733 6156
948.349 251.502 0.733 6172
948.429 251.343 0.733 6172
948.509 251.224 0.733 6172
948.549 251.065 0.733 6189
948.629 250.945 0.733 6189
948.669 250.826 0.733 6189
948.750 250.666 0.733 6205
948.790 250.547 0.733 6221
948.870 250.388 0.733 6221
948.910 250.268 0.733 6221
948.990 250.109 0.733 6237
949.030 249.990 0.733 6237
949.110 249.830 0.733 6253
949.150 249.711 0.733 6253
949.230 249.592 0.733 6270
949.310 249.432 0.733 6270
949.351 249.273 0.733 6270
949.471 249.154 0.733 6286
949.511 248.994 0.733 6286
949.591 248.875 0.733 6302
949.631 248.756 0.733 6302
949.671 248.596 0.733 6302
949.751 248.477 0.733 6318
949.791 248.358 0.733 6334
949.831 248.238 0.733 6334
949.871 248.119 0.733 6334
949.952 247.959 0.733 6350
949.992 247.840 0.733 6350
950.072 247.721 0.733 6350
950.112 247.601 0.733 6366
950.152 247.482 0.733 6383
950.192 247.362 0.734 6383
950.272 247.283 0.733 6383
950.352 247.163 0.734 6399
950.392 247.084 0.734 6399
950.472 246.924 0.733 6415
950.553 246.845 0.734 6415
950.593 246.765 0.733 6415
950.673 246.646 0.733 6431
950.713 246.566 0.734 6448
950.793 246.487 0.733 6448
950.873 246.407 0.734 6448
950.953 246.288 0.734 6464
950.993 246.208 0.734 6464
951.033 246.088 0.734 6464
951.073 245.969 0.734 6480
951.154 245.889 0.734 6496
951.194 245.770 0.733 6496
951.234 245.690 0.733 6496
951.274 245.571 0.733 6513
951.314 245.491 0.734 6529
951.394 245.372 0.733 6529
951.434 245.252 0.733 6529
951.514 245.173 0.733 6545
951.594 245.053 0.733 6545
951.674 244.934 0.734 6545
951.715 244.815 0.733 6561
951.795 244.655 0.733 6561
951.875 244.576 0.733 6578
951.915 244.496 0.734 6578
951.995 244.377 0.733 6594
952.035 244.297 0.734 6594
952.075 244.217 0.734 6610
952.115 244.138 0.734 6610
952.155 244.018 0.734 6610
952.235 243.939 0.734 6626
952.275 243.819 0.735 6626
952.356 243.740 0.734 6626
952.396 243.620 0.733 6643
952.476 243.501 0.735 6659
952.556 243.381 0.735 6659
952.596 243.262 0.735 6659
952.636 243.143 0.735 6675
952.716 243.023 0.735 6691
952.756 242.904 0.736 6691
952.796 242.824 0.736 6691
952.876 242.705 0.736 6708
952.917 242.625 0.736 6708
952.997 242.506 0.736 6708
953.077 242.426 0.736 6724
953.157 242.307 0.736 6740
953.237 242.227 0.736 6740
953.317 242.147 0.736 6740
953.437 242.068 0.736 6756
953.518 241.988 0.736 6756
953.558 241.909 0.737 6772
953.638 241.789 0.738 6772
953.678 241.710 0.739 6772
953.758 241.590 0.740 6789
953.798 241.511 0.741 6805
953.918 241.391 0.743 6805
953.998 241.311 0.744 6805
954.078 241.192 0.745 6821
954.119 241.112 0.746 6821
954.199 240.993 0.747 6821
954.279 240.874 0.747 6837
954.359 240.794 0.747 6854
954.439 240.675 0.748 6854
954.479 240.555 0.748 6854
954.559 240.396 0.748 6870
954.639 240.276 0.748 6870
954.719 240.157 0.750 6886
954.800 239.998 0.750 6886
954.880 239.839 0.753 6886
954.920 239.719 0.754 6902
955.000 239.600 0.757 6902
955.040 239.520 0.758 6918
955.080 239.440 0.759 6918
955.160 239.321 0.759 6934
955.200 239.241 0.760 6934
955.240 239.122 0.759 6934
955.281 239.003 0.760 6950
955.361 238.883 0.761 6967
955.401 238.764 0.761 6967
955.481 238.684 0.762 6967
955.521 238.525 0.762 6983
955.641 238.405 0.763 6983
955.721 238.286 0.762 6983
955.801 238.127 0.763 6999
955.881 238.007 0.763 7015
955.962 237.848 0.764 7015
956.042 237.689 0.765 7015
956.122 237.569 0.764 7032
956.242 237.450 0.765 7048
956.322 237.331 0.765 7048
956.402 237.211 0.766 7048
956.482 237.092 0.767 7064
956.523 236.972 0.767 7064
956.603 236.853 0.767 7064
956.643 236.733 0.768 7080
956.723 236.614 0.768 7096
956.803 236.495 0.768 7096
956.843 236.335 0.769 7096
956.923 236.216 0.769 7113
956.963 236.136 0.770 7113
957.043 236.017 0.771 7129
957.124 235.898 0.772 7129
957.204 235.778 0.772 7129
957.244 235.659 0.773 7145
957.324 235.539 0.773 7145
957.404 235.380 0.774 7145
957.484 235.261 0.774 7161
957.564 235.181 0.775 7178
957.604 235.062 0.776 7178
957.684 234.942 0.776 7178
957.765 234.823 0.776 7194
957.845 234.703 0.777 7210
957.925 234.584 0.776 7210
958.005 234.425 0.777 7210
958.085 234.265 0.777 7226
958.165 234.146 0.777 7226
958.245 234.027 0.778 7226
958.326 233.907 0.778 7243
958.406 233.788 0.780 7259
958.486 233.668 0.781 7259
958.566 233.589 0.782 7259
958.646 233.469 0.783 7275
958.686 233.350 0.783 7275
958.766 233.230 0.783 7291
958.846 233.071 0.784 7291
958.927 232.992 0.784 7291
959.007 232.872 0.784 7307
959.087 232.753 0.784 7307
959.167 232.633 0.785 7324
959.247 232.514 0.785 7324
959.327 232.394 0.785 7340
959.407 232.315 0.785 7340
959.487 232.195 0.785 7340
959.568 232.076 0.786 7356
959.648 231.996 0.786 7372
959.728 231.877 0.786 7372
959.808 231.757 0.787 7372
959.888 231.638 0.786 7388
959.968 231.519 0.787 7405
960.048 231.399 0.787 7405
960.129 231.280 0.787 7405
960.209 231.160 0.787 7421
960.329 231.041 0.787 7421
960.409 230.961 0.787 7421
960.489 230.842 0.788 7437
960.569 230.683 0.788 7437
960.649 230.603 0.788 7453
960.730 230.484 0.789 7453
960.890 230.364 0.789 7469
960.970 230.245 0.790 7469
961.090 230.086 0.791 7485
961.170 229.966 0.792 7485
961.290 229.807 0.793 7485
961.371 229.687 0.795 7502
961.451 229.568 0.796 7502
961.531 229.449 0.798 7502
961.651 229.369 0.799 7518
961.731 229.250 0.800 7534
961.811 229.130 0.801 7534
961.892 229.051 0.801 7534
961.972 228.931 0.802 7550
962.052 228.851 0.802 7566
962.132 228.732 0.802 7566
962.252 228.613 0.803 7566
962.332 228.533 0.803 7582
962.452 228.374 0.803 7582
962.573 228.254 0.803 7582
962.653 228.175 0.803 7598
962.773 228.055 0.803 7615
962.893 227.936 0.804 7615
962.973 227.816 0.804 7615
963.094 227.737 0.804 7631
963.174 227.617 0.804 7631
963.294 227.538 0.805 7647
963.374 227.458 0.805 7647
963.454 227.339 0.805 7647
963.534 227.259 0.806 7664
963.614 227.180 0.806 7680
963.695 227.100 0.806 7680
963.815 227.020 0.806 7680
963.895 226.901 0.807 7696
964.015 226.821 0.807 7696
964.135 226.702 0.807 7696
964.295 226.582 0.808 7712
964.416 226.463 0.808 7728
964.536 226.344 0.808 7728
964.616 226.224 0.809 7728
964.736 226.065 0.809 7745
964.816 225.985 0.810 7761
964.896 225.866 0.811 7761
964.977 225.746 0.812 7761
965.097 225.627 0.814 7777
965.177 225.547 0.815 7777
965.297 225.428 0.816 7777
965.417 225.348 0.817 7793
965.498 225.229 0.818 7793
965.618 225.149 0.819 7810
965.738 225.070 0.820 7810
965.858 224.950 0.820 7810
965.978 224.871 0.820 7826
966.099 224.791 0.821 7842
966.259 224.711 0.821 7842
966.379 224.632 0.822 7842
966.499 224.552 0.822 7858
966.579 224.473 0.822 7858
966.700 224.393 0.822 7858
966.780 224.313 0.822 7875
966.900 224.234 0.823 7891
967.020 224.154 0.823 7891
967.100 224.035 0.823 7891
967.220 223.955 0.824 7907
967.341 223.836 0.825 7923
967.461 223.716 0.825 7923
967.581 223.637 0.825 7923
967.701 223.557 0.826 7940
967.821 223.477 0.825 7940
967.942 223.398 0.826 7940
968.062 223.318 0.826 7956
968.222 223.238 0.826 7956
968.342 223.159 0.827 7972
968.462 223.039 0.828 7972
968.583 222.960 0.829 7988
968.703 222.880 0.830 7988
968.823 222.801 0.831 8005
968.903 222.721 0.832 8005
969.063 222.641 0.834 8005
969.184 222.562 0.834 8021
969.304 222.482 0.835 8021
969.424 222.402 0.836 8037
969.544 222.323 0.837 8037
969.664 222.283 0.837 8053
969.785 222.243 0.837 8053
969.905 222.164 0.837 8053
970.025 222.124 0.837 8069
970.145 222.084 0.838 8085
970.265 222.004 0.837 8085
970.426 221.965 0.838 8085
970.586 221.925 0.838 8102
970.746 221.845 0.838 8102
970.866 221.805 0.838 8102
971.027 221.726 0.839 8118
971.187 221.646 0.838 8134
971.307 221.606 0.839 8134
971.427 221.487 0.839 8134
971.548 221.447 0.840 8150
971.668 221.367 0.840 8167
971.788 221.328 0.840 8167
971.868 221.288 0.841 8167
971.988 221.248 0.842 8183
972.149 221.208 0.841 8183
972.309 221.168 0.842 8183
972.469 221.089 0.842 8199
972.589 221.049 0.842 8199
972.790 221.009 0.842 8215
972.950 220.930 0.843 8215
973.070 220.890 0.842 8232
973.190 220.810 0.843 8232
973.311 220.770 0.843 8248
973.431 220.731 0.843 8248
973.551 220.651 0.844 8248
973.671 220.611 0.844 8264
973.791 220.571 0.845 8264
973.871 220.531 0.845 8264
973.992 220.531 0.845 8280
974.072 220.492 0.846 8296
974.152 220.452 0.846 8296
974.272 220.452 0.845 8296
974.352 220.412 0.846 8313
974.472 220.412 0.846 8329
974.593 220.372 0.845 8329
974.713 220.332 0.846 8329
974.873 220.332 0.846 8345
974.953 220.293 0.846 8345
975.073 220.253 0.847 8345
975.154 220.213 0.847 8361
975.234 220.213 0.847 8378
975.314 220.173 0.847 8378
975.474 220.133 0.847 8378
975.554 220.133 0.848 8394
975.634 220.094 0.848 8394
975.714 220.054 0.848 8410
975.835 220.014 0.848 8410
975.915 220.014 0.849 8410
976.035 219.974 0.849 8426
976.155 219.934 0.849 8426
976.235 219.934 0.850 8426
976.356 219.934 0.850 8443
976.436 219.895 0.850 8459
976.556 219.895 0.850 8459
976.636 219.895 0.850 8459
976.716 219.895 0.850 8475
976.836 219.895 0.850 8491
976.917 219.895 0.850 8491
977.037 219.895 0.851 8491
977.157 219.895 0.851 8507
977.277 219.895 0.851 8507
977.397 219.855 0.851 8507
977.518 219.855 0.851 8523
977.638 219.815 0.852 8539
977.718 219.815 0.852 8539
977.798 219.775 0.852 8539
977.878 219.735 0.852 8556
977.998 219.735 0.852 8572
978.078 219.696 0.852 8572
978.159 219.696 0.852 8572
978.279 219.696 0.852 8588
978.359 219.656 0.852 8588
978.439 219.656 0.853 8588
978.519 219.616 0.853 8604
978.599 219.616 0.852 8604
978.719 219.616 0.853 8620
978.800 219.576 0.852 8620
978.920 219.576 0.853 8636
979.000 219.536 0.853 8636
979.080 219.536 0.853 8653
979.160 219.497 0.853 8653
979.240 219.457 0.853 8653
979.280 219.457 0.853 8669
979.361 219.417 0.853 8669
979.401 219.417 0.853 8669
979.481 219.417 0.853 8685
979.561 219.417 0.853 8701
979.601 219.417 0.853 8701
979.681 219.377 0.853 8701
979.721 219.377 0.853 8718
979.801 219.377 0.853 8734
979.882 219.377 0.853 8734
979.962 219.377 0.854 8734
980.002 219.377 0.853 8750
980.082 219.377 0.854 8750
980.122 219.377 0.854 8750
980.202 219.337 0.854 8766
980.242 219.337 0.854 8782
980.282 219.337 0.854 8782
980.322 219.337 0.854 8782
980.362 219.337 0.854 8798
980.442 219.297 0.854 8798
980.482 219.297 0.854 8815
980.603 219.297 0.854 8831
980.643 219.297 0.854 8831
980.643 219.297 0.855 8831
980.683 219.297 0.855 8847
980.723 219.297 0.855 8863
980.723 219.297 0.856 8879
980.723 219.258 0.855 8879
980.723 219.258 0.856 8895
980.723 219.258 0.857 8912
980.683 219.258 0.857 8912
980.683 219.258 0.858 8928
980.643 219.258 0.860 8944
980.643 219.258 0.862 8944
980.643 219.258 0.864 8944
980.643 219.258 0.865 8960
980.643 219.258 0.866 8976
980.643 219.258 0.867 8976
980.603 219.258 0.868 8993
980.603 219.377 0.870 8993
980.563 219.497 0.870 8993
980.523 219.616 0.872 9009
980.482 219.735 0.873 9009
980.442 219.855 0.873 9025
980.402 219.974 0.873 9025
980.322 220.094 0.874 9025
980.282 220.213 0.874 9041
980.242 220.332 0.875 9058
980.202 220.412 0.875 9058
980.122 220.531 0.875 9058
980.082 220.651 0.875 9074
980.042 220.770 0.875 9091
979.962 220.890 0.875 9091
979.922 221.009 0.875 9091
979.841 221.168 0.875 9107
979.801 221.288 0.875 9107
979.761 221.447 0.875 9107
979.681 221.606 0.875 9123
979.561 221.726 0.876 9139
979.521 221.845 0.876 9139
979.441 222.004 0.876 9139
979.401 222.124 0.876 9156
979.321 222.283 0.876 9156
979.280 222.402 0.876 9172
979.200 222.522 0.876 9172
979.160 222.641 0.876 9172
979.120 222.761 0.876 9188
979.040 222.880 0.876 9188
979.000 222.960 0.875 9204
978.960 223.079 0.876 9204
978.880 223.199 0.876 9221
978.840 223.318 0.876 9221
978.760 223.398 0.875 9221
978.719 223.517 0.876 9237
978.679 223.637 0.876 9253
978.599 223.756 0.876 9253
978.559 223.875 0.876 9253
978.479 223.955 0.876 9269
978.479 224.074 0.877 9269
978.399 224.154 0.876 9269
978.399 224.234 0.876 9285
978.359 224.353 0.877 9302
978.319 224.473 0.876 9302
978.279 224.552 0.877 9302
978.199 224.672 0.877 9318
978.119 224.751 0.876 9318
978.078 224.871 0.876 9334
978.038 224.950 0.877 9334
977.998 225.030 0.876 9350
977.918 225.149 0.877 9350
977.878 225.229 0.877 9350
977.838 225.348 0.876 9366
977.798 225.468 0.877 9366
977.758 225.587 0.877 9382
977.718 225.667 0.877 9382
977.678 225.826 0.877 9399
977.638 225.945 0.876 9399
977.558 226.105 0.877 9415
977.518 226.184 0.877 9415
977.477 226.304 0.877 9415
977.437 226.423 0.877 9431
977.357 226.543 0.877 9431
977.317 226.662 0.877 9431
977.277 226.781 0.877 9447
977.197 226.901 0.877 9464
977.117 227.060 0.877 9464
977.037 227.180 0.877 9464
976.997 227.339 0.877 9480
976.917 227.458 0.877 9496
976.836 227.617 0.877 9496
976.796 227.737 0.877 9496
976.756 227.856 0.877 9512
976.716 227.976 0.877 9512
976.636 228.095 0.877 9512
976.596 228.254 0.877 9529
976.556 228.414 0.877 9545
976.476 228.573 0.877 9545
976.436 228.692 0.876 9545
976.396 228.851 0.877 9561
976.316 228.971 0.877 9561
976.276 229.090 0.877 9577
976.235 229.210 0.877 9577
976.155 229.289 0.877 9577
976.155 229.369 0.878 9594
976.115 229.488 0.877 9594
976.075 229.568 0.877 9594
976.035 229.648 0.877 9610
976.035 229.727 0.876 9626
975.995 229.807 0.877 9626
975.955 229.926 0.877 9626
975.915 230.006 0.877 9643
975.875 230.125 0.877 9659
975.835 230.205 0.877 9659
975.755 230.324 0.877 9659
975.674 230.444 0.877 9675
975.594 230.643 0.877 9675
975.514 230.762 0.877 9675
975.434 230.882 0.877 9691
975.394 231.041 0.877 9708
975.354 231.160 0.877 9708
975.274 231.320 0.878 9708
975.234 231.439 0.877 9724
975.194 231.558 0.877 9724
975.154 231.718 0.878 9740
975.114 231.837 0.877 9740
975.073 231.956 0.877 9740
975.033 232.076 0.877 9756
974.953 232.156 0.876 9756
974.953 232.275 0.877 9773
974.913 232.394 0.877 9773
974.913 232.474 0.877 9789
974.873 232.554 0.877 9789
974.833 232.673 0.876 9789
974.793 232.753 0.877 9805
974.753 232.872 0.877 9822
974.673 233.031 0.877 9822
974.633 233.151 0.877 9822
974.553 233.270 0.878 9838
974.472 233.429 0.877 9838
974.392 233.549 0.877 9838
974.352 233.668 0.878 9854
974.272 233.788 0.877 9871
974.232 233.947 0.877 9871
974.192 234.027 0.877 9871
974.152 234.146 0.877 9887
974.112 234.265 0.877 9887
974.072 234.385 0.877 9903
974.032 234.504 0.877 9903
973.992 234.624 0.878 9903
973.952 234.743 0.877 9920
973.911 234.863 0.877 9936
973.831 235.022 0.878 9936
973.791 235.141 0.877 9936
973.751 235.340 0.877 9952
973.631 235.460 0.877 9952
973.591 235.619 0.877 9952
973.551 235.738 0.878 9969
973.511 235.898 0.877 9985
973.471 236.017 0.877 9985
973.431 236.176 0.878 9985
973.391 236.296 0.877 10001
973.351 236.415 0.877 10018
973.351 236.574 0.877 10018
973.311 236.694 0.877 10018
973.271 236.813 0.877 10034
973.230 236.933 0.877 10034
973.230 237.052 0.877 10034
973.150 237.211 0.876 10050
973.150 237.331 0.877 10050
973.110 237.450 0.877 10067
973.070 237.649 0.877 10067
973.030 237.808 0.877 10067
972.990 237.928 0.877 10083
972.950 238.087 0.877 10099
972.910 238.286 0.877 10099
972.870 238.445 0.877 10099
972.790 238.644 0.876 10116
972.750 238.804 0.877 10116
972.709 238.963 0.877 10116
972.669 239.122 0.877 10132
972.629 239.281 0.877 10148
972.589 239.440 0.877 10148
972.549 239.560 0.877 10148
972.509 239.719 0.877 10165
972.429 239.918 0.877 10181
972.389 240.038 0.877 10181
972.349 240.197 0.877 10181
972.309 240.316 0.877 10197
972.269 240.436 0.877 10197
972.269 240.555 0.876 10197
972.189 240.675 0.877 10214
972.189 240.794 0.877 10214
972.108 240.913 0.877 10230
972.028 241.033 0.877 10230
971.948 241.152 0.877 10246
971.868 241.272 0.877 10246
971.828 241.431 0.877 10262
971.748 241.550 0.877 10262
971.668 241.670 0.877 10262
971.628 241.789 0.878 10278
971.548 241.909 0.877 10278
971.508 241.988 0.878 10278
971.467 242.068 0.877 10295
971.427 242.227 0.877 10311
971.347 242.307 0.878 10311
971.307 242.386 0.878 10311
971.267 242.506 0.877 10328
971.227 242.585 0.877 10344
971.147 242.705 0.877 10344
971.107 242.784 0.878 10344
971.067 242.904 0.878 10360
971.027 242.983 0.877 10360
970.947 243.063 0.877 10360
970.906 243.182 0.878 10377
970.866 243.262 0.877 10393
970.786 243.342 0.878 10393
970.786 243.421 0.877 10393
970.746 243.541 0.877 10409
970.706 243.620 0.878 10409
970.666 243.740 0.877 10425
970.626 243.859 0.877 10425
970.586 243.939 0.878 10425
970.506 244.058 0.878 10442
970.466 244.138 0.878 10442
970.426 244.217 0.878 10442
970.386 244.297 0.877 10458
970.346 244.417 0.878 10474
970.306 244.536 0.878 10474
970.265 244.616 0.877 10474
970.225 244.695 0.877 10491
970.185 244.815 0.878 10507
970.145 244.894 0.876 10507
970.105 244.974 0.878 10507
970.065 245.053 0.877 10524
970.025 245.133 0.878 10524
969.945 245.252 0.878 10524
969.905 245.332 0.878 10540
969.865 245.452 0.877 10556
969.865 245.571 0.878 10556
969.865 245.651 0.877 10556
969.825 245.770 0.878 10572
969.785 245.850 0.878 10572
969.745 245.969 0.877 10589
969.745 246.088 0.877 10589
969.705 246.208 0.877 10589
969.664 246.327 0.877 10605
969.664 246.447 0.877 10605
969.624 246.566 0.877 10621
969.584 246.686 0.877 10621
969.544 246.845 0.877 10637
969.504 246.964 0.877 10637
969.504 247.044 0.878 10637
969.464 247.163 0.877 10654
969.384 247.243 0.877 10670
969.344 247.362 0.878 10670
969.304 247.522 0.878 10670
969.264 247.641 0.877 10686
969.224 247.760 0.877 10686
969.184 247.920 0.878 10686
969.144 248.039 0.877 10703
969.103 248.159 0.878 10719
969.023 248.278 0.877 10719
968.983 248.358 0.877 10719
968.943 248.477 0.878 10735
968.903 248.557 0.878 10735
968.863 248.676 0.877 10751
968.823 248.795 0.878 10751
968.783 248.915 0.877 10768
968.743 249.114 0.877 10768
968.703 249.233 0.878 10768
968.623 249.393 0.877 10784
968.583 249.552 0.878 10784
968.543 249.671 0.877 10800
968.503 249.830 0.877 10800
968.422 249.950 0.878 10800
968.382 250.069 0.878 10817
968.342 250.229 0.877 10833
968.262 250.348 0.878 10833
968.182 250.467 0.878 10833
968.102 250.587 0.878 10850
968.062 250.706 0.878 10850
968.022 250.826 0.877 10850
967.982 250.985 0.878 10866
967.942 251.065 0.878 10882
967.901 251.184 0.878 10882
967.861 251.343 0.878 10882
967.821 251.502 0.878 10898
967.781 251.582 0.877 10915
967.701 251.741 0.878 10915
967.661 251.861 0.878 10915
967.621 251.980 0.878 10931
967.541 252.100 0.878 10931
967.501 252.219 0.877 10931
967.461 252.378 0.877 10947
967.381 252.498 0.878 10947
967.341 252.617 0.877 10963
967.300 252.736 0.878 10963
967.260 252.856 0.878 10963
967.220 252.975 0.878 10979
967.180 253.095 0.877 10996
967.140 253.214 0.878 10996
967.140 253.334 0.878 10996
967.060 253.453 0.878 11012
967.020 253.572 0.878 11012
966.980 253.771 0.877 11012
966.940 253.891 0.877 11028
966.860 254.050 0.878 11045
966.820 254.209 0.877 11045
966.780 254.329 0.878 11045
966.700 254.488 0.878 11061
966.659 254.607 0.878 11061
966.619 254.767 0.878 11077
966.579 254.926 0.877 11077
966.539 255.045 0.878 11094
966.499 255.205 0.878 11094
966.459 255.364 0.877 11094
966.419 255.483 0.878 11110
966.339 255.642 0.878 11110
966.299 255.762 0.877 11126
966.259 255.921 0.877 11126
966.219 256.080 0.878 11143
966.179 256.200 0.877 11143
966.139 256.359 0.878 11159
966.099 256.478 0.878 11159
966.058 256.638 0.878 11159
965.978 256.757 0.878 11175
965.938 256.916 0.878 11175
965.898 257.036 0.877 11175
965.818 257.195 0.878 11191
965.778 257.314 0.878 11208
965.738 257.434 0.878 11208
965.698 257.553 0.878 11208
965.658 257.673 0.878 11224
965.578 257.792 0.878 11240
965.498 257.912 0.878 11240
965.457 258.031 0.878 11240
965.417 258.150 0.878 11256
965.337 258.349 0.878 11256
965.297 258.469 0.878 11256
965.257 258.628 0.878 11273
965.177 258.747 0.878 11273
965.137 258.867 0.878 11289
965.097 258.986 0.878 11289
965.057 259.146 0.878 11305
965.017 259.265 0.878 11305
964.977 259.384 0.878 11321
964.937 259.504 0.878 11321
964.896 259.663 0.878 11321
964.816 259.783 0.877 11338
964.776 259.902 0.878 11338
964.736 260.021 0.878 11338
964.656 260.141 0.878 11354
964.616 260.300 0.878 11370
964.576 260.419 0.878 11370
964.496 260.579 0.878 11370
964.456 260.738 0.878 11386
964.416 260.857 0.878 11402
964.376 260.977 0.878 11402
964.336 261.136 0.878 11402
964.295 261.255 0.878 11418
964.295 261.375 0.877 11418
964.255 261.494 0.878 11418
964.215 261.614 0.878 11435
964.175 261.733 0.878 11451
964.135 261.892 0.878 11451
964.095 262.012 0.878 11451
964.015 262.131 0.877 11467
963.975 262.290 0.878 11467
963.935 262.410 0.878 11483
963.895 262.529 0.878 11483
963.855 262.649 0.878 11499
963.775 262.768 0.878 11499
963.735 262.927 0.878 11499
963.695 263.126 0.878 11515
963.654 263.286 0.878 11515
963.574 263.405 0.878 11532
963.534 263.564 0.878 11532
963.494 263.684 0.878 11532
963.454 263.843 0.878 11548
963.414 263.962 0.878 11564
963.334 264.082 0.878 11564
963.294 264.201 0.878 11564
963.254 264.321 0.878 11580
963.214 264.440 0.878 11596
963.174 264.599 0.878 11596
963.094 264.719 0.878 11596
963.053 264.838 0.878 11612
962.973 264.958 0.878 11612
962.933 265.077 0.878 11612
962.853 265.196 0.878 11628
962.813 265.396 0.878 11645
962.733 265.515 0.878 11645
962.653 265.634 0.878 11645
962.613 265.794 0.878 11661
962.573 265.913 0.878 11661
962.492 266.072 0.878 11677
962.412 266.232 0.878 11677
962.332 266.391 0.878 11677
962.252 266.550 0.878 11693
962.172 266.709 0.878 11693
962.132 266.868 0.878 11709
962.052 267.028 0.878 11709
962.012 267.147 0.878 11726
961.972 267.267 0.878 11726
961.932 267.386 0.878 11726
961.892 267.505 0.878 11742
961.851 267.704 0.878 11758
961.811 267.824 0.878 11758
961.771 267.943 0.878 11758
961.691 268.102 0.878 11774
961.651 268.262 0.878 11774
961.571 268.381 0.878 11774
961.531 268.540 0.878 11790
961.491 268.700 0.878 11807
961.411 268.859 0.878 11807
961.371 269.018 0.878 11807
961.331 269.177 0.877 11823
961.250 269.337 0.878 11823
961.210 269.456 0.878 11839
961.170 269.615 0.878 11839
961.130 269.774 0.878 11855
961.090 269.973 0.878 11855
961.050 270.093 0.877 11855
961.010 270.252 0.878 11871
960.970 270.411 0.878 11871
960.890 270.571 0.877 11888
960.810 270.730 0.878 11888
960.770 270.889 0.878 11888
960.730 271.048 0.878 11904
960.689 271.208 0.878 11920
960.649 271.407 0.877 11920
960.609 271.566 0.878 11920
960.569 271.725 0.878 11937
960.529 271.884 0.878 11937
960.489 272.043 0.878 11937
960.489 272.163 0.878 11953
960.449 272.362 0.877 11969
960.409 272.481 0.878 11969
960.369 272.601 0.878 11969
960.329 272.760 0.877 11986
960.289 272.879 0.878 12002
960.249 273.039 0.878 12002
960.209 273.198 0.878 12002
960.169 273.357 0.878 12018
960.089 273.556 0.878 12018
960.048 273.715 0.878 12018
960.008 273.875 0.878 12034
959.928 274.034 0.878 12034
959.888 274.153 0.878 12050
959.848 274.313 0.878 12050
959.808 274.432 0.878 12067
959.768 274.551 0.878 12067
959.768 274.671 0.878 12083
959.728 274.790 0.878 12083
959.688 274.910 0.878 12083
959.648 275.029 0.878 12099
959.648 275.109 0.878 12099
959.608 275.228 0.878 12099
959.568 275.348 0.878 12115
959.568 275.467 0.878 12132
959.528 275.586 0.878 12132
959.487 275.746 0.877 12132
959.447 275.905 0.878 12148
959.407 276.024 0.878 12164
959.367 276.184 0.878 12164
959.327 276.303 0.878 12164
959.247 276.422 0.878 12180
959.207 276.542 0.878 12180
959.207 276.661 0.878 12180
959.167 276.741 0.878 12196
959.127 276.860 0.878 12213
959.127 276.980 0.878 12213
959.087 277.099 0.878 12213
959.047 277.179 0.878 12229
959.047 277.298 0.878 12229
959.007 277.378 0.878 12245
958.967 277.457 0.878 12245
958.967 277.577 0.878 12245
958.927 277.656 0.878 12262
958.887 277.736 0.878 12262
958.887 277.856 0.878 12278
958.846 277.975 0.878 12278
958.806 278.094 0.878 12294
958.766 278.174 0.878 12294
958.766 278.293 0.878 12294
958.726 278.413 0.878 12310
958.726 278.532 0.878 12327
958.686 278.612 0.878 12327
958.646 278.691 0.878 12327
958.646 278.811 0.878 12343
958.606 278.891 0.878 12343
958.566 278.970 0.878 12343
958.526 279.090 0.878 12359
958.526 279.169 0.878 12375
958.486 279.289 0.878 12375
958.486 279.408 0.878 12375
958.446 279.488 0.878 12391
958.406 279.567 0.878 12407
958.406 279.687 0.878 12407
958.406 279.806 0.878 12407
958.366 279.926 0.878 12423
958.366 280.005 0.878 12423
958.366 280.085 0.878 12423
958.366 280.164 0.878 12440
958.366 280.284 0.878 12440
958.326 280.363 0.878 12456
958.326 280.443 0.878 12456
958.285 280.563 0.878 12456
958.285 280.682 0.878 12472
958.245 280.801 0.878 12488
958.245 280.921 0.878 12488
958.245 281.040 0.878 12488
958.205 281.160 0.877 12504
958.205 281.279 0.877 12520
958.205 281.438 0.878 12520
958.165 281.597 0.878 12520
958.165 281.717 0.878 12536
958.165 281.836 0.878 12536
958.165 281.916 0.878 12536
958.165 282.035 0.878 12552
958.165 282.155 0.878 12552
958.205 282.274 0.877 12568
958.205 282.354 0.877 12568
958.205 282.473 0.877 12585
958.245 282.593 0.877 12585
958.245 282.672 0.877 12601
958.245 282.792 0.877 12601
958.285 282.911 0.877 12601
958.285 282.991 0.877 12617
958.285 283.110 0.877 12617
958.285 283.230 0.877 12617
958.285 283.309 0.878 12633
958.326 283.429 0.877 12649
958.326 283.508 0.878 12649
958.326 283.628 0.878 12649
958.366 283.747 0.877 12666
958.366 283.827 0.877 12682
958.326 283.986 0.877 12682
958.326 284.066 0.878 12682
958.326 284.185 0.877 12698
958.366 284.265 0.877 12698
958.366 284.344 0.877 12698
958.366 284.424 0.877 12714
958.366 284.543 0.877 12731
958.406 284.623 0.877 12731
958.406 284.742 0.877 12731
958.406 284.862 0.877 12747
958.406 284.941 0.878 12747
958.446 285.021 0.877 12763
958.446 285.101 0.877 12763
958.446 285.180 0.878 12763
958.486 285.260 0.877 12779
958.486 285.339 0.877 12779
958.526 285.379 0.877 12795
958.526 285.459 0.877 12795
958.526 285.539 0.877 12811
958.566 285.618 0.878 12811
958.566 285.658 0.877 12811
958.606 285.738 0.877 12828
958.606 285.817 0.877 12844
958.606 285.897 0.877 12844
958.646 285.937 0.877 12844
958.646 286.016 0.877 12861
958.686 286.056 0.877 12861
958.726 286.136 0.877 12877
958.726 286.215 0.877 12877
958.766 286.255 0.877 12893
958.806 286.335 0.877 12893
958.846 286.414 0.877 12893
958.887 286.494 0.877 12909
958.887 286.573 0.877 12909
958.927 286.653 0.877 12925
958.967 286.693 0.877 12925
959.007 286.773 0.876 12925
959.047 286.852 0.876 12941
959.087 286.892 0.877 12957
959.167 286.972 0.876 12957
959.207 287.051 0.876 12957
959.247 287.171 0.876 12974
959.327 287.250 0.876 12974
959.367 287.330 0.877 12974
959.447 287.449 0.877 12990
959.487 287.529 0.876 13006
959.568 287.648 0.877 13006
959.648 287.768 0.877 13006
959.688 287.887 0.876 13022
959.768 287.967 0.877 13039
959.808 288.086 0.877 13039
959.848 288.126 0.876 13039
959.968 288.206 0.877 13055
960.008 288.285 0.877 13055
960.048 288.325 0.876 13055
960.129 288.365 0.877 13071
960.169 288.445 0.876 13087
960.209 288.524 0.876 13087
960.289 288.604 0.876 13087
960.369 288.644 0.876 13104
960.449 288.723 0.876 13104
960.529 288.763 0.876 13120
960.649 288.843 0.876 13120
960.730 288.843 0.876 13120
960.850 288.882 0.875 13136
960.970 288.882 0.875 13136
961.050 288.882 0.875 13153
961.090 288.882 0.875 13153
961.210 288.882 0.875 13169
961.371 288.882 0.875 13169
961.491 288.882 0.875 13169
961.651 288.882 0.876 13185
961.771 288.882 0.876 13201
961.851 288.843 0.876 13201
961.972 288.843 0.876 13201
962.052 288.843 0.876 13217
962.172 288.803 0.876 13217
962.292 288.803 0.876 13217
962.452 288.763 0.876 13234
962.613 288.683 0.876 13250
962.773 288.604 0.876 13250
962.973 288.524 0.876 13250
963.134 288.365 0.876 13266
963.334 288.245 0.877 13266
963.534 288.126 0.876 13283
963.775 288.007 0.876 13283
963.935 287.927 0.877 13283
964.095 287.847 0.876 13299
964.295 287.768 0.877 13299
964.456 287.728 0.877 13315
964.616 287.648 0.876 13315
964.816 287.569 0.877 13331
964.977 287.449 0.877 13331
965.177 287.290 0.877 13331
965.377 287.131 0.877 13347
965.618 286.972 0.877 13363
965.818 286.812 0.877 13363
966.018 286.653 0.877 13363
966.259 286.494 0.877 13380
966.419 286.335 0.877 13380
966.659 286.215 0.877 13380
966.860 286.056 0.877 13396
967.100 285.937 0.877 13412
967.300 285.817 0.878 13412
967.541 285.658 0.877 13412
967.781 285.539 0.877 13428
968.022 285.379 0.878 13444
968.302 285.180 0.877 13444
968.543 285.021 0.878 13444
968.823 284.782 0.877 13461
969.103 284.623 0.878 13461
969.344 284.424 0.878 13461
969.624 284.265 0.878 13477
969.865 284.105 0.877 13477
970.105 283.986 0.878 13493
970.306 283.827 0.878 13493
970.546 283.628 0.878 13493
970.746 283.469 0.878 13509
970.987 283.309 0.878 13525
971.227 283.110 0.878 13525
971.508 282.911 0.878 13525
971.788 282.672 0.878 13542
972.108 282.473 0.878 13542
972.429 282.234 0.878 13542
972.750 281.996 0.878 13558
973.070 281.757 0.878 13574
973.351 281.558 0.878 13574
973.631 281.319 0.878 13574
973.911 281.120 0.877 13590
974.192 280.961 0.877 13607
974.432 280.801 0.876 13607
974.673 280.642 0.876 13607
974.913 280.523 0.875 13623
975.154 280.363 0.874 13623
975.354 280.244 0.873 13639
975.594 280.085 0.870 13639
975.835 279.926 0.868 13639
976.075 279.727 0.866 13655
976.356 279.488 0.860 13655
976.636 279.249 0.854 13655
976.917 278.891 0.845 13671
977.237 278.532 0.832 13687
977.598 278.174 0.813 13687
977.958 277.816 0.785 13687
978.439 277.378 0.749 13703
978.920 276.900 0.712 13720
979.441 276.343 0.668 13720
979.962 275.785 0.622 13720
980.523 275.228 0.572 13736
981.124 274.631 0.517 13736
981.644 274.034 0.463 13736
982.165 273.477 0.407 13752
982.646 272.959 0.326 13768
983.127 272.442 0.206 13768

% x_coordinate y_coordinate pressure time
% shape 1, 404 points
928.155 261.017 0.014 0
928.195 261.017 0.107 0
928.195 261.017 0.160 1
928.195 261.017 0.200 16
928.195 261.017 0.232 16
928.195 261.017 0.254 32
928.195 261.017 0.279 32
928.195 261.017 0.303 33
928.195 261.017 0.324 48
928.195 261.017 0.342 48
928.195 261.017 0.361 64
928.195 261.017 0.379 64
928.195 261.017 0.396 80
928.195 261.017 0.416 80
928.195 261.017 0.434 80
928.235 261.017 0.449 97
928.275 261.017 0.467 114
928.356 261.017 0.484 114
928.396 261.017 0.499 114
928.476 261.017 0.514 130
928.556 261.017 0.527 130
928.636 261.017 0.537 130
928.756 261.017 0.544 146
928.876 261.017 0.552 162
929.037 260.977 0.558 162
929.237 260.937 0.564 162
929.477 260.857 0.571 178
929.758 260.738 0.578 178
930.038 260.579 0.587 194
930.359 260.419 0.593 194
930.679 260.260 0.600 194
930.960 260.101 0.607 210
931.240 259.942 0.614 210
931.481 259.783 0.620 227
931.681 259.703 0.625 227
931.841 259.623 0.629 243
932.002 259.544 0.631 243
932.162 259.464 0.633 243
932.282 259.384 0.635 260
932.442 259.305 0.637 276
932.643 259.185 0.640 276
932.843 259.026 0.642 276
933.043 258.907 0.647 292
933.284 258.787 0.650 292
933.484 258.628 0.653 292
933.684 258.509 0.656 308
933.885 258.429 0.658 324
934.045 258.389 0.659 324
934.285 258.310 0.660 324
934.446 258.270 0.660 341
934.646 258.230 0.661 341
934.806 258.150 0.662 357
935.007 258.150 0.663 357
935.167 258.111 0.663 373
935.327 258.031 0.664 373
935.487 257.991 0.664 373
935.688 257.912 0.665 389
935.848 257.832 0.665 389
936.008 257.752 0.665 405
936.169 257.673 0.666 405
936.329 257.593 0.666 421
936.489 257.513 0.667 421
936.609 257.394 0.668 437
936.770 257.354 0.669 437
936.890 257.275 0.670 437
937.050 257.235 0.672 453
937.170 257.195 0.672 453
937.291 257.155 0.673 470
937.451 257.115 0.673 470
937.611 257.076 0.673 486
937.771 257.036 0.674 486
937.932 256.996 0.674 486
938.092 256.956 0.674 502
938.252 256.876 0.675 518
938.412 256.797 0.676 518
938.613 256.717 0.678 518
938.773 256.638 0.681 534
938.933 256.558 0.682 534
939.094 256.478 0.684 534
939.214 256.439 0.686 550
939.374 256.399 0.687 567
939.494 256.399 0.688 567
939.614 256.399 0.689 567
939.735 256.399 0.690 583
939.895 256.399 0.691 583
940.055 256.359 0.692 599
940.215 256.359 0.693 599
940.376 256.279 0.694 615
940.536 256.279 0.695 615
940.696 256.240 0.696 615
940.896 256.240 0.697 632
941.097 256.200 0.698 632
941.257 256.200 0.698 648
941.417 256.200 0.699 648
941.578 256.200 0.700 648
941.738 256.200 0.700 664
941.858 256.200 0.701 664
942.018 256.200 0.701 681
942.139 256.200 0.703 681
942.299 256.200 0.704 697
942.419 256.200 0.705 697
942.579 256.200 0.706 697
942.699 256.200 0.707 713
942.860 256.200 0.709 729
943.020 256.200 0.711 729
943.180 256.200 0.712 729
943.300 256.200 0.714 745
943.461 256.200 0.715 745
943.621 256.200 0.716 745
943.781 256.200 0.717 761
943.901 256.200 0.719 778
944.062 256.200 0.720 778
944.182 256.200 0.722 778
944.342 256.200 0.724 794
944.503 256.200 0.725 794
944.703 256.200 0.727 810
944.863 256.200 0.729 810
945.063 256.200 0.730 826
945.224 256.200 0.732 826
945.384 256.200 0.733 842
945.544 256.200 0.734 842
945.704 256.200 0.736 842
945.865 256.200 0.737 858
946.025 256.200 0.739 858
946.185 256.200 0.741 875
946.306 256.200 0.743 875
946.426 256.160 0.745 891
946.586 256.160 0.748 891
946.706 256.160 0.750 891
946.866 256.160 0.752 907
946.987 256.160 0.753 923
947.147 256.160 0.754 923
947.307 256.160 0.755 923
947.467 256.160 0.755 939
947.588 256.160 0.755 939
947.748 256.160 0.756 939
947.908 256.160 0.756 955
948.028 256.160 0.757 971
948.229 256.160 0.757 971
948.389 256.160 0.757 971
948.509 256.160 0.759 987
948.669 256.160 0.761 987
948.830 256.160 0.761 1004
948.950 256.160 0.763 1004
949.070 256.160 0.765 1020
949.190 256.160 0.766 1020
949.351 256.160 0.766 1020
949.511 256.160 0.767 1036
949.631 256.160 0.768 1036
949.791 256.160 0.768 1052
949.952 256.160 0.768 1052
950.112 256.160 0.768 1052
950.272 256.160 0.769 1068
950.432 256.160 0.770 1084
950.593 256.160 0.772 1084
950.753 256.160 0.772 1084
950.913 256.160 0.775 1101
951.033 256.160 0.776 1101
951.194 256.160 0.779 1101
951.354 256.160 0.782 1117
951.474 256.160 0.784 1133
951.634 256.160 0.785 1133
951.755 256.160 0.784 1133
951.955 256.160 0.785 1149
952.115 256.160 0.787 1166
952.275 256.160 0.786 1166
952.396 256.200 0.786 1166
952.556 256.200 0.788 1182
952.716 256.200 0.788 1182
952.876 256.200 0.789 1182
953.037 256.200 0.789 1198
953.157 256.200 0.789 1198
953.317 256.200 0.790 1214
953.477 256.200 0.790 1214
953.598 256.200 0.791 1230
953.758 256.200 0.791 1230
953.878 256.200 0.792 1246
954.038 256.200 0.793 1246
954.159 256.200 0.793 1246
954.279 256.200 0.794 1263
954.439 256.200 0.794 1263
954.599 256.200 0.794 1263
954.719 256.200 0.794 1279
954.880 256.200 0.795 1295
955.000 256.200 0.794 1295
955.160 256.200 0.795 1295
955.281 256.200 0.795 1311
955.401 256.200 0.796 1327
955.521 256.200 0.797 1327
955.721 256.200 0.796 1327
955.881 256.200 0.797 1343
956.002 256.200 0.798 1343
956.122 256.200 0.798 1343
956.282 256.200 0.798 1359
956.402 256.200 0.799 1376
956.523 256.200 0.799 1376
956.643 256.200 0.799 1376
956.803 256.200 0.800 1392
956.923 256.200 0.800 1392
957.083 256.200 0.800 1408
957.204 256.200 0.800 1408
957.364 256.200 0.800 1424
957.484 256.200 0.800 1424
957.604 256.200 0.801 1424
957.724 256.200 0.802 1440
957.845 256.200 0.802 1440
957.965 256.200 0.802 1456
958.085 256.200 0.802 1456
958.205 256.200 0.803 1472
958.326 256.200 0.802 1472
958.446 256.200 0.802 1488
958.606 256.200 0.803 1488
958.686 256.200 0.803 1488
958.846 256.200 0.803 1504
958.967 256.200 0.803 1521
959.047 256.200 0.803 1521
959.207 256.200 0.803 1521
959.367 256.200 0.803 1537
959.487 256.200 0.803 1537
959.648 256.200 0.803 1537
959.768 256.200 0.804 1553
959.848 256.200 0.804 1553
959.968 256.200 0.804 1569
960.048 256.200 0.804 1569
960.169 256.200 0.804 1585
960.249 256.200 0.804 1585
960.369 256.200 0.804 1601
960.489 256.200 0.804 1601
960.609 256.200 0.804 1601
960.730 256.200 0.804 1617
960.850 256.200 0.804 1634
960.970 256.200 0.804 1634
961.090 256.200 0.804 1634
961.250 256.200 0.804 1650
961.371 256.200 0.804 1650
961.491 256.200 0.804 1650
961.611 256.200 0.804 1666
961.731 256.200 0.804 1682
961.851 256.200 0.804 1682
961.972 256.200 0.804 1682
962.092 256.200 0.804 1698
962.212 256.200 0.804 1698
962.372 256.200 0.804 1714
962.492 256.200 0.804 1714
962.613 256.200 0.804 1730
962.733 256.200 0.805 1730
962.853 256.200 0.804 1730
963.013 256.200 0.805 1746
963.134 256.200 0.805 1746
963.254 256.200 0.805 1763
963.374 256.200 0.805 1763
963.494 256.200 0.805 1763
963.614 256.200 0.804 1779
963.735 256.200 0.805 1795
963.855 256.200 0.805 1795
963.975 256.200 0.805 1795
964.095 256.200 0.805 1811
964.215 256.200 0.805 1827
964.336 256.200 0.805 1827
964.456 256.200 0.805 1827
964.576 256.200 0.805 1843
964.656 256.200 0.806 1843
964.776 256.160 0.806 1843
964.856 256.160 0.805 1860
964.937 256.160 0.805 1860
965.057 256.160 0.806 1876
965.137 256.160 0.805 1876
965.257 256.160 0.806 1892
965.377 256.160 0.806 1892
965.457 256.160 0.805 1908
965.578 256.160 0.806 1908
965.698 256.160 0.806 1908
965.818 256.160 0.806 1924
965.938 256.160 0.806 1924
966.058 256.160 0.806 1940
966.179 256.160 0.806 1940
966.299 256.160 0.806 1956
966.419 256.160 0.805 1956
966.539 256.160 0.806 1956
966.700 256.160 0.806 1973
966.780 256.160 0.805 1989
966.900 256.160 0.806 1989
967.020 256.160 0.806 1989
967.140 256.160 0.806 2005
967.260 256.160 0.806 2005
967.381 256.160 0.806 2021
967.501 256.160 0.806 2021
967.621 256.160 0.806 2037
967.741 256.160 0.806 2037
967.821 256.160 0.806 2037
967.942 256.160 0.806 2053
968.022 256.160 0.806 2053
968.142 256.160 0.806 2070
968.262 256.160 0.806 2070
968.382 256.160 0.806 2070
968.503 256.160 0.806 2086
968.623 256.160 0.806 2102
968.743 256.160 0.806 2102
968.863 256.160 0.806 2102
969.023 256.160 0.806 2118
969.144 256.160 0.806 2118
969.264 256.160 0.806 2118
969.384 256.160 0.806 2134
969.544 256.160 0.806 2150
969.624 256.160 0.806 2150
969.745 256.160 0.806 2150
969.865 256.160 0.806 2168
969.985 256.160 0.806 2184
970.105 256.160 0.806 2184
970.225 256.160 0.806 2184
970.386 256.160 0.806 2200
970.506 256.160 0.806 2200
970.626 256.160 0.807 2200
970.746 256.160 0.806 2216
970.866 256.160 0.806 2216
970.987 256.160 0.806 2233
971.107 256.160 0.806 2233
971.227 256.160 0.806 2233
971.347 256.160 0.807 2249
971.467 256.120 0.806 2265
971.588 256.120 0.807 2265
971.708 256.120 0.807 2265
971.828 256.120 0.806 2281
971.948 256.080 0.807 2281
972.068 256.080 0.807 2281
972.229 256.080 0.806 2298
972.389 256.080 0.806 2314
972.509 256.080 0.807 2314
972.669 256.080 0.806 2314
972.830 256.080 0.807 2330
972.950 256.080 0.807 2347
973.110 256.080 0.807 2347
973.230 256.080 0.807 2347
973.351 256.080 0.807 2363
973.511 256.080 0.807 2363
973.631 256.080 0.807 2363
973.751 256.080 0.807 2379
973.871 256.080 0.807 2379
974.032 256.080 0.807 2395
974.152 256.080 0.807 2395
974.272 256.041 0.807 2411
974.392 256.041 0.807 2411
974.513 256.001 0.807 2428
974.673 256.001 0.807 2428
974.793 256.001 0.807 2428
974.913 256.001 0.807 2444
974.993 256.001 0.807 2444
975.114 256.001 0.807 2444
975.194 256.001 0.807 2460
975.314 256.001 0.807 2477
975.394 256.001 0.807 2477
975.514 256.001 0.807 2477
975.634 256.001 0.807 2493
975.755 256.001 0.807 2509
975.875 256.001 0.807 2509
975.995 255.961 0.807 2509
976.115 255.961 0.807 2525
976.235 255.961 0.807 2525
976.316 255.961 0.807 2525
976.396 255.961 0.807 2542
976.516 255.961 0.807 2558
976.596 255.961 0.807 2558
976.676 255.961 0.807 2558
976.796 255.961 0.807 2574
976.876 255.961 0.807 2574
976.997 255.961 0.807 2590
977.117 255.961 0.807 2590
977.197 255.961 0.807 2607
977.317 255.961 0.807 2607
977.437 255.961 0.807 2607
977.518 255.961 0.807 2623
977.638 255.961 0.807 2623
977.758 255.961 0.807 2639
977.838 255.961 0.807 2639
977.918 255.961 0.807 2639
977.998 255.961 0.807 2655
978.119 255.961 0.807 2671
978.199 255.961 0.808 2671
978.319 255.961 0.807 2672
978.399 255.961 0.807 2687
978.479 255.961 0.807 2687
978.559 255.961 0.807 2687
978.599 255.961 0.808 2704
978.679 255.961 0.808 2720
978.719 255.961 0.807 2720
978.800 255.961 0.808 2720
978.840 255.961 0.808 2736
978.880 255.961 0.808 2752
978.960 255.961 0.808 2752
979.040 255.961 0.807 2752
979.080 255.961 0.807 2768
979.120 255.961 0.808 2768
979.200 255.961 0.808 2768
979.280 255.961 0.807 2784
979.321 256.001 0.807 2800
979.441 256.041 0.804 2800
979.521 256.080 0.798 2800
979.641 256.120 0.786 2817
979.801 256.200 0.765 2817
979.962 256.240 0.735 2833
980.162 256.279 0.683 2833
980.322 256.319 0.602 2833
980.482 256.359 0.487 2849
980.643 256.399 0.279 2849

