% x_coordinate y_coordinate pressure time
% shape 0, 142 points
838.446 289.997 0.023 0
838.406 289.997 0.045 16
838.406 290.037 0.060 16
838.366 290.077 0.072 32
838.366 290.116 0.079 33
838.366 290.116 0.084 34
838.366 290.156 0.088 48
838.366 290.156 0.094 48
838.366 290.156 0.103 64
838.366 290.156 0.110 65
838.366 290.196 0.128 65
838.366 290.196 0.145 80
838.366 290.236 0.162 96
838.366 290.236 0.181 96
838.366 290.276 0.195 96
838.366 290.315 0.207 112
838.366 290.315 0.218 112
838.366 290.355 0.227 112
838.366 290.395 0.233 128
838.366 290.395 0.239 144
838.366 290.395 0.245 144
838.366 290.395 0.254 144
838.366 290.435 0.265 160
838.406 290.435 0.276 176
838.446 290.475 0.286 176
838.526 290.515 0.296 176
838.606 290.554 0.303 193
838.646 290.594 0.310 193
838.726 290.634 0.313 193
838.846 290.674 0.318 209
839.007 290.714 0.323 225
839.127 290.714 0.327 225
839.247 290.714 0.334 225
839.407 290.714 0.344 241
839.608 290.714 0.352 241
839.808 290.714 0.360 257
839.968 290.714 0.364 257
840.169 290.714 0.368 257
840.329 290.674 0.370 273
840.489 290.674 0.372 289
840.649 290.674 0.375 289
840.810 290.634 0.376 289
840.930 290.634 0.379 306
841.090 290.634 0.382 306
841.250 290.594 0.385 306
841.371 290.554 0.388 322
841.531 290.554 0.392 338
841.731 290.515 0.395 338
841.972 290.475 0.398 338
842.212 290.475 0.401 354
842.492 290.435 0.403 354
842.853 290.395 0.407 370
843.134 290.315 0.409 370
843.454 290.276 0.412 386
843.735 290.236 0.413 386
844.015 290.156 0.415 403
844.255 290.116 0.417 403
844.496 290.077 0.417 403
844.736 290.037 0.418 419
844.977 290.037 0.419 419
845.177 289.997 0.419 419
845.457 289.957 0.420 435
845.698 289.917 0.420 451
845.938 289.878 0.420 451
846.259 289.758 0.421 451
846.539 289.679 0.421 467
846.780 289.559 0.421 484
847.060 289.480 0.422 484
847.341 289.360 0.424 484
847.581 289.241 0.425 500
847.821 289.121 0.427 500
848.022 289.042 0.429 500
848.262 288.922 0.431 516
848.462 288.843 0.433 533
848.663 288.723 0.435 533
848.863 288.644 0.437 533
849.063 288.564 0.438 549
849.344 288.445 0.439 549
849.544 288.365 0.441 565
849.825 288.245 0.443 565
850.065 288.126 0.445 565
850.305 287.967 0.447 581
850.546 287.847 0.449 581
850.786 287.688 0.451 597
851.027 287.529 0.453 597
851.267 287.370 0.454 613
851.467 287.211 0.456 613
851.668 287.051 0.457 613
851.868 286.932 0.457 630
852.068 286.773 0.458 646
852.229 286.653 0.458 646
852.469 286.534 0.459 646
852.589 286.374 0.459 662
852.750 286.255 0.460 662
852.910 286.096 0.461 662
853.070 285.937 0.462 678
853.230 285.777 0.462 694
853.391 285.618 0.463 694
853.591 285.459 0.464 694
853.751 285.300 0.464 710
853.952 285.061 0.465 710
854.152 284.902 0.466 726
854.312 284.742 0.466 726
854.513 284.543 0.466 726
854.673 284.344 0.466 743
854.873 284.185 0.467 759
855.033 283.986 0.467 759
855.274 283.787 0.467 759
855.474 283.628 0.467 775
855.674 283.469 0.467 775
855.835 283.349 0.467 775
855.995 283.190 0.467 791
856.115 283.031 0.467 807
856.235 282.871 0.468 807
856.356 282.672 0.468 807
856.476 282.473 0.468 824
856.596 282.274 0.468 840
856.716 282.115 0.468 840
856.836 281.916 0.468 840
856.957 281.757 0.468 856
857.117 281.558 0.468 856
857.237 281.359 0.469 856
857.357 281.199 0.468 872
857.477 281.000 0.469 872
857.598 280.801 0.469 889
857.718 280.563 0.469 889
857.838 280.324 0.469 905
857.918 280.085 0.469 905
858.038 279.846 0.469 921
858.159 279.607 0.469 921
858.279 279.328 0.469 921
858.439 279.050 0.469 937
858.639 278.731 0.469 937
858.840 278.453 0.469 937
859.080 278.055 0.469 953
859.321 277.656 0.468 969
859.601 277.298 0.466 969
859.841 276.900 0.455 969
860.082 276.462 0.430 985
860.282 275.945 0.396 1001
860.523 275.308 0.338 1001
860.723 274.551 0.212 1001

% x_coordinate y_coordinate pressure time
% shape 1, 533 points
880.796 255.165 0.016 0
880.876 255.085 0.049 16
880.917 255.045 0.075 16
880.957 254.966 0.103 17
880.997 254.966 0.125 32
880.997 254.926 0.144 48
881.037 254.926 0.166 49
881.037 254.886 0.187 49
881.037 254.886 0.205 64
881.037 254.846 0.223 64
881.037 254.806 0.239 64
881.037 254.806 0.253 80
881.037 254.727 0.266 96
881.037 254.687 0.278 96
881.037 254.647 0.289 96
881.037 254.607 0.300 112
881.037 254.607 0.313 129
880.957 254.568 0.324 129
880.917 254.568 0.333 129
880.836 254.528 0.342 145
880.756 254.528 0.350 145
880.676 254.528 0.357 145
880.556 254.528 0.364 161
880.436 254.528 0.369 161
880.275 254.528 0.372 177
880.155 254.528 0.379 177
879.995 254.528 0.386 194
879.835 254.528 0.394 194
879.674 254.488 0.400 210
879.514 254.488 0.405 210
879.354 254.488 0.410 210
879.154 254.488 0.414 226
878.953 254.488 0.418 226
878.713 254.488 0.422 226
878.513 254.488 0.425 242
878.232 254.488 0.428 258
877.992 254.528 0.429 258
877.751 254.568 0.432 258
877.511 254.687 0.435 274
877.311 254.767 0.437 291
877.110 254.886 0.439 291
876.910 255.005 0.441 291
876.710 255.125 0.443 307
876.469 255.244 0.444 307
876.269 255.364 0.444 307
876.068 255.483 0.446 323
875.868 255.603 0.447 323
875.668 255.722 0.449 339
875.467 255.842 0.451 339
875.267 255.961 0.453 355
875.067 256.120 0.453 355
874.786 256.279 0.455 372
874.586 256.439 0.456 372
874.346 256.638 0.457 372
874.105 256.797 0.457 388
873.905 256.956 0.458 388
873.704 257.115 0.459 388
873.464 257.354 0.460 404
873.264 257.513 0.461 420
873.063 257.713 0.463 420
872.863 257.872 0.463 420
872.663 258.071 0.464 437
872.503 258.230 0.466 453
872.342 258.389 0.468 453
872.142 258.548 0.470 453
871.982 258.708 0.472 469
871.821 258.867 0.474 469
871.661 259.066 0.475 486
871.501 259.265 0.477 486
871.381 259.424 0.479 486
871.220 259.663 0.480 502
871.060 259.862 0.481 518
870.940 260.061 0.483 518
870.820 260.300 0.484 518
870.659 260.499 0.485 534
870.539 260.658 0.486 534
870.419 260.857 0.487 534
870.299 261.056 0.487 551
870.139 261.255 0.487 567
870.018 261.415 0.488 567
869.858 261.614 0.489 567
869.738 261.773 0.489 583
869.578 262.012 0.489 583
869.417 262.171 0.490 600
869.257 262.330 0.491 600
869.137 262.490 0.493 600
869.017 262.649 0.493 616
868.896 262.808 0.494 616
868.736 263.007 0.494 632
868.616 263.166 0.495 632
868.496 263.325 0.496 648
868.336 263.485 0.497 648
868.215 263.684 0.498 648
868.055 263.843 0.498 665
867.935 264.002 0.499 681
867.815 264.241 0.500 681
867.654 264.400 0.501 681
867.534 264.599 0.503 697
867.374 264.798 0.505 697
867.254 264.997 0.508 697
867.093 265.157 0.509 714
866.933 265.356 0.511 730
866.773 265.555 0.512 730
866.613 265.754 0.514 730
866.452 265.953 0.515 746
866.292 266.112 0.517 746
866.132 266.311 0.518 762
865.972 266.590 0.520 762
865.851 266.789 0.522 779
865.691 266.988 0.524 779
865.531 267.227 0.525 779
865.411 267.426 0.526 795
865.250 267.665 0.527 795
865.130 267.864 0.527 811
865.010 268.063 0.528 811
864.890 268.262 0.529 811
864.770 268.461 0.530 827
864.649 268.660 0.530 844
864.489 268.899 0.531 844
864.369 269.098 0.531 844
864.249 269.297 0.532 860
864.129 269.496 0.532 860
864.008 269.695 0.533 860
863.888 269.894 0.533 876
863.768 270.133 0.534 892
863.648 270.332 0.534 892
863.528 270.531 0.534 892
863.407 270.730 0.534 908
863.287 270.929 0.536 925
863.207 271.168 0.536 925
863.087 271.367 0.538 925
863.007 271.566 0.538 941
862.927 271.765 0.539 941
862.846 271.964 0.540 941
862.726 272.203 0.541 957
862.646 272.402 0.543 957
862.566 272.601 0.543 974
862.486 272.800 0.545 974
862.366 273.039 0.546 974
862.245 273.238 0.547 990
862.165 273.477 0.548 1006
862.045 273.676 0.550 1006
861.965 273.875 0.551 1006
861.845 274.074 0.552 1022
861.765 274.313 0.553 1022
861.684 274.512 0.554 1022
861.604 274.711 0.555 1038
861.524 274.910 0.556 1055
861.484 275.069 0.557 1055
861.444 275.268 0.557 1055
861.364 275.427 0.557 1071
861.324 275.586 0.558 1087
861.284 275.785 0.559 1087
861.204 275.945 0.560 1087
861.164 276.104 0.561 1103
861.083 276.263 0.562 1103
861.003 276.462 0.563 1103
860.963 276.661 0.565 1119
860.883 276.820 0.565 1136
860.803 277.020 0.566 1136
860.763 277.179 0.567 1136
860.683 277.378 0.568 1152
860.643 277.537 0.568 1152
860.603 277.736 0.570 1168
860.563 277.935 0.570 1168
860.482 278.134 0.571 1168
860.402 278.333 0.570 1185
860.322 278.532 0.571 1185
860.242 278.691 0.571 1185
860.202 278.891 0.572 1201
860.162 279.050 0.572 1217
860.122 279.249 0.572 1217
860.082 279.408 0.573 1217
860.042 279.567 0.574 1233
860.042 279.766 0.575 1249
860.002 279.926 0.576 1249
859.962 280.085 0.577 1249
859.962 280.284 0.578 1266
859.922 280.483 0.578 1266
859.881 280.642 0.579 1266
859.881 280.801 0.579 1282
859.841 280.961 0.579 1298
859.841 281.080 0.580 1298
859.801 281.239 0.580 1298
859.801 281.359 0.580 1314
859.801 281.518 0.581 1314
859.801 281.677 0.581 1330
859.801 281.836 0.581 1330
859.801 281.996 0.581 1347
859.801 282.155 0.582 1347
859.801 282.314 0.582 1347
859.801 282.473 0.583 1363
859.801 282.633 0.583 1363
859.801 282.832 0.584 1379
859.801 282.951 0.584 1379
859.801 283.070 0.585 1379
859.801 283.230 0.585 1395
859.801 283.349 0.585 1412
859.801 283.508 0.585 1412
859.801 283.628 0.586 1412
859.801 283.787 0.586 1428
859.841 283.946 0.586 1428
859.881 284.105 0.587 1428
859.922 284.305 0.587 1444
859.962 284.464 0.587 1460
860.002 284.623 0.587 1460
860.082 284.782 0.587 1460
860.162 284.941 0.587 1477
860.242 285.140 0.587 1493
860.322 285.300 0.587 1493
860.402 285.459 0.587 1493
860.482 285.618 0.588 1509
860.523 285.777 0.588 1509
860.603 285.937 0.588 1509
860.683 286.056 0.589 1525
860.763 286.215 0.589 1525
860.803 286.374 0.589 1542
860.883 286.494 0.589 1542
860.963 286.653 0.589 1542
861.003 286.773 0.591 1558
861.083 286.932 0.591 1574
861.164 287.051 0.592 1574
861.244 287.171 0.592 1574
861.364 287.370 0.593 1591
861.444 287.489 0.593 1591
861.564 287.648 0.593 1591
861.684 287.808 0.594 1607
861.805 287.967 0.594 1623
861.925 288.126 0.594 1623
862.045 288.285 0.594 1623
862.165 288.445 0.595 1639
862.285 288.564 0.595 1656
862.366 288.723 0.596 1656
862.486 288.843 0.595 1656
862.566 288.962 0.595 1672
862.686 289.042 0.596 1672
862.766 289.161 0.596 1672
862.886 289.241 0.596 1688
862.967 289.320 0.596 1705
863.087 289.400 0.596 1705
863.207 289.519 0.597 1705
863.287 289.639 0.596 1721
863.407 289.718 0.597 1721
863.528 289.798 0.597 1737
863.648 289.917 0.597 1737
863.768 289.997 0.597 1737
863.928 290.077 0.597 1753
864.089 290.156 0.597 1753
864.209 290.236 0.598 1770
864.369 290.315 0.599 1770
864.529 290.355 0.599 1786
864.730 290.395 0.599 1786
864.890 290.435 0.599 1786
865.050 290.475 0.599 1802
865.250 290.515 0.599 1818
865.371 290.515 0.601 1818
865.531 290.554 0.601 1818
865.691 290.594 0.602 1835
865.851 290.634 0.603 1835
866.012 290.674 0.603 1835
866.132 290.714 0.603 1851
866.292 290.753 0.604 1867
866.452 290.753 0.604 1867
866.613 290.793 0.603 1867
866.773 290.833 0.605 1884
866.973 290.833 0.605 1884
867.134 290.833 0.605 1900
867.334 290.833 0.605 1900
867.534 290.873 0.605 1900
867.735 290.873 0.605 1916
867.935 290.873 0.606 1916
868.135 290.873 0.606 1932
868.336 290.873 0.606 1932
868.616 290.873 0.606 1949
868.816 290.873 0.606 1949
869.017 290.873 0.606 1949
869.217 290.873 0.607 1965
869.417 290.873 0.606 1981
869.618 290.913 0.606 1981
869.778 290.913 0.606 1981
869.938 290.952 0.606 1998
870.099 290.952 0.606 1998
870.219 290.952 0.606 1998
870.419 290.952 0.606 2014
870.579 290.952 0.607 2030
870.780 290.952 0.607 2030
870.980 290.952 0.607 2030
871.140 290.952 0.607 2046
871.381 290.913 0.607 2046
871.581 290.873 0.607 2062
871.781 290.833 0.608 2062
871.982 290.793 0.607 2079
872.182 290.753 0.607 2079
872.382 290.714 0.608 2079
872.543 290.674 0.608 2095
872.703 290.634 0.608 2095
872.863 290.594 0.608 2111
873.023 290.554 0.608 2111
873.224 290.475 0.608 2111
873.384 290.435 0.608 2127
873.544 290.395 0.608 2144
873.745 290.315 0.608 2144
873.905 290.236 0.609 2144
874.105 290.196 0.608 2160
874.306 290.116 0.609 2160
874.506 290.037 0.608 2160
874.746 289.917 0.609 2176
874.947 289.838 0.608 2193
875.147 289.758 0.608 2193
875.387 289.639 0.608 2193
875.588 289.559 0.608 2209
875.788 289.400 0.608 2209
875.948 289.281 0.609 2225
876.149 289.161 0.609 2225
876.309 289.042 0.608 2241
876.509 288.922 0.609 2241
876.710 288.803 0.609 2241
876.870 288.683 0.609 2257
877.070 288.564 0.610 2257
877.230 288.445 0.609 2273
877.431 288.325 0.609 2273
877.591 288.166 0.609 2273
877.751 288.007 0.609 2289
877.952 287.847 0.609 2306
878.112 287.648 0.609 2306
878.272 287.489 0.610 2306
878.472 287.330 0.609 2322
878.633 287.171 0.610 2338
878.793 287.011 0.610 2338
878.953 286.852 0.610 2338
879.073 286.733 0.610 2354
879.234 286.613 0.610 2354
879.354 286.494 0.610 2354
879.514 286.374 0.610 2371
879.634 286.255 0.610 2387
879.755 286.136 0.610 2387
879.875 286.016 0.610 2387
880.035 285.897 0.610 2403
880.155 285.777 0.610 2403
880.275 285.618 0.610 2420
880.396 285.459 0.610 2420
880.516 285.339 0.610 2420
880.636 285.140 0.611 2436
880.796 284.981 0.611 2436
880.917 284.822 0.611 2436
881.077 284.623 0.611 2452
881.197 284.424 0.611 2468
881.317 284.265 0.611 2468
881.437 284.105 0.611 2468
881.558 283.946 0.611 2484
881.638 283.787 0.611 2501
881.758 283.668 0.611 2501
881.838 283.508 0.611 2501
881.958 283.389 0.611 2517
882.038 283.269 0.611 2517
882.119 283.110 0.611 2517
882.239 282.951 0.611 2533
882.319 282.792 0.611 2549
882.399 282.593 0.611 2549
882.519 282.354 0.611 2549
882.639 282.155 0.611 2566
882.760 281.916 0.611 2566
882.880 281.717 0.611 2582
883.000 281.478 0.612 2582
883.080 281.239 0.612 2582
883.200 281.000 0.612 2598
883.280 280.762 0.612 2598
883.441 280.523 0.612 2614
883.561 280.244 0.612 2614
883.641 279.965 0.612 2631
883.761 279.766 0.612 2631
883.881 279.527 0.612 2631
884.002 279.328 0.612 2647
884.082 279.090 0.612 2663
884.162 278.891 0.612 2663
884.282 278.652 0.612 2663
884.402 278.413 0.612 2679
884.482 278.174 0.612 2679
884.563 277.935 0.612 2679
884.683 277.617 0.612 2696
884.763 277.378 0.612 2712
884.843 277.099 0.612 2712
884.923 276.820 0.612 2712
885.003 276.582 0.612 2728
885.083 276.303 0.612 2728
885.164 276.024 0.612 2745
885.324 275.746 0.612 2745
885.444 275.427 0.612 2745
885.524 275.149 0.612 2761
885.604 274.870 0.612 2761
885.725 274.591 0.612 2777
885.805 274.352 0.612 2777
885.845 274.074 0.612 2793
885.925 273.795 0.612 2793
886.005 273.556 0.613 2793
886.085 273.278 0.612 2809
886.165 272.959 0.612 2826
886.286 272.680 0.612 2826
886.366 272.402 0.612 2826
886.486 272.123 0.612 2842
886.606 271.844 0.612 2842
886.726 271.606 0.612 2842
886.806 271.327 0.612 2858
886.927 271.088 0.612 2875
887.047 270.849 0.612 2875
887.207 270.571 0.612 2875
887.327 270.332 0.612 2891
887.447 270.133 0.612 2891
887.528 269.894 0.612 2907
887.648 269.695 0.612 2907
887.728 269.496 0.612 2924
887.808 269.337 0.613 2924
887.848 269.138 0.613 2924
887.928 268.938 0.613 2940
887.968 268.739 0.613 2940
888.048 268.540 0.612 2956
888.088 268.301 0.612 2956
888.169 268.102 0.612 2956
888.209 267.903 0.612 2972
888.289 267.704 0.613 2989
888.369 267.466 0.613 2989
888.449 267.227 0.612 2989
888.489 267.028 0.613 3005
888.569 266.829 0.613 3005
888.609 266.630 0.612 3005
888.649 266.470 0.613 3021
888.690 266.311 0.613 3038
888.730 266.072 0.613 3038
888.770 265.913 0.613 3038
888.810 265.754 0.612 3054
888.850 265.595 0.613 3070
888.850 265.396 0.612 3070
888.890 265.236 0.612 3070
888.930 265.037 0.613 3086
888.970 264.838 0.613 3086
888.970 264.639 0.613 3086
888.970 264.440 0.613 3103
889.010 264.241 0.613 3103
889.010 264.042 0.613 3119
889.010 263.803 0.613 3119
889.010 263.604 0.613 3135
889.010 263.445 0.613 3135
889.010 263.246 0.613 3152
889.010 263.087 0.613 3152
889.010 262.967 0.613 3152
889.010 262.808 0.613 3168
889.010 262.649 0.613 3168
889.010 262.529 0.613 3168
889.010 262.370 0.613 3184
889.010 262.251 0.613 3200
889.010 262.091 0.613 3200
889.010 261.932 0.613 3200
889.010 261.773 0.613 3217
889.010 261.614 0.613 3233
889.010 261.415 0.613 3233
889.010 261.216 0.613 3233
889.010 261.017 0.613 3249
888.930 260.818 0.613 3249
888.850 260.658 0.613 3249
888.810 260.499 0.613 3265
888.770 260.340 0.613 3282
888.690 260.181 0.613 3282
888.649 260.061 0.613 3282
888.609 259.902 0.613 3298
888.529 259.783 0.613 3298
888.489 259.663 0.613 3314
888.449 259.544 0.613 3314
888.369 259.424 0.613 3314
888.329 259.345 0.613 3331
888.249 259.146 0.613 3331
888.169 259.026 0.613 3331
888.088 258.947 0.613 3347
887.968 258.827 0.613 3363
887.848 258.708 0.613 3363
887.768 258.548 0.613 3363
887.648 258.429 0.613 3380
887.568 258.310 0.614 3396
887.447 258.150 0.614 3396
887.367 258.031 0.614 3396
887.287 257.912 0.613 3413
887.207 257.832 0.613 3413
887.127 257.713 0.614 3413
887.047 257.633 0.614 3429
886.967 257.553 0.613 3445
886.886 257.474 0.613 3445
886.766 257.394 0.614 3445
886.686 257.314 0.614 3462
886.606 257.235 0.614 3462
886.526 257.115 0.614 3478
886.486 257.036 0.614 3478
886.406 256.876 0.614 3478
886.366 256.797 0.613 3494
886.286 256.677 0.614 3494
886.205 256.598 0.614 3511
886.125 256.518 0.614 3511
886.085 256.478 0.614 3527
886.005 256.399 0.614 3527
885.845 256.359 0.614 3527
885.765 256.279 0.614 3543
885.684 256.240 0.614 3559
885.564 256.160 0.614 3559
885.444 256.080 0.614 3559
885.324 256.001 0.614 3576
885.244 255.881 0.614 3576
885.124 255.802 0.614 3576
885.003 255.682 0.614 3592
884.923 255.603 0.614 3608
884.803 255.483 0.614 3608
884.683 255.404 0.614 3608
884.563 255.284 0.614 3625
884.482 255.205 0.614 3625
884.362 255.165 0.614 3641
884.202 255.125 0.614 3641
884.042 255.085 0.614 3641
883.881 255.085 0.614 3657
883.721 255.045 0.614 3657
883.561 255.045 0.614 3673
883.401 255.005 0.614 3673
883.240 255.005 0.614 3690
883.080 255.005 0.614 3690
882.920 255.005 0.614 3690
882.760 255.005 0.614 3706
882.599 255.005 0.614 3722
882.399 254.966 0.614 3722
882.199 254.966 0.614 3722
881.998 254.926 0.614 3739
881.758 254.886 0.614 3739
881.397 254.886 0.601 3739
881.077 254.886 0.568 3755
880.716 254.886 0.516 3771
880.235 254.886 0.436 3771
879.674 255.005 0.331 3771
878.953 255.165 0.143 3787

% x_coordinate y_coordinate pressure time
% shape 2, 344 points
892.897 256.041 0.080 0
892.897 255.961 0.121 0
892.897 255.881 0.148 1
892.897 255.802 0.181 16
892.897 255.722 0.211 32
892.897 255.642 0.239 33
892.937 255.523 0.257 33
892.937 255.443 0.275 48
892.937 255.404 0.290 48
892.937 255.324 0.307 48
892.937 255.284 0.323 64
892.937 255.244 0.335 80
892.937 255.205 0.348 80
892.937 255.165 0.358 80
892.937 255.165 0.367 96
892.937 255.125 0.375 96
892.937 255.125 0.386 112
892.937 255.125 0.396 112
892.937 255.125 0.404 129
892.937 255.125 0.412 129
892.937 255.244 0.423 129
892.937 255.443 0.437 145
892.897 255.642 0.449 145
892.816 255.842 0.461 161
892.736 256.080 0.471 161
892.656 256.319 0.480 161
892.576 256.598 0.490 177
892.496 256.837 0.500 193
892.376 257.155 0.509 193
892.336 257.394 0.519 193
892.215 257.673 0.528 209
892.135 257.951 0.535 209
892.055 258.230 0.542 225
891.975 258.509 0.547 225
891.855 258.827 0.553 241
891.775 259.146 0.558 241
891.694 259.464 0.561 257
891.574 259.783 0.565 257
891.494 260.101 0.569 257
891.374 260.419 0.573 274
891.254 260.738 0.577 274
891.134 261.056 0.581 274
891.013 261.375 0.586 290
890.933 261.693 0.589 306
890.813 262.012 0.593 306
890.733 262.330 0.596 306
890.653 262.609 0.599 322
890.533 262.927 0.602 339
890.452 263.246 0.604 339
890.332 263.564 0.606 339
890.252 263.923 0.607 355
890.132 264.241 0.609 355
890.012 264.520 0.610 355
889.891 264.838 0.611 371
889.771 265.117 0.612 387
889.691 265.435 0.613 387
889.571 265.674 0.614 387
889.491 265.953 0.617 403
889.371 266.271 0.618 403
889.250 266.550 0.620 420
889.210 266.789 0.620 420
889.130 267.067 0.621 420
889.050 267.346 0.622 436
888.970 267.585 0.623 436
888.890 267.864 0.623 452
888.770 268.142 0.624 452
888.690 268.381 0.624 468
888.569 268.660 0.624 468
888.489 268.938 0.625 468
888.369 269.177 0.625 484
888.249 269.416 0.626 501
888.169 269.655 0.626 501
888.088 269.894 0.627 501
888.008 270.133 0.627 517
887.928 270.411 0.628 517
887.808 270.650 0.629 517
887.728 270.889 0.629 533
887.648 271.128 0.630 549
887.568 271.367 0.630 549
887.447 271.566 0.630 549
887.367 271.765 0.630 565
887.287 271.964 0.630 565
887.207 272.163 0.630 582
887.127 272.362 0.630 582
887.047 272.521 0.631 598
887.007 272.720 0.631 598
886.927 272.919 0.631 598
886.846 273.158 0.631 614
886.766 273.317 0.631 614
886.686 273.516 0.631 630
886.566 273.676 0.632 630
886.486 273.835 0.631 630
886.406 274.034 0.631 646
886.326 274.193 0.632 663
886.286 274.352 0.632 663
886.205 274.512 0.632 663
886.165 274.671 0.632 679
886.085 274.870 0.632 679
886.045 275.029 0.632 695
886.005 275.188 0.633 695
885.965 275.387 0.633 711
885.885 275.586 0.633 711
885.845 275.746 0.633 711
885.845 275.945 0.633 727
885.765 276.104 0.633 727
885.725 276.263 0.633 744
885.684 276.422 0.634 744
885.684 276.582 0.634 744
885.644 276.701 0.634 760
885.564 276.860 0.634 776
885.524 277.020 0.634 776
885.484 277.139 0.634 776
885.444 277.298 0.634 792
885.404 277.457 0.634 792
885.324 277.617 0.635 792
885.284 277.856 0.635 809
885.204 278.015 0.635 825
885.164 278.174 0.635 825
885.083 278.333 0.635 825
885.043 278.492 0.636 841
884.963 278.652 0.636 857
884.923 278.811 0.636 857
884.883 278.930 0.636 857
884.803 279.090 0.636 874
884.763 279.249 0.636 874
884.723 279.408 0.636 874
884.723 279.567 0.636 890
884.643 279.766 0.637 890
884.643 279.926 0.637 906
884.563 280.125 0.637 906
884.563 280.324 0.637 923
884.523 280.483 0.637 923
884.482 280.682 0.637 939
884.482 280.841 0.638 939
884.442 281.000 0.638 939
884.442 281.160 0.639 955
884.402 281.319 0.639 955
884.362 281.478 0.639 955
884.322 281.637 0.640 971
884.282 281.797 0.641 988
884.242 281.916 0.642 988
884.202 282.075 0.642 988
884.162 282.234 0.643 1004
884.162 282.354 0.643 1020
884.122 282.553 0.644 1020
884.122 282.712 0.644 1020
884.122 282.832 0.644 1037
884.042 282.991 0.645 1037
884.042 283.150 0.645 1037
884.042 283.309 0.645 1053
884.042 283.469 0.645 1053
884.042 283.628 0.645 1069
884.042 283.787 0.645 1069
884.042 283.986 0.646 1085
884.042 284.145 0.646 1085
884.042 284.305 0.647 1102
884.042 284.504 0.647 1102
884.042 284.663 0.647 1102
884.042 284.822 0.647 1118
884.042 284.981 0.648 1118
884.042 285.140 0.648 1118
884.042 285.260 0.649 1134
884.042 285.379 0.650 1151
884.042 285.499 0.651 1151
884.042 285.618 0.652 1151
884.082 285.777 0.652 1167
884.122 285.897 0.654 1183
884.202 286.016 0.655 1183
884.242 286.136 0.655 1183
884.282 286.295 0.656 1199
884.362 286.414 0.657 1199
884.442 286.534 0.657 1199
884.482 286.653 0.658 1216
884.563 286.773 0.659 1232
884.603 286.892 0.660 1232
884.683 286.972 0.661 1232
884.763 287.131 0.662 1248
884.803 287.211 0.664 1248
884.883 287.290 0.666 1264
884.963 287.370 0.667 1264
885.043 287.489 0.668 1264
885.124 287.569 0.670 1281
885.164 287.648 0.671 1281
885.244 287.768 0.672 1281
885.324 287.847 0.673 1297
885.404 287.967 0.674 1313
885.484 288.046 0.674 1313
885.524 288.166 0.675 1313
885.604 288.245 0.676 1329
885.684 288.365 0.678 1346
885.805 288.445 0.679 1346
885.885 288.564 0.679 1346
885.965 288.723 0.680 1362
886.045 288.843 0.680 1362
886.125 288.962 0.680 1362
886.205 289.081 0.681 1378
886.366 289.201 0.681 1394
886.446 289.281 0.681 1394
886.526 289.400 0.681 1394
886.606 289.480 0.681 1410
886.686 289.559 0.682 1410
886.806 289.599 0.682 1427
886.886 289.639 0.682 1427
886.967 289.679 0.683 1427
887.047 289.718 0.683 1443
887.127 289.798 0.683 1443
887.207 289.878 0.684 1459
887.287 289.917 0.684 1459
887.367 289.997 0.684 1475
887.447 290.077 0.685 1475
887.568 290.156 0.685 1475
887.648 290.236 0.685 1491
887.768 290.315 0.686 1508
887.848 290.395 0.685 1508
887.968 290.475 0.685 1508
888.088 290.554 0.686 1524
888.169 290.634 0.686 1540
888.289 290.674 0.686 1540
888.369 290.753 0.686 1540
888.489 290.793 0.686 1557
888.569 290.873 0.687 1557
888.690 290.913 0.687 1557
888.810 290.992 0.687 1573
888.930 291.032 0.687 1573
889.010 291.072 0.687 1589
889.130 291.112 0.687 1589
889.250 291.151 0.687 1605
889.331 291.191 0.687 1605
889.451 291.231 0.687 1621
889.531 291.271 0.687 1621
889.651 291.311 0.688 1621
889.771 291.351 0.688 1638
889.851 291.351 0.688 1638
889.972 291.390 0.688 1638
890.092 291.390 0.688 1654
890.212 291.430 0.688 1670
890.292 291.430 0.688 1670
890.412 291.430 0.688 1670
890.533 291.470 0.688 1686
890.613 291.470 0.688 1703
890.733 291.510 0.688 1703
890.893 291.510 0.688 1703
891.013 291.510 0.688 1719
891.134 291.510 0.689 1719
891.254 291.510 0.689 1719
891.374 291.510 0.689 1735
891.494 291.510 0.689 1735
891.614 291.510 0.689 1752
891.735 291.510 0.689 1752
891.895 291.510 0.689 1752
892.015 291.510 0.689 1768
892.095 291.510 0.689 1784
892.215 291.510 0.689 1784
892.336 291.510 0.689 1784
892.456 291.510 0.690 1800
892.536 291.510 0.689 1800
892.656 291.510 0.689 1800
892.776 291.510 0.690 1816
892.937 291.510 0.689 1832
893.057 291.510 0.689 1832
893.217 291.510 0.690 1832
893.377 291.510 0.690 1849
893.538 291.470 0.690 1865
893.698 291.430 0.690 1865
893.818 291.430 0.690 1865
893.978 291.390 0.690 1881
894.099 291.390 0.690 1881
894.259 291.351 0.690 1881
894.459 291.351 0.691 1897
894.619 291.311 0.691 1914
894.780 291.271 0.691 1914
894.940 291.231 0.691 1914
895.140 291.231 0.691 1930
895.260 291.191 0.691 1930
895.421 291.191 0.691 1946
895.581 291.151 0.691 1946
895.741 291.112 0.691 1946
895.861 291.112 0.691 1962
896.022 291.072 0.691 1962
896.182 291.032 0.691 1979
896.302 290.952 0.691 1979
896.462 290.913 0.691 1995
896.623 290.873 0.691 1995
896.823 290.833 0.691 1995
896.983 290.753 0.691 2011
897.184 290.714 0.691 2027
897.344 290.674 0.691 2027
897.504 290.634 0.691 2027
897.705 290.554 0.691 2043
897.905 290.475 0.691 2043
898.065 290.435 0.691 2059
898.265 290.355 0.691 2059
898.426 290.276 0.691 2076
898.586 290.196 0.691 2076
898.746 290.077 0.692 2076
898.947 289.997 0.692 2092
899.107 289.917 0.692 2092
899.267 289.798 0.692 2108
899.467 289.679 0.692 2108
899.668 289.559 0.692 2108
899.868 289.440 0.692 2125
900.068 289.320 0.692 2141
900.269 289.121 0.692 2141
900.509 289.002 0.692 2141
900.710 288.882 0.692 2157
900.950 288.723 0.692 2157
901.190 288.604 0.692 2157
901.351 288.445 0.692 2173
901.551 288.325 0.692 2190
901.711 288.166 0.692 2190
901.912 288.007 0.692 2190
902.112 287.847 0.692 2206
902.272 287.648 0.692 2222
902.432 287.489 0.693 2222
902.593 287.290 0.693 2222
902.793 287.131 0.693 2239
902.953 286.932 0.693 2239
903.154 286.693 0.693 2239
903.354 286.494 0.693 2255
903.514 286.295 0.693 2255
903.755 286.096 0.693 2271
903.915 285.897 0.693 2271
904.115 285.698 0.693 2287
904.275 285.499 0.693 2287
904.476 285.260 0.693 2304
904.636 285.061 0.693 2304
904.836 284.822 0.693 2304
905.077 284.583 0.694 2320
905.277 284.265 0.693 2320
905.518 283.986 0.693 2320
905.718 283.707 0.694 2336
905.958 283.389 0.693 2352
906.199 283.070 0.693 2352
906.519 282.672 0.694 2352
906.800 282.274 0.693 2368
907.080 281.717 0.693 2384
907.401 281.160 0.691 2384
907.761 280.563 0.679 2384
908.162 279.886 0.663 2401
908.643 279.129 0.632 2401
909.164 278.333 0.587 2401
909.725 277.418 0.518 2417
910.406 276.462 0.416 2434
911.207 275.387 0.263 2434

