% x_coordinate y_coordinate pressure time
% shape 0, 516 points
867.174 118.344 0.007 0
867.254 118.184 0.014 16
867.334 118.065 0.014 16
867.414 117.945 0.015 17
867.454 117.866 0.016 32
867.494 117.746 0.018 48
867.494 117.667 0.035 48
867.494 117.627 0.060 49
867.494 117.547 0.080 64
867.494 117.468 0.096 65
867.494 117.388 0.115 80
867.494 117.348 0.133 80
867.494 117.269 0.150 80
867.574 117.189 0.163 96
867.614 117.070 0.175 112
867.735 116.950 0.189 112
867.815 116.791 0.202 112
867.895 116.632 0.214 129
867.975 116.473 0.226 129
868.095 116.273 0.237 129
868.175 116.114 0.245 145
868.215 115.955 0.251 161
868.295 115.836 0.256 161
868.336 115.716 0.259 161
868.376 115.597 0.262 177
868.416 115.477 0.264 193
868.456 115.358 0.266 193
868.496 115.199 0.269 193
868.496 115.079 0.273 209
868.496 114.960 0.279 209
868.496 114.880 0.289 226
868.496 114.761 0.299 226
868.496 114.721 0.306 226
868.496 114.681 0.313 242
868.496 114.641 0.323 242
868.496 114.602 0.330 258
868.496 114.602 0.337 258
868.496 114.602 0.340 274
868.496 114.602 0.341 274
868.496 114.602 0.343 274
868.496 114.641 0.346 290
868.496 114.761 0.348 306
868.496 114.920 0.349 306
868.456 115.079 0.351 306
868.376 115.238 0.353 322
868.295 115.477 0.357 322
868.175 115.676 0.364 322
868.095 115.915 0.373 338
868.015 116.154 0.383 355
867.895 116.433 0.391 355
867.775 116.751 0.399 355
867.654 117.070 0.405 371
867.494 117.428 0.409 371
867.374 117.866 0.412 387
867.294 118.264 0.413 387
867.174 118.622 0.416 403
867.053 119.020 0.417 403
866.973 119.379 0.419 403
866.893 119.777 0.421 420
866.853 120.095 0.424 420
866.773 120.374 0.425 436
866.733 120.692 0.427 436
866.653 120.931 0.429 436
866.613 121.170 0.431 452
866.533 121.369 0.433 468
866.492 121.608 0.435 468
866.412 121.807 0.436 468
866.372 122.086 0.438 484
866.292 122.324 0.439 484
866.252 122.603 0.441 484
866.172 122.842 0.443 500
866.132 123.121 0.444 517
866.052 123.359 0.445 517
865.932 123.638 0.446 517
865.851 123.877 0.446 533
865.771 124.156 0.446 533
865.691 124.474 0.448 549
865.611 124.753 0.450 549
865.571 125.031 0.454 566
865.491 125.270 0.456 566
865.411 125.549 0.457 582
865.371 125.788 0.457 582
865.291 126.027 0.457 582
865.250 126.305 0.458 598
865.170 126.544 0.458 598
865.130 126.743 0.458 598
865.090 126.942 0.458 614
865.010 127.101 0.458 630
864.930 127.261 0.459 630
864.850 127.460 0.459 630
864.770 127.659 0.460 646
864.689 127.897 0.461 646
864.569 128.136 0.462 662
864.489 128.415 0.463 662
864.369 128.734 0.464 679
864.249 128.972 0.466 679
864.129 129.251 0.468 695
864.048 129.490 0.469 695
863.968 129.729 0.470 695
863.888 129.968 0.471 711
863.808 130.206 0.471 711
863.688 130.405 0.472 711
863.608 130.644 0.473 727
863.528 130.923 0.473 743
863.447 131.162 0.474 743
863.327 131.401 0.474 743
863.247 131.679 0.474 760
863.167 131.918 0.475 776
863.047 132.157 0.475 776
862.967 132.396 0.476 776
862.886 132.635 0.477 792
862.806 132.874 0.477 792
862.726 133.152 0.478 792
862.646 133.351 0.479 808
862.566 133.590 0.480 824
862.486 133.829 0.482 824
862.366 134.068 0.484 824
862.285 134.307 0.484 840
862.205 134.506 0.486 840
862.165 134.745 0.488 856
862.085 134.944 0.490 856
862.005 135.143 0.492 856
861.965 135.382 0.493 873
861.925 135.541 0.494 889
861.885 135.740 0.494 889
861.845 135.899 0.495 889
861.805 136.098 0.496 905
861.765 136.257 0.496 905
861.684 136.456 0.497 905
861.644 136.655 0.497 921
861.564 136.815 0.498 937
861.524 137.014 0.498 937
861.444 137.173 0.498 937
861.404 137.372 0.498 953
861.324 137.611 0.499 953
861.244 137.810 0.499 969
861.204 138.009 0.500 969
861.124 138.208 0.500 985
861.083 138.367 0.500 985
861.043 138.566 0.500 985
860.963 138.725 0.500 1001
860.923 138.924 0.501 1001
860.883 139.084 0.501 1018
860.843 139.283 0.502 1018
860.803 139.442 0.502 1018
860.683 139.641 0.502 1034
860.603 139.880 0.502 1050
860.523 140.079 0.502 1050
860.442 140.278 0.503 1050
860.362 140.477 0.503 1066
860.242 140.676 0.503 1082
860.162 140.875 0.503 1082
860.082 141.034 0.504 1082
860.042 141.233 0.504 1099
859.962 141.432 0.504 1099
859.922 141.592 0.504 1099
859.881 141.751 0.504 1115
859.841 141.950 0.504 1115
859.801 142.149 0.504 1131
859.761 142.308 0.504 1131
859.721 142.467 0.505 1147
859.681 142.666 0.506 1147
859.641 142.826 0.508 1163
859.561 143.025 0.510 1163
859.481 143.224 0.510 1163
859.441 143.463 0.511 1180
859.361 143.662 0.512 1180
859.321 143.861 0.512 1180
859.240 144.100 0.512 1196
859.160 144.378 0.513 1212
859.120 144.577 0.512 1212
859.040 144.776 0.513 1212
858.920 144.975 0.513 1228
858.880 145.214 0.513 1244
858.840 145.413 0.514 1244
858.760 145.612 0.514 1244
858.720 145.811 0.515 1260
858.680 146.010 0.515 1260
858.639 146.170 0.516 1260
858.559 146.369 0.516 1277
858.479 146.568 0.517 1293
858.439 146.767 0.518 1293
858.359 146.926 0.518 1293
858.279 147.165 0.519 1309
858.239 147.364 0.519 1309
858.159 147.603 0.520 1325
858.038 147.841 0.521 1325
857.958 148.080 0.522 1325
857.878 148.319 0.522 1342
857.758 148.558 0.522 1342
857.678 148.837 0.523 1358
857.558 149.076 0.523 1358
857.477 149.314 0.523 1374
857.397 149.513 0.523 1374
857.317 149.752 0.523 1374
857.237 149.951 0.523 1390
857.197 150.150 0.523 1407
857.077 150.389 0.524 1407
857.037 150.588 0.524 1407
856.957 150.827 0.524 1423
856.876 151.066 0.524 1423
856.836 151.265 0.524 1423
856.756 151.504 0.524 1439
856.676 151.703 0.525 1455
856.596 151.942 0.525 1455
856.556 152.181 0.525 1455
856.476 152.419 0.525 1472
856.436 152.658 0.525 1488
856.356 152.897 0.525 1488
856.276 153.136 0.526 1488
856.195 153.375 0.525 1504
856.115 153.614 0.526 1504
856.075 153.853 0.526 1504
855.995 154.052 0.526 1521
855.915 154.251 0.526 1521
855.875 154.410 0.526 1537
855.795 154.569 0.526 1537
855.755 154.728 0.527 1537
855.674 154.888 0.527 1553
855.634 155.047 0.527 1569
855.554 155.206 0.527 1569
855.514 155.405 0.528 1569
855.434 155.644 0.528 1585
855.354 155.843 0.528 1585
855.274 156.002 0.528 1585
855.234 156.201 0.529 1601
855.154 156.400 0.529 1618
855.114 156.599 0.529 1618
855.033 156.798 0.529 1618
854.953 156.997 0.529 1634
854.873 157.196 0.529 1650
854.833 157.395 0.530 1650
854.793 157.595 0.530 1650
854.753 157.833 0.529 1666
854.713 157.993 0.530 1666
854.713 158.152 0.529 1666
854.673 158.311 0.530 1682
854.633 158.470 0.530 1698
854.553 158.630 0.530 1698
854.513 158.829 0.530 1698
854.472 159.028 0.530 1715
854.392 159.227 0.530 1715
854.312 159.426 0.530 1731
854.272 159.665 0.530 1731
854.192 159.903 0.530 1731
854.112 160.182 0.530 1747
854.032 160.421 0.530 1747
853.992 160.660 0.530 1763
853.912 160.899 0.531 1763
853.831 161.137 0.530 1779
853.751 161.337 0.530 1779
853.671 161.536 0.531 1779
853.591 161.774 0.531 1795
853.511 161.973 0.531 1811
853.431 162.173 0.531 1811
853.351 162.451 0.531 1811
853.270 162.650 0.531 1828
853.190 162.889 0.531 1828
853.110 163.088 0.531 1828
853.030 163.327 0.532 1844
852.950 163.526 0.532 1860
852.830 163.765 0.532 1860
852.750 163.964 0.532 1860
852.669 164.163 0.532 1876
852.549 164.362 0.532 1893
852.469 164.641 0.532 1893
852.389 164.840 0.532 1893
852.309 165.039 0.533 1909
852.229 165.278 0.533 1909
852.149 165.477 0.533 1925
852.109 165.676 0.533 1925
852.028 165.914 0.533 1925
851.948 166.113 0.534 1941
851.868 166.313 0.534 1941
851.788 166.551 0.534 1941
851.708 166.790 0.534 1957
851.628 166.989 0.535 1974
851.548 167.188 0.535 1974
851.467 167.427 0.536 1974
851.387 167.626 0.537 1990
851.307 167.865 0.537 2006
851.187 168.064 0.537 2006
851.107 168.303 0.537 2006
850.987 168.542 0.537 2023
850.906 168.741 0.538 2023
850.786 169.020 0.538 2023
850.706 169.219 0.538 2039
850.586 169.418 0.538 2055
850.506 169.617 0.539 2055
850.426 169.816 0.539 2055
850.346 170.015 0.540 2071
850.265 170.214 0.540 2071
850.185 170.413 0.540 2087
850.105 170.652 0.541 2087
850.025 170.851 0.542 2087
849.905 171.090 0.542 2104
849.785 171.328 0.543 2104
849.705 171.567 0.543 2104
849.624 171.766 0.543 2120
849.544 171.965 0.543 2136
849.464 172.164 0.543 2136
849.424 172.363 0.543 2136
849.344 172.562 0.543 2152
849.264 172.762 0.544 2168
849.184 172.961 0.544 2168
849.104 173.160 0.544 2168
849.023 173.359 0.545 2185
848.903 173.598 0.545 2185
848.823 173.797 0.545 2185
848.743 173.996 0.545 2201
848.703 174.195 0.545 2201
848.623 174.394 0.545 2217
848.543 174.553 0.545 2217
848.503 174.752 0.545 2233
848.422 174.911 0.545 2233
848.382 175.031 0.546 2249
848.302 175.190 0.546 2249
848.262 175.309 0.546 2249
848.222 175.468 0.547 2265
848.142 175.588 0.548 2281
848.102 175.787 0.550 2281
848.022 175.946 0.552 2281
847.982 176.105 0.552 2298
847.942 176.225 0.553 2298
847.821 176.424 0.553 2298
847.741 176.583 0.553 2314
847.701 176.742 0.554 2330
847.581 176.902 0.554 2330
847.501 177.061 0.554 2330
847.421 177.220 0.555 2346
847.341 177.339 0.555 2346
847.260 177.499 0.555 2362
847.180 177.618 0.555 2362
847.100 177.777 0.555 2362
847.020 177.937 0.555 2378
846.980 178.136 0.556 2395
846.900 178.295 0.556 2395
846.820 178.454 0.556 2395
846.740 178.613 0.556 2411
846.619 178.773 0.556 2411
846.579 178.932 0.556 2411
846.499 179.091 0.557 2427
846.419 179.210 0.557 2444
846.339 179.330 0.557 2444
846.299 179.449 0.557 2444
846.219 179.569 0.558 2460
846.139 179.688 0.558 2460
846.058 179.847 0.559 2476
846.018 179.967 0.559 2476
845.938 180.126 0.560 2492
845.818 180.285 0.560 2492
845.658 180.445 0.560 2492
845.578 180.564 0.561 2509
845.497 180.683 0.561 2509
845.417 180.803 0.562 2525
845.337 180.922 0.562 2525
845.257 181.042 0.563 2525
845.177 181.201 0.564 2541
845.057 181.320 0.565 2557
844.977 181.480 0.565 2557
844.856 181.639 0.566 2558
844.736 181.758 0.566 2573
844.656 181.917 0.567 2573
844.536 182.037 0.568 2574
844.456 182.156 0.568 2589
844.336 182.276 0.568 2605
844.255 182.395 0.570 2605
844.175 182.475 0.572 2606
844.095 182.594 0.575 2621
843.975 182.714 0.578 2637
843.895 182.793 0.581 2637
843.815 182.913 0.583 2638
843.694 183.032 0.584 2653
843.574 183.151 0.585 2653
843.454 183.271 0.586 2669
843.374 183.390 0.586 2669
843.254 183.470 0.586 2669
843.094 183.510 0.587 2686
842.973 183.589 0.588 2686
842.853 183.629 0.589 2686
842.693 183.669 0.591 2702
842.533 183.709 0.593 2718
842.412 183.788 0.594 2718
842.252 183.828 0.596 2718
842.092 183.908 0.598 2734
841.891 183.987 0.599 2751
841.731 184.067 0.600 2751
841.531 184.147 0.601 2751
841.331 184.226 0.603 2767
841.170 184.306 0.605 2767
841.010 184.346 0.607 2767
840.890 184.425 0.609 2783
840.730 184.465 0.612 2783
840.609 184.505 0.614 2799
840.449 184.585 0.617 2799
840.329 184.624 0.619 2815
840.169 184.664 0.620 2815
840.008 184.744 0.622 2831
839.848 184.784 0.623 2831
839.688 184.823 0.625 2831
839.568 184.903 0.626 2848
839.407 184.903 0.628 2864
839.247 184.943 0.629 2864
839.087 184.943 0.631 2864
838.886 184.943 0.635 2880
838.686 184.943 0.638 2880
838.486 184.943 0.643 2880
838.285 184.943 0.647 2896
838.085 184.943 0.650 2912
837.885 184.983 0.652 2912
837.725 185.022 0.653 2912
837.524 185.062 0.654 2929
837.364 185.102 0.655 2945
837.164 185.182 0.655 2945
837.043 185.222 0.656 2945
836.883 185.261 0.656 2961
836.763 185.261 0.656 2961
836.603 185.261 0.656 2961
836.442 185.261 0.657 2977
836.322 185.261 0.657 2977
836.202 185.261 0.658 2994
836.042 185.261 0.658 2994
835.922 185.261 0.659 3010
835.761 185.261 0.660 3010
835.601 185.261 0.660 3026
835.441 185.261 0.661 3026
835.281 185.261 0.661 3027
835.120 185.261 0.662 3042
834.960 185.261 0.662 3042
834.800 185.261 0.662 3042
834.639 185.261 0.663 3058
834.479 185.261 0.663 3074
834.319 185.222 0.664 3074
834.159 185.182 0.665 3074
833.998 185.142 0.667 3090
833.878 185.102 0.668 3090
833.718 185.062 0.670 3106
833.598 185.022 0.672 3106
833.437 185.022 0.673 3122
833.277 184.983 0.674 3122
833.117 184.983 0.674 3138
832.997 184.903 0.674 3138
832.796 184.903 0.675 3138
832.636 184.863 0.675 3154
832.516 184.784 0.676 3154
832.396 184.744 0.677 3154
832.235 184.664 0.678 3170
832.075 184.545 0.679 3186
831.955 184.465 0.682 3186
831.835 184.346 0.684 3186
831.674 184.266 0.687 3203
831.554 184.186 0.689 3219
831.434 184.107 0.691 3219
831.314 184.067 0.692 3219
831.194 183.987 0.693 3235
831.073 183.948 0.693 3235
830.953 183.868 0.694 3235
830.833 183.788 0.695 3251
830.673 183.749 0.695 3267
830.553 183.709 0.697 3267
830.432 183.629 0.697 3267
830.312 183.550 0.697 3283
830.192 183.470 0.698 3283
830.072 183.390 0.698 3299
829.911 183.311 0.698 3299
829.791 183.231 0.699 3315
829.671 183.151 0.699 3315
829.551 183.072 0.699 3315
829.431 182.952 0.699 3331
829.310 182.873 0.699 3331
829.150 182.674 0.700 3347
829.030 182.554 0.700 3347
828.870 182.395 0.701 3347
828.710 182.236 0.702 3363
828.589 182.077 0.703 3379
828.429 181.917 0.705 3379
828.309 181.798 0.707 3379
828.149 181.639 0.707 3396
828.028 181.519 0.708 3412
827.908 181.400 0.709 3412
827.788 181.320 0.709 3412
827.668 181.241 0.710 3428
827.548 181.121 0.710 3428
827.427 181.042 0.710 3428
827.307 180.922 0.711 3444
827.187 180.843 0.710 3460
827.067 180.723 0.711 3460
826.947 180.564 0.711 3460
826.866 180.405 0.712 3476
826.706 180.285 0.711 3476
826.546 180.166 0.712 3492
826.386 180.046 0.712 3492
826.225 179.887 0.713 3492
826.065 179.768 0.713 3508
825.905 179.609 0.713 3524
825.785 179.489 0.714 3524
825.704 179.330 0.714 3524
825.624 179.171 0.714 3540
825.504 179.011 0.714 3540
825.464 178.852 0.714 3540
825.384 178.653 0.713 3556
825.344 178.414 0.714 3572
825.264 178.175 0.714 3572
825.224 177.937 0.714 3573
825.184 177.698 0.715 3588
825.144 177.419 0.714 3605
825.104 177.140 0.715 3605
825.104 176.782 0.715 3606
825.104 176.424 0.714 3621
825.104 175.946 0.712 3621
825.104 175.468 0.687 3621
825.104 174.871 0.632 3637
825.104 174.195 0.558 3637
825.104 173.279 0.462 3653
825.104 172.204 0.354 3653
824.983 170.811 0.110 3653

% x_coordinate y_coordinate pressure time
% shape 1, 889 points
835.281 137.452 0.095 0
835.321 137.412 0.128 16
835.361 137.332 0.156 33
835.361 137.213 0.192 33
835.401 137.093 0.216 34
835.441 136.974 0.236 49
835.481 136.815 0.251 49
835.521 136.616 0.270 65
835.601 136.456 0.288 65
835.681 136.217 0.306 81
835.761 136.018 0.324 81
835.801 135.780 0.339 82
835.881 135.461 0.354 97
835.962 135.222 0.368 98
836.042 134.944 0.382 113
836.122 134.665 0.395 113
836.202 134.346 0.409 114
836.282 134.028 0.418 129
836.402 133.710 0.427 145
836.482 133.351 0.435 145
836.603 133.033 0.440 145
836.763 132.714 0.443 161
836.923 132.396 0.445 161
837.124 132.038 0.446 161
837.324 131.679 0.447 177
837.524 131.321 0.448 194
837.725 130.883 0.451 194
837.925 130.485 0.454 194
838.165 130.127 0.457 210
838.366 129.808 0.462 226
838.566 129.490 0.466 226
838.766 129.171 0.470 227
838.927 128.853 0.474 242
839.127 128.614 0.476 242
839.287 128.375 0.478 243
839.487 128.176 0.478 258
839.648 127.977 0.479 274
839.808 127.778 0.479 274
839.968 127.539 0.479 275
840.129 127.340 0.480 290
840.329 127.101 0.480 290
840.529 126.863 0.480 306
840.690 126.544 0.481 306
840.850 126.305 0.482 322
841.010 126.027 0.482 322
841.170 125.788 0.485 338
841.290 125.549 0.487 338
841.451 125.310 0.489 338
841.611 125.111 0.492 354
841.811 124.912 0.494 354
841.972 124.713 0.496 355
842.172 124.474 0.498 370
842.332 124.275 0.499 387
842.533 124.076 0.499 387
842.733 123.877 0.500 387
842.933 123.678 0.500 403
843.134 123.439 0.500 419
843.374 123.200 0.500 419
843.614 122.961 0.500 419
843.855 122.683 0.501 435
844.095 122.444 0.501 435
844.336 122.125 0.501 435
844.656 121.886 0.502 451
844.896 121.687 0.504 468
845.137 121.449 0.505 468
845.417 121.250 0.507 468
845.698 121.050 0.508 484
845.978 120.851 0.510 484
846.259 120.652 0.510 500
846.499 120.453 0.511 500
846.780 120.294 0.511 500
847.060 120.095 0.512 516
847.381 119.896 0.512 516
847.621 119.737 0.512 532
847.901 119.578 0.512 532
848.142 119.418 0.512 548
848.422 119.259 0.513 548
848.663 119.100 0.514 548
848.903 118.941 0.513 565
849.184 118.781 0.514 581
849.424 118.622 0.515 581
849.705 118.463 0.515 581
849.985 118.304 0.515 597
850.265 118.184 0.515 597
850.546 118.065 0.516 597
850.786 117.906 0.516 613
851.027 117.746 0.516 629
851.267 117.667 0.517 629
851.467 117.547 0.518 629
851.708 117.428 0.519 645
851.908 117.348 0.522 662
852.109 117.269 0.524 662
852.309 117.189 0.526 662
852.509 117.109 0.527 678
852.750 117.070 0.528 678
852.950 116.990 0.529 678
853.190 116.910 0.530 694
853.431 116.871 0.530 694
853.671 116.751 0.531 710
853.912 116.672 0.531 710
854.192 116.592 0.532 710
854.432 116.512 0.533 726
854.673 116.433 0.534 742
854.913 116.353 0.535 742
855.154 116.313 0.537 742
855.354 116.273 0.538 758
855.594 116.234 0.539 758
855.795 116.194 0.540 758
856.035 116.154 0.540 774
856.235 116.114 0.540 791
856.476 116.074 0.541 791
856.756 116.035 0.541 791
856.997 115.995 0.542 807
857.237 115.915 0.543 807
857.477 115.836 0.543 823
857.718 115.796 0.545 823
857.998 115.716 0.547 839
858.239 115.637 0.548 839
858.479 115.597 0.550 855
858.720 115.517 0.553 855
858.920 115.477 0.556 855
859.160 115.477 0.557 872
859.361 115.398 0.559 872
859.561 115.398 0.560 888
859.761 115.398 0.560 888
860.042 115.398 0.561 904
860.282 115.358 0.561 904
860.523 115.318 0.562 904
860.763 115.278 0.562 920
861.043 115.238 0.562 936
861.324 115.159 0.563 936
861.564 115.079 0.563 936
861.805 115.000 0.563 953
862.045 114.960 0.563 953
862.245 114.880 0.563 953
862.486 114.840 0.564 969
862.646 114.801 0.564 985
862.846 114.801 0.565 985
863.047 114.801 0.566 985
863.247 114.801 0.567 1001
863.407 114.801 0.567 1001
863.608 114.801 0.568 1017
863.768 114.801 0.568 1017
863.928 114.801 0.568 1033
864.129 114.801 0.568 1033
864.329 114.801 0.568 1034
864.569 114.801 0.569 1049
864.770 114.801 0.569 1049
864.970 114.801 0.570 1065
865.210 114.801 0.570 1065
865.411 114.801 0.570 1066
865.651 114.801 0.570 1081
865.851 114.801 0.571 1097
866.052 114.880 0.571 1097
866.252 114.920 0.572 1097
866.452 114.960 0.572 1113
866.693 115.000 0.573 1129
866.933 115.079 0.573 1129
867.174 115.119 0.573 1129
867.414 115.159 0.573 1145
867.614 115.159 0.574 1145
867.855 115.199 0.575 1145
868.095 115.199 0.574 1161
868.295 115.238 0.575 1178
868.496 115.238 0.576 1178
868.696 115.318 0.576 1178
868.896 115.358 0.578 1194
869.057 115.438 0.579 1194
869.257 115.517 0.581 1210
869.457 115.597 0.583 1210
869.698 115.716 0.584 1211
869.898 115.836 0.584 1226
870.139 115.955 0.585 1226
870.379 116.074 0.585 1242
870.579 116.154 0.586 1242
870.860 116.234 0.585 1258
871.100 116.313 0.586 1258
871.341 116.393 0.586 1258
871.541 116.433 0.586 1274
871.781 116.512 0.586 1290
872.022 116.592 0.587 1290
872.222 116.632 0.586 1290
872.462 116.711 0.587 1306
872.663 116.791 0.586 1306
872.903 116.871 0.587 1306
873.104 116.950 0.587 1322
873.264 117.070 0.587 1339
873.504 117.189 0.587 1339
873.704 117.309 0.587 1339
873.945 117.428 0.587 1355
874.145 117.547 0.587 1371
874.386 117.667 0.587 1371
874.626 117.786 0.587 1371
874.906 117.866 0.587 1387
875.147 117.985 0.587 1387
875.387 118.105 0.587 1387
875.588 118.224 0.587 1403
875.828 118.344 0.588 1403
876.028 118.463 0.588 1419
876.229 118.582 0.588 1419
876.429 118.702 0.589 1435
876.629 118.821 0.589 1435
876.790 118.941 0.589 1451
876.990 119.060 0.590 1451
877.190 119.140 0.591 1451
877.391 119.259 0.591 1467
877.591 119.379 0.591 1483
877.831 119.498 0.591 1483
878.032 119.617 0.592 1483
878.232 119.697 0.592 1499
878.432 119.816 0.592 1499
878.633 119.896 0.593 1499
878.793 120.015 0.594 1516
878.993 120.135 0.594 1532
879.194 120.254 0.595 1532
879.354 120.374 0.596 1532
879.554 120.533 0.596 1548
879.715 120.652 0.597 1548
879.875 120.772 0.597 1564
880.035 120.931 0.597 1564
880.235 121.090 0.597 1580
880.396 121.210 0.597 1580
880.596 121.369 0.598 1580
880.796 121.488 0.599 1596
880.997 121.648 0.600 1596
881.157 121.847 0.600 1612
881.317 122.006 0.602 1612
881.477 122.165 0.602 1612
881.638 122.324 0.603 1628
881.838 122.484 0.604 1644
881.998 122.683 0.604 1644
882.159 122.842 0.605 1644
882.319 123.001 0.605 1660
882.479 123.160 0.605 1660
882.639 123.320 0.605 1660
882.800 123.479 0.605 1677
882.920 123.598 0.606 1693
883.080 123.757 0.606 1693
883.240 123.917 0.607 1693
883.361 124.076 0.607 1709
883.481 124.235 0.608 1725
883.601 124.394 0.610 1725
883.761 124.554 0.611 1725
883.881 124.753 0.612 1741
884.002 124.912 0.612 1741
884.082 125.071 0.613 1741
884.202 125.230 0.613 1757
884.322 125.390 0.613 1773
884.402 125.549 0.614 1773
884.523 125.708 0.614 1773
884.643 125.867 0.614 1789
884.763 126.027 0.615 1789
884.883 126.265 0.615 1805
884.963 126.425 0.615 1805
885.043 126.584 0.616 1821
885.164 126.743 0.616 1821
885.204 126.902 0.616 1821
885.284 127.062 0.616 1838
885.364 127.221 0.616 1838
885.404 127.380 0.617 1854
885.484 127.539 0.617 1854
885.524 127.698 0.617 1854
885.604 127.858 0.617 1870
885.644 128.017 0.617 1886
885.725 128.216 0.617 1886
885.765 128.455 0.618 1886
885.805 128.614 0.618 1902
885.885 128.813 0.618 1902
885.925 129.012 0.618 1902
885.965 129.211 0.618 1918
886.005 129.410 0.618 1934
886.045 129.609 0.618 1934
886.045 129.808 0.618 1934
886.085 130.007 0.619 1950
886.125 130.167 0.619 1966
886.165 130.366 0.619 1966
886.125 130.565 0.619 1966
886.165 130.724 0.619 1982
886.165 130.883 0.619 1982
886.205 131.042 0.620 1982
886.205 131.241 0.619 1998
886.205 131.401 0.619 2015
886.205 131.600 0.619 2015
886.205 131.759 0.619 2015
886.205 131.958 0.620 2031
886.205 132.157 0.620 2031
886.205 132.356 0.620 2047
886.205 132.515 0.620 2047
886.205 132.754 0.620 2063
886.205 132.913 0.620 2063
886.205 133.073 0.620 2063
886.205 133.232 0.620 2079
886.205 133.431 0.620 2079
886.205 133.590 0.620 2095
886.205 133.749 0.620 2095
886.245 133.909 0.620 2111
886.245 134.108 0.620 2111
886.245 134.267 0.620 2127
886.245 134.466 0.620 2127
886.245 134.625 0.620 2127
886.245 134.784 0.620 2143
886.245 135.023 0.621 2143
886.245 135.182 0.620 2143
886.245 135.342 0.620 2159
886.245 135.501 0.621 2176
886.245 135.700 0.621 2176
886.245 135.859 0.621 2176
886.245 136.018 0.621 2192
886.205 136.178 0.621 2208
886.165 136.337 0.621 2208
886.125 136.496 0.621 2208
886.085 136.695 0.621 2224
886.005 136.854 0.621 2224
885.965 137.014 0.621 2240
885.885 137.213 0.621 2240
885.805 137.372 0.622 2256
885.725 137.531 0.621 2256
885.644 137.690 0.622 2256
885.524 137.889 0.622 2272
885.404 138.049 0.622 2272
885.324 138.248 0.622 2288
885.204 138.447 0.622 2288
885.083 138.606 0.622 2304
884.963 138.805 0.622 2304
884.883 138.964 0.622 2320
884.803 139.123 0.622 2320
884.683 139.283 0.622 2320
884.603 139.522 0.622 2336
884.523 139.681 0.622 2336
884.402 139.880 0.622 2352
884.282 140.079 0.622 2352
884.202 140.278 0.622 2368
884.082 140.437 0.622 2368
883.962 140.636 0.622 2368
883.841 140.795 0.623 2384
883.721 140.955 0.623 2401
883.601 141.114 0.623 2401
883.521 141.273 0.623 2401
883.401 141.432 0.623 2417
883.280 141.592 0.623 2417
883.120 141.830 0.623 2417
883.000 141.990 0.623 2433
882.840 142.189 0.623 2449
882.679 142.308 0.623 2449
882.519 142.467 0.623 2449
882.359 142.666 0.623 2465
882.199 142.826 0.623 2465
882.038 142.985 0.623 2481
881.838 143.144 0.623 2481
881.678 143.343 0.623 2497
881.518 143.542 0.623 2497
881.357 143.701 0.623 2497
881.197 143.861 0.624 2513
881.077 144.020 0.623 2513
880.957 144.139 0.624 2529
880.796 144.259 0.624 2529
880.636 144.378 0.624 2545
880.476 144.498 0.624 2545
880.315 144.577 0.624 2561
880.075 144.657 0.624 2561
879.915 144.776 0.624 2561
879.715 144.856 0.624 2577
879.514 144.935 0.624 2577
879.274 145.055 0.625 2593
879.073 145.135 0.625 2593
878.833 145.254 0.625 2609
878.593 145.373 0.625 2609
878.392 145.493 0.625 2609
878.152 145.612 0.625 2625
877.952 145.732 0.625 2642
877.751 145.891 0.625 2642
877.551 146.010 0.625 2642
877.391 146.130 0.625 2658
877.150 146.289 0.625 2658
876.990 146.408 0.625 2674
876.790 146.528 0.625 2674
876.629 146.607 0.625 2690
876.429 146.727 0.625 2690
876.189 146.806 0.625 2690
875.948 146.886 0.625 2706
875.708 147.006 0.625 2706
875.467 147.125 0.625 2722
875.187 147.244 0.625 2722
874.906 147.364 0.626 2738
874.666 147.483 0.625 2738
874.426 147.603 0.625 2754
874.185 147.722 0.625 2754
873.945 147.841 0.625 2754
873.745 147.961 0.625 2770
873.584 148.041 0.625 2770
873.384 148.160 0.625 2770
873.184 148.240 0.626 2786
873.023 148.359 0.628 2802
872.823 148.439 0.630 2802
872.663 148.558 0.632 2802
872.462 148.638 0.633 2818
872.302 148.757 0.634 2835
872.102 148.837 0.636 2835
871.901 148.916 0.637 2835
871.701 148.996 0.638 2851
871.501 149.076 0.640 2851
871.341 149.155 0.641 2851
871.140 149.235 0.642 2867
870.900 149.275 0.643 2883
870.700 149.394 0.644 2883
870.539 149.434 0.645 2883
870.299 149.513 0.646 2899
870.099 149.593 0.648 2899
869.898 149.673 0.648 2915
869.658 149.712 0.649 2915
869.457 149.792 0.650 2915
869.257 149.872 0.649 2931
869.057 149.912 0.649 2947
868.816 149.991 0.650 2947
868.616 150.031 0.650 2948
868.376 150.071 0.650 2963
868.135 150.111 0.651 2963
867.935 150.150 0.653 2964
867.654 150.230 0.654 2979
867.454 150.270 0.656 2996
867.214 150.270 0.658 2996
867.013 150.310 0.659 2996
866.813 150.310 0.661 3012
866.613 150.349 0.662 3028
866.372 150.389 0.663 3028
866.172 150.469 0.664 3028
865.932 150.509 0.664 3044
865.731 150.588 0.665 3044
865.491 150.668 0.666 3060
865.250 150.708 0.666 3060
865.010 150.787 0.666 3060
864.810 150.827 0.667 3076
864.569 150.947 0.667 3076
864.329 150.986 0.667 3092
864.129 151.026 0.667 3092
863.888 151.066 0.668 3108
863.728 151.066 0.668 3108
863.528 151.106 0.669 3108
863.327 151.106 0.671 3124
863.127 151.106 0.674 3140
862.927 151.106 0.675 3140
862.726 151.146 0.677 3140
862.526 151.185 0.679 3156
862.326 151.265 0.680 3156
862.125 151.305 0.680 3156
861.885 151.384 0.681 3172
861.684 151.464 0.681 3188
861.444 151.583 0.682 3188
861.204 151.663 0.682 3189
860.923 151.743 0.682 3204
860.683 151.822 0.683 3220
860.442 151.902 0.683 3220
860.202 151.982 0.683 3220
859.962 152.021 0.684 3236
859.681 152.101 0.684 3236
859.441 152.181 0.685 3236
859.200 152.220 0.685 3252
858.960 152.260 0.685 3268
858.720 152.340 0.686 3268
858.479 152.419 0.687 3268
858.279 152.499 0.688 3285
858.038 152.539 0.689 3285
857.798 152.618 0.691 3301
857.598 152.698 0.692 3301
857.357 152.738 0.692 3301
857.197 152.778 0.693 3317
856.997 152.818 0.694 3317
856.836 152.857 0.695 3333
856.676 152.857 0.696 3333
856.516 152.857 0.697 3349
856.356 152.857 0.698 3349
856.195 152.857 0.699 3349
856.035 152.857 0.701 3365
855.875 152.857 0.702 3382
855.755 152.857 0.702 3382
855.634 152.857 0.703 3382
855.474 152.857 0.704 3398
855.354 152.857 0.704 3398
855.234 152.857 0.705 3398
855.114 152.857 0.706 3414
854.993 152.818 0.706 3430
854.873 152.778 0.707 3430
854.713 152.698 0.707 3430
854.593 152.618 0.708 3447
854.472 152.539 0.709 3447
854.392 152.419 0.709 3463
854.312 152.300 0.709 3463
854.192 152.181 0.710 3463
854.112 152.101 0.710 3479
854.032 151.982 0.710 3495
853.952 151.862 0.710 3495
853.912 151.783 0.711 3495
853.871 151.703 0.711 3511
853.831 151.623 0.711 3511
853.791 151.504 0.711 3511
853.751 151.424 0.711 3527
853.711 151.305 0.711 3544
853.711 151.225 0.711 3544
853.711 151.106 0.711 3544
853.711 150.907 0.711 3560
853.711 150.787 0.710 3576
853.711 150.668 0.711 3576
853.751 150.509 0.711 3576
853.751 150.349 0.711 3592
853.751 150.230 0.711 3592
853.751 150.071 0.710 3592
853.751 149.951 0.711 3608
853.791 149.832 0.711 3624
853.871 149.712 0.711 3624
853.952 149.593 0.710 3624
854.032 149.474 0.710 3641
854.152 149.394 0.710 3641
854.272 149.275 0.710 3657
854.392 149.155 0.710 3657
854.513 149.036 0.710 3657
854.633 148.916 0.710 3673
854.753 148.837 0.710 3673
854.873 148.677 0.710 3673
854.993 148.598 0.710 3689
855.154 148.558 0.710 3705
855.274 148.518 0.710 3705
855.434 148.478 0.710 3705
855.594 148.439 0.709 3722
855.795 148.439 0.709 3738
855.995 148.439 0.709 3738
856.195 148.439 0.709 3738
856.396 148.439 0.709 3754
856.676 148.439 0.708 3754
856.876 148.439 0.708 3754
857.157 148.439 0.708 3770
857.397 148.439 0.708 3787
857.638 148.439 0.708 3787
857.878 148.439 0.708 3787
858.119 148.478 0.708 3803
858.359 148.478 0.708 3803
858.639 148.518 0.708 3819
858.880 148.558 0.708 3819
859.120 148.598 0.708 3819
859.361 148.677 0.708 3835
859.601 148.757 0.708 3835
859.841 148.837 0.708 3851
860.082 148.916 0.708 3851
860.402 148.996 0.708 3868
860.643 149.036 0.708 3868
860.923 149.115 0.708 3868
861.204 149.155 0.708 3884
861.484 149.235 0.708 3900
861.765 149.314 0.708 3900
862.045 149.354 0.708 3901
862.326 149.394 0.708 3916
862.606 149.474 0.708 3916
862.886 149.553 0.708 3917
863.167 149.593 0.708 3932
863.447 149.673 0.708 3948
863.688 149.712 0.708 3948
863.968 149.792 0.708 3948
864.249 149.832 0.708 3964
864.489 149.912 0.708 3980
864.689 150.031 0.708 3980
864.930 150.111 0.708 3980
865.130 150.190 0.708 3996
865.331 150.270 0.708 3996
865.531 150.349 0.709 3996
865.731 150.429 0.709 4012
865.932 150.509 0.709 4012
866.132 150.548 0.709 4028
866.332 150.668 0.709 4028
866.533 150.708 0.709 4045
866.733 150.787 0.709 4045
866.933 150.947 0.710 4061
867.134 151.026 0.709 4061
867.334 151.146 0.710 4061
867.574 151.225 0.710 4077
867.775 151.345 0.710 4077
868.015 151.464 0.711 4093
868.215 151.583 0.711 4093
868.496 151.703 0.711 4109
868.696 151.783 0.712 4109
868.937 151.862 0.712 4109
869.097 151.982 0.712 4125
869.297 152.061 0.713 4142
869.457 152.141 0.713 4142
869.618 152.220 0.713 4142
869.778 152.300 0.714 4158
869.938 152.419 0.714 4158
870.058 152.499 0.714 4159
870.219 152.618 0.713 4174
870.379 152.698 0.713 4190
870.499 152.818 0.715 4190
870.619 152.937 0.714 4190
870.740 153.056 0.714 4206
870.860 153.176 0.714 4222
870.980 153.335 0.714 4222
871.100 153.454 0.714 4222
871.220 153.614 0.715 4238
871.341 153.773 0.715 4238
871.501 153.892 0.715 4238
871.621 154.012 0.716 4254
871.741 154.131 0.715 4254
871.861 154.251 0.715 4270
871.982 154.330 0.715 4270
872.102 154.410 0.715 4270
872.182 154.529 0.715 4286
872.302 154.649 0.716 4302
872.382 154.808 0.716 4302
872.462 154.927 0.717 4302
872.583 155.047 0.717 4318
872.663 155.166 0.717 4335
872.743 155.326 0.717 4335
872.823 155.445 0.717 4335
872.943 155.564 0.717 4351
873.023 155.684 0.717 4351
873.104 155.803 0.718 4367
873.184 155.923 0.718 4367
873.304 156.042 0.718 4367
873.384 156.201 0.718 4383
873.504 156.321 0.718 4383
873.624 156.480 0.718 4399
873.704 156.599 0.719 4399
873.785 156.759 0.719 4415
873.825 156.918 0.719 4415
873.905 157.077 0.719 4415
873.945 157.236 0.720 4431
874.025 157.395 0.720 4447
874.065 157.555 0.720 4447
874.105 157.674 0.721 4447
874.145 157.833 0.721 4463
874.225 157.953 0.722 4463
874.265 158.072 0.722 4463
874.306 158.192 0.722 4479
874.386 158.351 0.722 4495
874.466 158.470 0.722 4495
874.506 158.630 0.722 4495
874.586 158.749 0.723 4511
874.626 158.908 0.722 4527
874.706 159.028 0.723 4527
874.746 159.187 0.723 4527
874.786 159.306 0.723 4544
874.826 159.426 0.723 4544
874.906 159.585 0.723 4560
874.947 159.744 0.723 4560
874.947 159.864 0.724 4560
874.987 159.983 0.724 4576
875.027 160.102 0.724 4576
875.027 160.222 0.724 4592
875.027 160.341 0.724 4592
875.067 160.461 0.724 4608
875.067 160.620 0.725 4608
875.067 160.739 0.724 4608
875.107 160.899 0.724 4624
875.107 161.058 0.724 4640
875.147 161.217 0.725 4640
875.107 161.337 0.725 4640
875.107 161.496 0.725 4656
875.107 161.615 0.725 4656
875.107 161.774 0.725 4656
875.107 161.973 0.725 4672
875.107 162.133 0.725 4688
875.107 162.292 0.725 4688
875.107 162.451 0.725 4688
875.107 162.650 0.725 4704
875.107 162.809 0.726 4720
875.107 163.008 0.726 4720
875.107 163.168 0.725 4720
875.107 163.327 0.726 4736
875.107 163.486 0.726 4736
875.107 163.645 0.726 4736
875.107 163.765 0.726 4752
875.107 163.924 0.726 4769
875.107 164.083 0.726 4769
875.107 164.282 0.726 4769
875.107 164.442 0.726 4785
875.107 164.601 0.726 4785
875.107 164.760 0.726 4801
875.107 164.919 0.726 4801
875.107 165.079 0.726 4801
875.107 165.278 0.726 4817
875.067 165.437 0.726 4817
875.027 165.556 0.726 4833
874.987 165.715 0.726 4833
874.947 165.914 0.726 4849
874.906 166.074 0.726 4849
874.866 166.233 0.726 4849
874.826 166.432 0.727 4865
874.786 166.631 0.726 4881
874.746 166.790 0.726 4881
874.746 166.950 0.727 4881
874.706 167.109 0.726 4897
874.666 167.268 0.726 4897
874.626 167.427 0.727 4897
874.586 167.586 0.727 4913
874.546 167.746 0.726 4929
874.506 167.905 0.727 4929
874.466 168.064 0.727 4929
874.426 168.223 0.726 4945
874.386 168.422 0.727 4945
874.306 168.582 0.727 4962
874.265 168.821 0.727 4962
874.185 169.020 0.727 4978
874.105 169.219 0.727 4978
874.025 169.418 0.727 4994
873.945 169.577 0.727 4994
873.905 169.736 0.727 4994
873.825 169.935 0.727 5010
873.785 170.094 0.727 5010
873.704 170.254 0.727 5026
873.664 170.413 0.727 5026
873.584 170.572 0.727 5042
873.544 170.771 0.727 5042
873.464 170.970 0.727 5042
873.384 171.129 0.727 5058
873.344 171.328 0.727 5074
873.264 171.488 0.727 5074
873.184 171.647 0.727 5074
873.104 171.806 0.727 5090
873.023 172.005 0.727 5090
872.943 172.164 0.727 5090
872.863 172.363 0.727 5106
872.783 172.562 0.727 5122
872.703 172.762 0.727 5122
872.623 172.921 0.727 5122
872.543 173.160 0.727 5138
872.462 173.319 0.727 5138
872.382 173.518 0.728 5154
872.302 173.677 0.727 5154
872.182 173.797 0.727 5170
872.062 173.956 0.727 5170
871.982 174.115 0.727 5187
871.861 174.274 0.727 5187
871.781 174.433 0.728 5187
871.661 174.633 0.727 5203
871.541 174.792 0.727 5203
871.381 174.991 0.728 5203
871.300 175.190 0.727 5219
871.180 175.349 0.728 5235
871.100 175.588 0.728 5235
870.980 175.787 0.727 5235
870.900 175.986 0.728 5251
870.820 176.185 0.728 5267
870.700 176.384 0.728 5267
870.619 176.623 0.728 5267
870.499 176.782 0.728 5283
870.379 176.981 0.728 5283
870.259 177.140 0.728 5283
870.139 177.300 0.728 5299
869.978 177.459 0.728 5315
869.818 177.618 0.729 5315
869.698 177.817 0.728 5315
869.538 177.976 0.728 5331
869.417 178.136 0.728 5348
869.297 178.255 0.728 5348
869.137 178.414 0.729 5348
868.977 178.574 0.728 5364
868.856 178.693 0.728 5364
868.696 178.852 0.729 5364
868.536 178.972 0.728 5380
868.336 179.091 0.728 5380
868.175 179.250 0.729 5396
867.975 179.370 0.728 5396
867.775 179.529 0.729 5396
867.614 179.688 0.729 5412
867.454 179.847 0.729 5428
867.334 180.007 0.728 5428
867.174 180.166 0.728 5428
867.013 180.285 0.729 5444
866.853 180.405 0.729 5444
866.733 180.484 0.729 5444
866.613 180.564 0.729 5460
866.452 180.683 0.728 5476
866.332 180.763 0.729 5476
866.132 180.803 0.729 5476
865.972 180.882 0.730 5492
865.811 181.002 0.729 5508
865.611 181.081 0.729 5508
865.411 181.161 0.729 5508
865.250 181.241 0.729 5524
865.050 181.360 0.729 5524
864.890 181.480 0.729 5524
864.689 181.599 0.729 5540
864.529 181.718 0.729 5557
864.369 181.878 0.729 5557
864.209 181.997 0.729 5558
864.048 182.116 0.729 5573
863.888 182.276 0.729 5573
863.768 182.355 0.729 5589
863.608 182.435 0.729 5589
863.487 182.515 0.729 5605
863.367 182.594 0.729 5605
863.207 182.674 0.729 5621
863.047 182.753 0.729 5621
862.886 182.833 0.729 5621
862.726 182.952 0.730 5637
862.566 183.032 0.730 5637
862.366 183.112 0.730 5637
862.205 183.191 0.729 5653
862.045 183.271 0.729 5669
861.845 183.351 0.730 5669
861.684 183.390 0.730 5669
861.484 183.430 0.730 5686
861.324 183.510 0.730 5702
861.164 183.550 0.730 5702
860.923 183.629 0.730 5702
860.763 183.669 0.730 5718
860.563 183.749 0.730 5718
860.402 183.828 0.730 5718
860.242 183.948 0.730 5734
860.082 184.027 0.730 5750
859.922 184.107 0.730 5750
859.761 184.186 0.730 5750
859.641 184.266 0.730 5766
859.521 184.346 0.730 5766
859.401 184.425 0.730 5783
859.280 184.465 0.730 5783
859.160 184.545 0.730 5799
859.040 184.624 0.730 5799
858.920 184.664 0.730 5799
858.760 184.704 0.730 5815
858.639 184.784 0.730 5815
858.479 184.823 0.730 5831
858.319 184.903 0.730 5831
858.159 185.022 0.730 5831
857.958 185.062 0.730 5847
857.798 185.142 0.731 5863
857.678 185.222 0.730 5863
857.518 185.261 0.730 5863
857.357 185.301 0.730 5880
857.197 185.301 0.730 5880
857.037 185.341 0.731 5880
856.876 185.381 0.731 5896
856.756 185.421 0.731 5912
856.596 185.460 0.731 5912
856.436 185.500 0.731 5912
856.316 185.500 0.731 5928
856.195 185.580 0.732 5928
856.035 185.580 0.731 5944
855.915 185.620 0.732 5944
855.795 185.659 0.732 5944
855.634 185.699 0.732 5960
855.474 185.739 0.732 5976
855.354 185.779 0.732 5976
855.234 185.779 0.732 5976
855.073 185.779 0.732 5993
854.953 185.779 0.732 5993
854.793 185.779 0.733 5993
854.673 185.779 0.733 6009
854.472 185.779 0.734 6025
854.312 185.779 0.734 6025
854.112 185.779 0.735 6025
853.952 185.779 0.735 6041
853.791 185.779 0.735 6057
853.591 185.779 0.736 6057
853.431 185.779 0.736 6057
853.230 185.779 0.735 6073
853.070 185.779 0.736 6073
852.950 185.779 0.736 6073
852.790 185.779 0.737 6089
852.629 185.779 0.737 6089
852.469 185.779 0.737 6106
852.349 185.779 0.738 6106
852.189 185.779 0.738 6122
851.988 185.779 0.738 6122
851.828 185.779 0.739 6138
851.628 185.779 0.739 6138
851.427 185.739 0.739 6138
851.227 185.699 0.739 6154
850.987 185.659 0.738 6154
850.786 185.620 0.740 6154
850.586 185.580 0.740 6170
850.386 185.540 0.739 6187
850.145 185.460 0.739 6187
849.945 185.421 0.740 6187
849.705 185.381 0.740 6203
849.504 185.301 0.740 6219
849.264 185.222 0.740 6219
849.023 185.142 0.740 6219
848.783 185.062 0.740 6235
848.543 184.983 0.740 6235
848.302 184.863 0.740 6251
848.022 184.784 0.740 6251
847.781 184.664 0.740 6267
847.541 184.585 0.740 6267
847.260 184.465 0.741 6267
847.020 184.306 0.740 6283
846.700 184.107 0.740 6283
846.459 183.868 0.734 6300
846.179 183.470 0.700 6300
845.858 182.952 0.617 6300
845.497 182.236 0.467 6316
844.977 181.360 0.139 6332

