% x_coordinate y_coordinate pressure time
% shape 0, 1033 points
439.781 289.957 0.022 0
439.701 289.957 0.047 16
439.661 289.997 0.058 16
439.621 290.037 0.067 17
439.581 290.077 0.074 32
439.541 290.116 0.080 48
439.541 290.196 0.084 49
439.501 290.236 0.088 50
439.501 290.315 0.094 64
439.461 290.355 0.106 64
439.461 290.395 0.122 80
439.421 290.395 0.144 80
439.381 290.435 0.160 96
439.341 290.515 0.171 96
439.301 290.554 0.179 112
439.301 290.594 0.185 112
439.301 290.634 0.187 112
439.301 290.714 0.186 128
439.301 290.753 0.186 128
439.301 290.833 0.183 128
439.301 290.913 0.184 144
439.301 290.992 0.184 160
439.301 291.032 0.185 160
439.381 291.112 0.186 160
439.421 291.112 0.187 176
439.501 291.151 0.204 193
439.541 291.151 0.236 193
439.581 291.151 0.253 193
439.621 291.151 0.267 209
439.661 291.151 0.279 209
439.661 291.151 0.292 209
439.741 291.151 0.304 225
439.821 291.151 0.314 241
439.861 291.151 0.326 241
439.982 291.151 0.337 241
440.102 291.112 0.352 257
440.222 290.992 0.365 257
440.382 290.913 0.375 273
440.503 290.793 0.385 273
440.663 290.714 0.393 273
440.783 290.634 0.401 289
440.903 290.554 0.406 289
441.063 290.515 0.408 305
441.224 290.475 0.409 305
441.384 290.475 0.410 321
441.584 290.435 0.411 321
441.825 290.355 0.411 321
442.065 290.276 0.411 337
442.346 290.196 0.411 354
442.666 290.037 0.411 354
442.947 289.917 0.412 354
443.227 289.718 0.412 370
443.548 289.559 0.412 370
443.788 289.400 0.413 370
444.068 289.201 0.413 386
444.269 289.042 0.414 402
444.509 288.882 0.415 402
444.750 288.763 0.416 402
444.990 288.604 0.417 418
445.230 288.524 0.417 434
445.471 288.405 0.417 434
445.711 288.285 0.417 434
445.992 288.166 0.417 450
446.232 288.007 0.417 450
446.513 287.847 0.418 450
446.793 287.648 0.418 466
447.073 287.370 0.418 483
447.354 287.131 0.419 483
447.594 286.892 0.418 483
447.835 286.693 0.419 499
448.035 286.494 0.419 499
448.275 286.295 0.420 515
448.476 286.136 0.421 515
448.676 285.976 0.421 515
448.876 285.857 0.421 531
449.117 285.738 0.422 548
449.357 285.578 0.422 548
449.638 285.419 0.422 548
449.918 285.220 0.422 564
450.199 284.941 0.422 564
450.479 284.703 0.422 564
450.800 284.424 0.423 580
451.080 284.185 0.423 596
451.361 283.906 0.422 596
451.561 283.668 0.423 596
451.801 283.469 0.425 612
452.002 283.269 0.430 612
452.202 283.070 0.435 628
452.442 282.871 0.438 628
452.643 282.633 0.440 644
452.883 282.433 0.440 644
453.124 282.234 0.440 645
453.364 281.996 0.441 661
453.644 281.757 0.441 661
453.925 281.478 0.441 678
454.205 281.239 0.441 678
454.486 281.000 0.441 694
454.806 280.722 0.441 694
455.047 280.363 0.441 710
455.367 280.045 0.442 710
455.648 279.766 0.442 710
455.928 279.448 0.443 726
456.169 279.129 0.443 726
456.449 278.851 0.444 726
456.730 278.612 0.444 742
457.010 278.373 0.444 758
457.290 278.055 0.444 758
457.571 277.816 0.444 758
457.851 277.537 0.444 775
458.212 277.258 0.445 791
458.573 276.940 0.445 791
458.933 276.621 0.445 791
459.294 276.263 0.445 807
459.654 275.865 0.445 807
460.015 275.467 0.445 807
460.416 275.109 0.445 823
460.776 274.711 0.445 823
461.177 274.352 0.445 839
461.578 274.034 0.445 839
461.938 273.676 0.445 855
462.299 273.317 0.446 855
462.619 272.999 0.445 872
462.980 272.641 0.446 872
463.301 272.322 0.446 872
463.661 271.964 0.446 888
464.062 271.606 0.446 888
464.462 271.208 0.446 888
464.823 270.849 0.446 904
465.224 270.451 0.446 920
465.584 270.093 0.446 920
465.985 269.695 0.446 920
466.306 269.337 0.446 936
466.706 268.899 0.446 952
467.067 268.540 0.446 952
467.387 268.182 0.447 952
467.748 267.784 0.446 969
468.109 267.386 0.446 969
468.469 267.028 0.447 985
468.790 266.590 0.447 985
469.150 266.192 0.447 985
469.511 265.794 0.447 1001
469.791 265.435 0.447 1001
470.072 265.077 0.447 1017
470.352 264.719 0.447 1017
470.633 264.361 0.447 1033
470.873 264.042 0.447 1033
471.154 263.684 0.448 1033
471.434 263.325 0.447 1049
471.755 263.007 0.448 1066
472.035 262.649 0.448 1066
472.356 262.251 0.448 1066
472.676 261.853 0.448 1082
472.957 261.454 0.448 1082
473.237 261.056 0.448 1082
473.558 260.658 0.449 1098
473.838 260.260 0.449 1114
474.119 259.822 0.449 1114
474.399 259.345 0.450 1114
474.679 258.947 0.450 1131
475.000 258.548 0.450 1147
475.280 258.150 0.450 1147
475.561 257.792 0.450 1147
475.801 257.394 0.450 1163
476.082 257.036 0.450 1163
476.322 256.677 0.450 1163
476.563 256.319 0.450 1179
476.803 255.921 0.450 1179
477.043 255.523 0.450 1195
477.364 255.045 0.451 1195
477.644 254.647 0.452 1195
477.885 254.209 0.453 1211
478.165 253.811 0.454 1228
478.446 253.413 0.455 1228
478.686 253.015 0.457 1228
478.927 252.577 0.457 1244
479.167 252.139 0.458 1244
479.407 251.781 0.459 1244
479.648 251.383 0.461 1260
479.888 250.985 0.462 1276
480.129 250.587 0.464 1276
480.329 250.189 0.465 1276
480.529 249.791 0.467 1292
480.730 249.432 0.469 1308
480.930 249.034 0.471 1308
481.130 248.636 0.473 1308
481.371 248.198 0.475 1325
481.571 247.800 0.477 1325
481.771 247.442 0.478 1341
481.972 247.084 0.480 1341
482.172 246.725 0.481 1341
482.412 246.367 0.482 1357
482.613 245.969 0.483 1357
482.813 245.611 0.484 1373
483.013 245.213 0.486 1373
483.214 244.815 0.488 1389
483.414 244.417 0.491 1389
483.574 244.018 0.495 1389
483.775 243.581 0.499 1405
483.935 243.222 0.502 1421
484.095 242.824 0.505 1421
484.296 242.466 0.508 1421
484.456 242.108 0.509 1437
484.696 241.749 0.511 1437
484.856 241.351 0.511 1437
485.097 240.993 0.511 1454
485.297 240.635 0.512 1470
485.497 240.276 0.512 1470
485.698 239.958 0.513 1470
485.858 239.560 0.516 1486
486.018 239.162 0.518 1502
486.139 238.804 0.523 1502
486.299 238.445 0.528 1502
486.459 238.087 0.532 1518
486.579 237.769 0.535 1518
486.700 237.410 0.538 1518
486.860 237.052 0.538 1534
487.020 236.654 0.539 1551
487.140 236.296 0.539 1551
487.301 235.977 0.540 1551
487.421 235.619 0.541 1567
487.541 235.261 0.541 1567
487.701 234.942 0.541 1583
487.781 234.544 0.542 1583
487.901 234.226 0.543 1583
487.982 233.907 0.543 1599
488.062 233.589 0.545 1599
488.142 233.310 0.548 1599
488.182 233.071 0.552 1615
488.302 232.792 0.555 1632
488.342 232.554 0.557 1632
488.382 232.275 0.559 1632
488.462 232.036 0.560 1648
488.502 231.837 0.561 1664
488.583 231.598 0.562 1664
488.583 231.359 0.562 1664
488.663 231.121 0.562 1680
488.703 230.842 0.563 1680
488.743 230.603 0.564 1696
488.823 230.364 0.565 1696
488.863 230.086 0.566 1696
488.903 229.847 0.567 1713
488.943 229.608 0.568 1713
488.983 229.369 0.570 1729
489.023 229.130 0.571 1729
489.063 228.851 0.572 1745
489.063 228.573 0.572 1745
489.063 228.294 0.574 1745
489.063 228.055 0.576 1761
489.063 227.737 0.578 1777
489.063 227.458 0.581 1777
489.063 227.180 0.584 1777
489.063 226.941 0.586 1793
489.063 226.702 0.589 1793
489.063 226.503 0.591 1793
489.104 226.264 0.593 1809
489.104 226.025 0.595 1826
489.144 225.826 0.596 1826
489.144 225.587 0.596 1826
489.144 225.428 0.597 1842
489.144 225.229 0.597 1858
489.144 225.030 0.598 1858
489.144 224.871 0.599 1858
489.144 224.711 0.599 1874
489.144 224.552 0.600 1874
489.144 224.353 0.601 1874
489.144 224.194 0.602 1890
489.144 223.995 0.603 1890
489.104 223.836 0.605 1906
489.023 223.676 0.606 1906
488.983 223.517 0.607 1923
488.903 223.318 0.608 1923
488.823 223.159 0.609 1939
488.783 223.039 0.610 1939
488.663 222.880 0.611 1939
488.583 222.761 0.611 1955
488.502 222.641 0.612 1955
488.422 222.522 0.612 1955
488.302 222.402 0.613 1971
488.222 222.323 0.613 1987
488.102 222.203 0.614 1987
488.022 222.124 0.616 1987
487.901 222.004 0.616 2003
487.781 221.965 0.617 2020
487.661 221.885 0.619 2020
487.541 221.845 0.618 2020
487.421 221.805 0.620 2036
487.301 221.766 0.620 2036
487.140 221.726 0.622 2036
487.020 221.726 0.622 2052
486.860 221.646 0.623 2068
486.700 221.606 0.624 2068
486.539 221.567 0.624 2068
486.379 221.487 0.626 2084
486.259 221.407 0.627 2084
486.139 221.328 0.630 2100
486.058 221.208 0.631 2100
485.978 221.129 0.632 2117
485.858 221.049 0.634 2117
485.778 221.009 0.635 2117
485.698 220.969 0.635 2133
485.618 220.930 0.636 2133
485.538 220.890 0.636 2149
485.417 220.850 0.636 2149
485.337 220.850 0.637 2165
485.257 220.810 0.637 2165
485.177 220.810 0.638 2181
485.057 220.810 0.637 2181
484.977 220.810 0.637 2181
484.897 220.810 0.638 2197
484.776 220.810 0.638 2197
484.696 220.810 0.638 2197
484.576 220.810 0.639 2213
484.456 220.810 0.639 2230
484.296 220.810 0.639 2230
484.135 220.810 0.640 2230
483.975 220.810 0.640 2246
483.815 220.810 0.641 2262
483.654 220.810 0.643 2262
483.494 220.810 0.644 2262
483.334 220.810 0.644 2278
483.174 220.850 0.644 2278
483.013 220.930 0.645 2278
482.813 220.969 0.645 2294
482.653 221.049 0.645 2311
482.533 221.089 0.645 2311
482.372 221.168 0.646 2311
482.292 221.208 0.646 2327
482.172 221.328 0.646 2327
482.052 221.407 0.647 2343
481.932 221.447 0.647 2343
481.811 221.527 0.647 2343
481.691 221.606 0.647 2359
481.571 221.686 0.647 2375
481.411 221.805 0.648 2375
481.250 221.885 0.648 2375
481.130 222.004 0.648 2392
481.010 222.124 0.649 2392
480.890 222.243 0.650 2392
480.730 222.363 0.651 2408
480.569 222.482 0.652 2424
480.449 222.602 0.653 2424
480.289 222.761 0.653 2424
480.129 222.920 0.653 2440
479.888 223.079 0.654 2440
479.728 223.238 0.653 2456
479.528 223.398 0.654 2456
479.367 223.637 0.654 2472
479.167 223.796 0.654 2472
479.007 223.995 0.655 2472
478.846 224.194 0.654 2489
478.686 224.393 0.655 2489
478.526 224.592 0.655 2505
478.366 224.791 0.655 2505
478.205 224.990 0.656 2505
478.085 225.189 0.656 2521
477.925 225.428 0.656 2537
477.845 225.627 0.656 2537
477.765 225.826 0.656 2537
477.644 226.065 0.656 2553
477.564 226.264 0.656 2553
477.484 226.463 0.656 2553
477.364 226.662 0.656 2569
477.284 226.901 0.656 2586
477.204 227.100 0.656 2586
477.124 227.339 0.657 2586
477.003 227.617 0.657 2602
476.923 227.856 0.657 2618
476.843 228.095 0.657 2618
476.723 228.374 0.657 2618
476.603 228.613 0.657 2634
476.482 228.851 0.657 2634
476.402 229.090 0.657 2634
476.282 229.289 0.657 2650
476.162 229.528 0.657 2667
476.082 229.727 0.657 2667
476.002 229.966 0.657 2667
475.922 230.205 0.658 2683
475.801 230.484 0.658 2683
475.681 230.722 0.657 2699
475.521 231.001 0.658 2699
475.361 231.240 0.658 2699
475.240 231.519 0.658 2715
475.080 231.757 0.658 2715
474.960 231.996 0.658 2731
474.880 232.195 0.658 2731
474.800 232.434 0.658 2747
474.720 232.673 0.658 2747
474.639 232.872 0.658 2747
474.559 233.071 0.658 2763
474.479 233.310 0.658 2779
474.399 233.509 0.658 2779
474.319 233.708 0.658 2779
474.239 233.907 0.658 2795
474.119 234.146 0.658 2795
474.038 234.385 0.658 2795
473.918 234.584 0.658 2811
473.838 234.783 0.658 2828
473.718 235.062 0.658 2828
473.598 235.300 0.658 2828
473.518 235.539 0.659 2844
473.397 235.738 0.658 2860
473.317 235.977 0.659 2860
473.237 236.216 0.659 2860
473.157 236.455 0.658 2876
473.077 236.654 0.658 2876
472.997 236.853 0.658 2876
472.917 237.052 0.658 2892
472.836 237.291 0.658 2908
472.756 237.530 0.658 2908
472.636 237.769 0.658 2908
472.556 238.007 0.659 2924
472.476 238.246 0.658 2924
472.356 238.485 0.659 2940
472.275 238.724 0.659 2940
472.155 238.963 0.658 2940
472.075 239.162 0.659 2956
471.955 239.401 0.658 2973
471.915 239.640 0.658 2973
471.835 239.839 0.659 2973
471.755 240.038 0.659 2989
471.715 240.237 0.658 2989
471.594 240.436 0.658 2989
471.554 240.635 0.658 3005
471.474 240.834 0.658 3021
471.394 240.993 0.658 3021
471.314 241.192 0.658 3022
471.194 241.431 0.658 3037
471.114 241.630 0.658 3053
471.033 241.869 0.658 3053
470.953 242.108 0.658 3053
470.873 242.346 0.658 3069
470.833 242.585 0.658 3069
470.713 242.784 0.658 3069
470.673 243.023 0.658 3085
470.593 243.262 0.658 3101
470.513 243.461 0.658 3101
470.432 243.660 0.658 3101
470.392 243.899 0.658 3117
470.312 244.138 0.659 3117
470.232 244.337 0.658 3133
470.152 244.536 0.658 3133
470.112 244.775 0.659 3149
470.032 244.974 0.659 3149
469.952 245.213 0.659 3149
469.871 245.412 0.659 3166
469.831 245.611 0.658 3166
469.751 245.850 0.658 3182
469.671 246.049 0.658 3182
469.631 246.327 0.658 3182
469.551 246.526 0.658 3198
469.511 246.725 0.658 3214
469.431 246.964 0.658 3214
469.351 247.163 0.659 3214
469.270 247.362 0.658 3230
469.190 247.561 0.658 3230
469.110 247.760 0.659 3230
469.070 247.959 0.658 3246
468.990 248.198 0.659 3262
468.950 248.397 0.658 3262
468.870 248.676 0.658 3262
468.830 248.875 0.658 3278
468.710 249.114 0.658 3278
468.629 249.353 0.658 3294
468.549 249.592 0.659 3294
468.469 249.791 0.659 3310
468.389 250.029 0.658 3310
468.309 250.229 0.659 3326
468.269 250.467 0.659 3326
468.189 250.666 0.658 3326
468.109 250.945 0.659 3342
468.028 251.144 0.659 3342
467.988 251.383 0.659 3359
467.908 251.622 0.659 3359
467.868 251.861 0.659 3375
467.788 252.100 0.658 3375
467.708 252.338 0.658 3375
467.668 252.537 0.658 3391
467.588 252.776 0.658 3407
467.508 253.015 0.658 3407
467.427 253.294 0.658 3407
467.347 253.533 0.658 3423
467.307 253.771 0.659 3423
467.227 254.010 0.659 3423
467.147 254.209 0.659 3439
467.107 254.448 0.659 3456
467.027 254.687 0.658 3456
466.987 254.886 0.658 3456
466.906 255.125 0.659 3472
466.826 255.404 0.659 3472
466.746 255.642 0.658 3488
466.626 255.881 0.659 3488
466.546 256.160 0.658 3505
466.426 256.439 0.659 3505
466.346 256.717 0.659 3505
466.225 256.996 0.659 3521
466.145 257.275 0.659 3521
465.985 257.513 0.659 3537
465.905 257.832 0.660 3537
465.785 258.071 0.660 3537
465.664 258.310 0.660 3553
465.584 258.588 0.660 3570
465.464 258.827 0.659 3570
465.384 259.106 0.660 3570
465.264 259.345 0.660 3586
465.184 259.623 0.659 3586
465.063 259.942 0.660 3586
464.983 260.220 0.660 3603
464.863 260.499 0.659 3619
464.783 260.778 0.659 3619
464.663 261.017 0.659 3619
464.583 261.255 0.659 3635
464.503 261.494 0.659 3635
464.382 261.693 0.659 3651
464.302 261.932 0.659 3651
464.182 262.131 0.660 3667
464.062 262.450 0.659 3667
463.942 262.689 0.660 3668
463.861 262.927 0.660 3684
463.741 263.166 0.660 3684
463.621 263.405 0.660 3700
463.501 263.644 0.660 3700
463.381 263.883 0.659 3700
463.260 264.122 0.660 3716
463.180 264.321 0.660 3732
463.060 264.560 0.659 3732
462.980 264.759 0.660 3732
462.860 264.958 0.660 3748
462.780 265.157 0.660 3764
462.699 265.356 0.660 3764
462.579 265.555 0.660 3764
462.499 265.754 0.660 3781
462.339 265.953 0.660 3781
462.259 266.112 0.660 3781
462.179 266.311 0.660 3797
462.099 266.510 0.658 3813
462.018 266.669 0.659 3813
461.978 266.908 0.659 3813
461.898 267.147 0.659 3829
461.818 267.346 0.659 3829
461.738 267.545 0.659 3845
461.658 267.744 0.660 3845
461.618 267.943 0.660 3845
461.578 268.142 0.660 3861
461.497 268.341 0.659 3861
461.457 268.540 0.659 3861
461.377 268.739 0.659 3878
461.337 268.938 0.658 3894
461.297 269.177 0.659 3894
461.257 269.416 0.658 3894
461.217 269.615 0.658 3910
461.177 269.814 0.658 3926
461.137 270.013 0.659 3926
461.097 270.212 0.658 3926
461.057 270.411 0.659 3942
461.017 270.571 0.658 3942
460.977 270.770 0.658 3942
460.937 270.969 0.659 3958
460.856 271.168 0.659 3975
460.776 271.407 0.659 3975
460.696 271.606 0.659 3975
460.616 271.844 0.659 3991
460.576 272.043 0.659 3991
460.496 272.243 0.660 4007
460.416 272.481 0.659 4007
460.336 272.641 0.660 4023
460.295 272.840 0.660 4023
460.255 272.999 0.659 4023
460.175 273.198 0.660 4039
460.135 273.357 0.659 4039
460.095 273.556 0.660 4056
460.015 273.755 0.660 4056
459.975 273.954 0.660 4072
459.895 274.153 0.660 4072
459.815 274.352 0.660 4088
459.775 274.551 0.660 4088
459.694 274.750 0.660 4088
459.614 274.949 0.659 4104
459.534 275.149 0.660 4104
459.454 275.348 0.660 4104
459.374 275.547 0.660 4120
459.294 275.746 0.660 4136
459.214 275.985 0.660 4136
459.174 276.184 0.660 4136
459.093 276.383 0.659 4152
459.013 276.582 0.660 4168
458.933 276.781 0.660 4168
458.893 276.980 0.660 4168
458.813 277.179 0.660 4185
458.773 277.378 0.660 4185
458.693 277.577 0.660 4201
458.613 277.776 0.660 4201
458.573 277.975 0.660 4202
458.492 278.214 0.659 4217
458.412 278.413 0.659 4217
458.332 278.572 0.659 4233
458.292 278.771 0.659 4233
458.252 278.970 0.659 4249
458.212 279.129 0.659 4249
458.132 279.328 0.660 4249
458.092 279.527 0.660 4265
458.052 279.727 0.660 4281
458.012 279.926 0.660 4281
457.972 280.125 0.659 4281
457.932 280.324 0.659 4297
457.932 280.602 0.659 4297
457.891 280.801 0.659 4297
457.851 280.961 0.659 4313
457.851 281.160 0.659 4330
457.811 281.359 0.659 4330
457.771 281.558 0.659 4330
457.771 281.717 0.659 4346
457.731 281.916 0.658 4346
457.731 282.075 0.659 4362
457.691 282.274 0.659 4362
457.691 282.433 0.659 4378
457.651 282.633 0.659 4378
457.651 282.832 0.659 4378
457.611 283.031 0.659 4394
457.571 283.190 0.660 4394
457.571 283.389 0.659 4410
457.531 283.548 0.659 4410
457.491 283.747 0.659 4410
457.491 283.946 0.659 4427
457.451 284.145 0.659 4443
457.451 284.305 0.659 4443
457.451 284.464 0.659 4443
457.411 284.663 0.659 4459
457.411 284.822 0.659 4475
457.411 284.981 0.658 4475
457.411 285.180 0.659 4475
457.411 285.339 0.659 4492
457.411 285.499 0.659 4492
457.411 285.658 0.659 4492
457.411 285.817 0.659 4508
457.371 285.976 0.659 4508
457.371 286.136 0.659 4524
457.371 286.255 0.659 4524
457.331 286.374 0.659 4540
457.331 286.494 0.659 4540
457.331 286.573 0.659 4556
457.331 286.693 0.659 4556
457.331 286.812 0.659 4556
457.331 286.932 0.659 4572
457.331 287.051 0.659 4572
457.331 287.171 0.659 4572
457.331 287.370 0.659 4588
457.371 287.449 0.659 4605
457.411 287.609 0.659 4605
457.451 287.728 0.659 4605
457.531 287.847 0.660 4621
457.611 287.967 0.660 4637
457.651 288.086 0.660 4637
457.731 288.245 0.662 4637
457.771 288.365 0.663 4653
457.891 288.484 0.664 4653
457.972 288.644 0.664 4653
458.052 288.763 0.664 4669
458.132 288.922 0.665 4685
458.252 289.002 0.665 4685
458.332 289.121 0.666 4685
458.412 289.201 0.667 4701
458.492 289.320 0.667 4701
458.533 289.400 0.669 4718
458.653 289.480 0.670 4718
458.773 289.559 0.669 4718
458.853 289.639 0.671 4734
458.973 289.718 0.672 4750
459.053 289.758 0.672 4750
459.174 289.838 0.672 4750
459.294 289.917 0.673 4766
459.374 289.997 0.673 4766
459.534 290.037 0.673 4766
459.654 290.077 0.673 4782
459.775 290.116 0.673 4798
459.895 290.156 0.674 4798
460.015 290.156 0.674 4798
460.175 290.156 0.674 4814
460.336 290.156 0.675 4831
460.496 290.156 0.675 4831
460.696 290.156 0.676 4831
460.897 290.156 0.677 4847
461.097 290.156 0.676 4847
461.337 290.156 0.677 4847
461.538 290.156 0.678 4863
461.738 290.156 0.678 4863
461.938 290.156 0.678 4879
462.139 290.156 0.678 4879
462.379 290.156 0.679 4895
462.579 290.156 0.678 4895
462.820 290.156 0.679 4911
463.060 290.156 0.678 4911
463.301 290.156 0.680 4911
463.541 290.156 0.679 4927
463.741 290.156 0.680 4927
463.942 290.156 0.680 4927
464.142 290.156 0.681 4945
464.342 290.156 0.680 4961
464.543 290.156 0.680 4961
464.703 290.116 0.681 4961
464.943 290.116 0.681 4977
465.144 290.077 0.681 4993
465.384 290.077 0.681 4993
465.584 290.037 0.681 4993
465.825 289.997 0.681 5009
466.065 289.957 0.681 5009
466.265 289.917 0.682 5009
466.506 289.878 0.682 5026
466.706 289.798 0.682 5042
466.987 289.758 0.681 5042
467.227 289.679 0.681 5043
467.467 289.599 0.682 5058
467.748 289.440 0.683 5058
467.988 289.320 0.683 5074
468.269 289.201 0.682 5074
468.549 289.081 0.683 5074
468.790 289.002 0.683 5090
469.030 288.882 0.683 5106
469.270 288.803 0.683 5106
469.511 288.723 0.683 5106
469.751 288.644 0.684 5122
469.952 288.564 0.683 5122
470.232 288.484 0.683 5122
470.472 288.405 0.684 5138
470.713 288.285 0.683 5155
470.993 288.166 0.683 5155
471.234 288.046 0.684 5155
471.514 287.887 0.684 5171
471.795 287.688 0.684 5187
472.035 287.529 0.685 5187
472.275 287.330 0.684 5187
472.556 287.091 0.685 5203
472.796 286.932 0.685 5203
473.077 286.773 0.685 5203
473.317 286.573 0.685 5219
473.558 286.454 0.685 5219
473.838 286.295 0.685 5235
474.078 286.136 0.686 5235
474.359 286.016 0.685 5251
474.639 285.897 0.685 5251
474.920 285.738 0.686 5268
475.200 285.578 0.685 5268
475.481 285.419 0.685 5268
475.801 285.260 0.686 5284
476.082 285.061 0.686 5284
476.362 284.782 0.686 5284
476.683 284.543 0.686 5300
476.963 284.305 0.686 5316
477.244 284.066 0.687 5316
477.564 283.827 0.686 5316
477.805 283.628 0.687 5332
478.045 283.389 0.687 5348
478.285 283.190 0.687 5348
478.486 283.031 0.687 5348
478.686 282.792 0.687 5364
478.886 282.593 0.687 5364
479.127 282.314 0.687 5364
479.327 282.075 0.688 5381
479.568 281.757 0.688 5397
479.808 281.478 0.688 5397
480.048 281.120 0.688 5397
480.329 280.801 0.688 5414
480.569 280.443 0.688 5414
480.850 280.045 0.688 5430
481.050 279.687 0.688 5430
481.290 279.328 0.689 5430
481.531 279.010 0.688 5446
481.771 278.652 0.689 5462
482.012 278.333 0.689 5462
482.252 278.015 0.689 5462
482.492 277.617 0.689 5479
482.693 277.258 0.689 5479
482.973 276.900 0.689 5479
483.214 276.542 0.689 5495
483.414 276.184 0.689 5511
483.654 275.785 0.689 5511
483.895 275.348 0.689 5511
484.095 274.989 0.689 5528
484.296 274.591 0.689 5528
484.496 274.233 0.690 5544
484.696 273.875 0.690 5544
484.856 273.516 0.689 5544
485.057 273.118 0.690 5560
485.257 272.760 0.691 5560
485.417 272.442 0.691 5576
485.578 272.083 0.691 5576
485.738 271.725 0.691 5593
485.938 271.367 0.691 5593
486.058 270.969 0.692 5593
486.219 270.610 0.691 5609
486.379 270.252 0.691 5625
486.539 269.894 0.691 5625
486.700 269.536 0.691 5625
486.900 269.177 0.691 5642
487.060 268.859 0.691 5642
487.260 268.501 0.691 5642
487.461 268.182 0.691 5658
487.661 267.824 0.691 5674
487.861 267.505 0.691 5674
488.022 267.227 0.691 5675
488.182 266.908 0.692 5690
488.342 266.590 0.691 5690
488.502 266.232 0.692 5706
488.623 265.953 0.691 5706
488.743 265.634 0.692 5722
488.863 265.356 0.692 5722
488.983 265.077 0.692 5722
489.063 264.798 0.692 5738
489.184 264.560 0.692 5738
489.264 264.281 0.692 5754
489.384 263.923 0.693 5754
489.464 263.644 0.692 5754
489.584 263.325 0.692 5770
489.705 263.007 0.693 5786
489.825 262.728 0.693 5786
489.905 262.410 0.693 5786
489.985 262.131 0.692 5802
490.025 261.813 0.693 5802
490.105 261.534 0.693 5802
490.145 261.255 0.694 5818
490.185 261.017 0.693 5834
490.185 260.778 0.694 5834
490.225 260.539 0.693 5834
490.225 260.300 0.694 5851
490.225 260.061 0.694 5867
490.265 259.783 0.693 5867
490.265 259.464 0.694 5867
490.265 259.185 0.694 5883
490.265 258.867 0.694 5883
490.265 258.548 0.695 5899
490.265 258.270 0.696 5899
490.265 257.991 0.695 5899
490.265 257.752 0.696 5915
490.265 257.513 0.696 5915
490.225 257.275 0.697 5915
490.145 257.115 0.697 5931
490.065 256.996 0.698 5947
489.985 256.876 0.699 5947
489.905 256.757 0.699 5947
489.825 256.677 0.699 5963
489.745 256.558 0.700 5979
489.624 256.478 0.700 5979
489.504 256.359 0.701 5979
489.384 256.240 0.701 5995
489.224 256.120 0.702 5995
489.104 256.041 0.702 5995
488.943 255.921 0.702 6012
488.783 255.802 0.702 6028
488.583 255.762 0.702 6028
488.462 255.682 0.703 6028
488.262 255.642 0.703 6044
488.102 255.642 0.703 6044
487.901 255.603 0.703 6060
487.741 255.603 0.703 6060
487.541 255.603 0.703 6060
487.381 255.603 0.703 6076
487.220 255.603 0.703 6092
487.060 255.603 0.703 6092
486.900 255.603 0.704 6092
486.740 255.603 0.704 6108
486.579 255.603 0.704 6108
486.459 255.603 0.705 6108
486.299 255.642 0.704 6125
486.098 255.682 0.705 6141
485.938 255.762 0.704 6141
485.778 255.881 0.704 6141
485.578 256.001 0.704 6157
485.417 256.120 0.704 6173
485.217 256.279 0.703 6173
485.057 256.439 0.704 6173
484.856 256.598 0.704 6189
484.616 256.757 0.704 6189
484.416 256.916 0.704 6189
484.255 257.076 0.704 6205
484.055 257.195 0.704 6205
483.855 257.354 0.705 6221
483.694 257.593 0.705 6221
483.494 257.752 0.705 6237
483.294 257.951 0.705 6237
483.134 258.150 0.705 6253
482.933 258.349 0.705 6253
482.733 258.548 0.706 6253
482.533 258.787 0.706 6269
482.372 258.986 0.706 6285
482.212 259.225 0.706 6285
482.052 259.464 0.706 6285
481.851 259.743 0.706 6301
481.731 259.982 0.706 6301
481.651 260.181 0.706 6301
481.531 260.380 0.706 6317
481.451 260.618 0.706 6333
481.371 260.818 0.706 6333
481.290 261.017 0.706 6333
481.210 261.216 0.706 6349
481.170 261.415 0.707 6349
481.090 261.614 0.708 6365
481.010 261.813 0.708 6365
480.930 262.052 0.709 6382
480.850 262.290 0.709 6382
480.810 262.490 0.709 6398
480.730 262.728 0.710 6398
480.689 262.927 0.711 6398
480.689 263.166 0.711 6414
480.649 263.365 0.711 6414
480.649 263.564 0.712 6414
480.649 263.763 0.711 6430
480.649 263.962 0.712 6446
480.649 264.122 0.712 6446
480.649 264.361 0.713 6446
480.649 264.560 0.714 6462
480.649 264.759 0.714 6462
480.649 264.918 0.715 6478
480.649 265.117 0.715 6478
480.649 265.316 0.716 6494
480.649 265.475 0.716 6494
480.649 265.674 0.717 6510
480.649 265.873 0.717 6510
480.649 266.032 0.719 6510
480.689 266.192 0.720 6527
480.770 266.391 0.721 6527
480.850 266.630 0.723 6527
480.930 266.789 0.724 6544
481.050 267.028 0.724 6560
481.170 267.227 0.726 6560
481.250 267.426 0.726 6560
481.371 267.625 0.727 6576
481.491 267.824 0.727 6592
481.611 268.023 0.727 6592
481.731 268.222 0.727 6592
481.891 268.421 0.728 6608
482.012 268.620 0.728 6608
482.172 268.819 0.728 6608
482.292 268.978 0.729 6624
482.492 269.138 0.729 6640
482.653 269.297 0.730 6640
482.853 269.416 0.731 6640
483.053 269.575 0.732 6656
483.254 269.695 0.733 6656
483.494 269.854 0.733 6672
483.694 269.973 0.734 6672
483.895 270.093 0.734 6688
484.135 270.212 0.734 6688
484.336 270.332 0.735 6688
484.616 270.411 0.735 6704
484.856 270.531 0.735 6704
485.097 270.610 0.736 6720
485.337 270.650 0.737 6720
485.578 270.730 0.738 6720
485.858 270.770 0.738 6736
486.098 270.809 0.739 6752
486.379 270.889 0.739 6752
486.619 270.929 0.740 6752
486.900 270.929 0.739 6768
487.180 270.969 0.740 6784
487.461 270.969 0.741 6784
487.701 270.969 0.741 6784
488.022 270.969 0.743 6800
488.342 270.969 0.744 6800
488.623 270.969 0.744 6800
488.903 270.969 0.746 6816
489.144 270.969 0.746 6832
489.424 271.009 0.746 6832
489.664 271.009 0.746 6832
489.905 271.009 0.746 6849
490.145 271.009 0.746 6849
490.386 271.009 0.746 6865
490.626 271.009 0.747 6865
490.866 271.009 0.747 6865
491.107 271.009 0.747 6881
491.347 271.009 0.747 6881
491.588 271.009 0.747 6897
491.868 271.009 0.747 6897
492.068 271.009 0.747 6913
492.309 271.009 0.747 6913
492.549 271.009 0.747 6913
492.750 271.009 0.747 6929
492.990 271.009 0.747 6945
493.270 271.009 0.747 6945
493.511 271.009 0.747 6945
493.751 271.009 0.748 6961
493.992 270.889 0.748 6961
494.232 270.849 0.748 6961
494.472 270.770 0.749 6977
494.713 270.690 0.748 6993
494.953 270.610 0.749 6993
495.234 270.531 0.749 6993
495.514 270.451 0.748 7010
495.755 270.372 0.749 7026
495.995 270.292 0.749 7026
496.275 270.252 0.749 7026
496.556 270.172 0.749 7042
496.836 270.133 0.749 7042
497.077 270.053 0.749 7042
497.357 269.973 0.750 7058
497.638 269.894 0.749 7058
497.958 269.774 0.750 7074
498.239 269.615 0.750 7074
498.639 269.456 0.750 7074
498.960 269.257 0.750 7090
499.280 269.098 0.751 7106
499.561 268.899 0.751 7106
499.881 268.700 0.751 7106
500.202 268.461 0.751 7122
500.482 268.262 0.751 7138
500.763 268.063 0.751 7138
501.083 267.864 0.752 7138
501.364 267.704 0.751 7154
501.725 267.545 0.752 7154
502.005 267.386 0.752 7154
502.326 267.227 0.751 7170
502.646 267.067 0.752 7187
502.927 266.908 0.752 7187
503.247 266.749 0.752 7187
503.568 266.550 0.752 7203
503.888 266.351 0.752 7203
504.209 266.112 0.752 7219
504.529 265.873 0.753 7219
504.930 265.634 0.752 7235
505.290 265.396 0.753 7235
505.611 265.117 0.753 7235
505.932 264.878 0.753 7251
506.252 264.599 0.754 7251
506.573 264.361 0.754 7267
506.893 264.082 0.754 7267
507.214 263.803 0.754 7267
507.574 263.525 0.754 7283
507.975 263.206 0.754 7299
508.376 262.888 0.753 7299
508.856 262.450 0.739 7299
509.417 261.853 0.712 7315
510.179 260.977 0.661 7315
511.180 259.822 0.567 7331
512.382 258.230 0.408 7331
513.825 256.160 0.059 7347

