% x_coordinate y_coordinate pressure time
% shape 0, 989 points
981.327 116.355 0.073 0
981.327 116.315 0.088 0
981.247 116.275 0.125 16
981.207 116.235 0.143 17
981.167 116.235 0.158 32
981.127 116.195 0.166 32
981.087 116.195 0.172 33
981.047 116.195 0.175 49
981.007 116.195 0.176 49
980.927 116.195 0.178 65
980.886 116.275 0.181 65
980.806 116.434 0.184 81
980.726 116.713 0.186 81
980.646 117.031 0.180 81
980.606 117.310 0.172 97
980.446 117.628 0.172 114
980.245 117.987 0.172 114
979.965 118.265 0.173 114
979.684 118.544 0.175 130
979.404 118.863 0.175 130
979.083 119.141 0.175 146
978.843 119.420 0.176 146
978.603 119.659 0.177 162
978.362 119.937 0.179 162
978.202 120.176 0.180 162
978.002 120.415 0.182 178
977.841 120.654 0.184 178
977.681 120.893 0.185 194
977.481 121.171 0.191 194
977.240 121.450 0.196 194
977.000 121.768 0.199 211
976.679 122.087 0.202 227
976.399 122.405 0.205 227
976.078 122.804 0.207 227
975.798 123.162 0.209 243
975.518 123.560 0.210 243
975.277 123.878 0.210 243
975.037 124.157 0.211 259
974.876 124.476 0.212 276
974.716 124.714 0.214 276
974.556 124.993 0.217 276
974.356 125.232 0.223 292
974.235 125.471 0.226 308
974.115 125.749 0.231 308
973.995 125.988 0.235 308
973.875 126.227 0.237 324
973.755 126.466 0.240 324
973.634 126.705 0.242 324
973.514 126.983 0.244 340
973.354 127.262 0.245 340
973.194 127.541 0.246 356
973.033 127.859 0.246 356
972.873 128.138 0.248 356
972.753 128.417 0.249 372
972.633 128.695 0.251 389
972.553 128.974 0.255 389
972.472 129.253 0.258 389
972.392 129.531 0.261 405
972.312 129.770 0.264 405
972.272 130.088 0.266 405
972.192 130.327 0.269 421
972.152 130.566 0.272 438
972.072 130.845 0.275 438
971.992 131.084 0.276 438
971.911 131.362 0.276 454
971.831 131.641 0.277 470
971.751 131.920 0.277 470
971.671 132.198 0.278 470
971.631 132.517 0.278 486
971.551 132.795 0.278 486
971.511 133.034 0.278 486
971.471 133.313 0.279 503
971.431 133.512 0.279 519
971.391 133.751 0.279 519
971.271 133.950 0.280 519
971.271 134.189 0.285 535
971.311 134.388 0.292 535
971.311 134.666 0.298 551
971.311 134.865 0.302 551
971.351 135.064 0.305 551
971.431 135.224 0.307 568
971.471 135.423 0.309 568
971.551 135.582 0.310 584
971.631 135.741 0.311 584
971.711 135.901 0.311 600
971.831 136.060 0.311 600
971.911 136.259 0.312 600
972.032 136.418 0.312 617
972.032 136.577 0.312 633
972.152 136.776 0.312 633
972.312 136.935 0.312 633
972.432 137.095 0.312 649
972.593 137.254 0.313 649
972.753 137.413 0.313 649
972.913 137.572 0.313 665
973.033 137.732 0.313 681
973.194 137.891 0.313 681
973.314 138.050 0.314 681
973.474 138.209 0.314 698
973.594 138.369 0.314 698
973.714 138.528 0.314 714
973.835 138.647 0.315 714
973.955 138.767 0.315 714
974.115 138.926 0.316 730
974.235 139.045 0.317 746
974.396 139.125 0.318 746
974.556 139.244 0.319 746
974.716 139.324 0.320 762
974.876 139.404 0.321 762
975.037 139.523 0.323 762
975.157 139.642 0.324 778
975.317 139.762 0.325 794
975.477 139.881 0.325 794
975.638 140.001 0.326 794
975.758 140.120 0.326 811
975.918 140.279 0.326 827
976.078 140.399 0.326 827
976.199 140.518 0.327 827
976.399 140.638 0.328 844
976.599 140.757 0.331 844
976.800 140.877 0.332 844
977.000 140.996 0.333 860
977.200 141.155 0.334 860
977.401 141.275 0.334 876
977.561 141.394 0.334 876
977.721 141.513 0.335 892
977.922 141.633 0.335 892
978.082 141.712 0.335 909
978.282 141.792 0.335 909
978.482 141.912 0.335 909
978.643 141.991 0.335 925
978.843 142.071 0.335 925
979.043 142.150 0.335 925
979.244 142.230 0.337 941
979.404 142.310 0.336 957
979.604 142.389 0.337 957
979.805 142.469 0.337 957
980.005 142.548 0.337 974
980.165 142.628 0.337 990
980.406 142.708 0.337 990
980.606 142.748 0.337 990
980.806 142.827 0.337 1006
981.087 142.827 0.338 1006
981.327 142.867 0.338 1006
981.608 142.907 0.338 1023
981.808 142.947 0.338 1023
982.048 142.947 0.339 1039
982.249 142.947 0.339 1039
982.489 142.986 0.339 1055
982.690 142.986 0.339 1055
982.890 142.986 0.340 1071
983.130 142.986 0.340 1071
983.331 142.986 0.341 1071
983.571 142.986 0.342 1088
983.811 142.986 0.343 1088
984.052 142.986 0.344 1104
984.292 142.986 0.344 1104
984.573 142.986 0.344 1120
984.813 142.986 0.344 1120
985.053 142.986 0.345 1120
985.294 142.986 0.345 1137
985.494 142.986 0.345 1153
985.735 142.986 0.345 1153
985.975 142.986 0.345 1153
986.175 142.986 0.345 1169
986.376 142.986 0.345 1169
986.576 142.986 0.345 1169
986.776 142.986 0.345 1185
986.977 142.986 0.345 1202
987.177 142.986 0.345 1202
987.417 142.986 0.346 1202
987.618 142.986 0.346 1218
987.858 142.986 0.346 1218
988.098 142.986 0.346 1234
988.379 142.986 0.346 1234
988.619 142.986 0.346 1234
988.860 142.986 0.346 1251
989.060 142.986 0.346 1251
989.301 142.986 0.346 1267
989.541 142.986 0.346 1267
989.741 142.947 0.346 1283
989.982 142.907 0.347 1283
990.222 142.827 0.346 1283
990.462 142.748 0.346 1299
990.703 142.668 0.347 1315
990.943 142.588 0.347 1315
991.184 142.509 0.347 1315
991.424 142.469 0.347 1332
991.745 142.389 0.348 1332
991.985 142.310 0.347 1332
992.266 142.270 0.347 1348
992.546 142.190 0.348 1364
992.826 142.150 0.348 1364
993.107 142.071 0.348 1364
993.427 142.031 0.348 1381
993.748 141.951 0.348 1381
994.068 141.872 0.348 1397
994.349 141.792 0.348 1397
994.669 141.673 0.348 1413
994.990 141.593 0.348 1413
995.270 141.474 0.348 1413
995.511 141.394 0.348 1429
995.791 141.275 0.348 1429
996.072 141.195 0.349 1446
996.312 141.076 0.348 1446
996.593 140.996 0.348 1446
996.873 140.916 0.349 1462
997.114 140.797 0.349 1478
997.394 140.677 0.349 1478
997.674 140.558 0.349 1478
997.915 140.439 0.349 1494
998.235 140.319 0.349 1494
998.436 140.200 0.349 1494
998.636 140.080 0.349 1510
998.877 139.961 0.349 1527
999.037 139.841 0.349 1527
999.237 139.722 0.349 1527
999.437 139.603 0.350 1543
999.638 139.483 0.350 1559
999.878 139.324 0.350 1559
1000.078 139.205 0.350 1559
1000.319 139.085 0.349 1575
1000.519 138.966 0.349 1575
1000.760 138.846 0.349 1575
1000.960 138.727 0.350 1592
1001.200 138.647 0.350 1608
1001.401 138.568 0.350 1608
1001.561 138.488 0.350 1608
1001.721 138.369 0.350 1624
1001.881 138.289 0.350 1624
1002.082 138.209 0.350 1640
1002.202 138.130 0.350 1640
1002.362 138.050 0.350 1640
1002.563 137.931 0.350 1657
1002.683 137.851 0.350 1673
1002.883 137.771 0.350 1673
1003.043 137.652 0.350 1673
1003.204 137.533 0.350 1689
1003.364 137.413 0.350 1689
1003.524 137.294 0.350 1689
1003.725 137.214 0.350 1705
1003.885 137.095 0.350 1722
1004.085 136.975 0.350 1722
1004.285 136.856 0.350 1722
1004.446 136.736 0.350 1738
1004.566 136.657 0.351 1738
1004.726 136.537 0.351 1754
1004.846 136.458 0.351 1754
1004.967 136.378 0.351 1754
1005.127 136.299 0.351 1771
1005.247 136.139 0.351 1771
1005.407 136.060 0.351 1787
1005.568 135.940 0.351 1787
1005.728 135.821 0.351 1803
1005.928 135.701 0.351 1803
1006.088 135.542 0.351 1803
1006.289 135.423 0.351 1819
1006.449 135.303 0.351 1836
1006.609 135.184 0.351 1836
1006.770 135.064 0.352 1836
1006.930 134.945 0.352 1852
1007.090 134.826 0.352 1852
1007.210 134.706 0.352 1852
1007.331 134.587 0.352 1868
1007.491 134.467 0.352 1885
1007.611 134.348 0.352 1885
1007.771 134.229 0.352 1885
1007.891 134.109 0.352 1901
1008.052 133.990 0.352 1901
1008.212 133.830 0.352 1917
1008.372 133.711 0.352 1917
1008.533 133.592 0.352 1917
1008.693 133.472 0.352 1934
1008.893 133.313 0.352 1934
1009.013 133.193 0.352 1950
1009.174 133.074 0.352 1950
1009.294 132.955 0.352 1966
1009.454 132.835 0.353 1966
1009.534 132.756 0.352 1966
1009.694 132.636 0.353 1983
1009.815 132.517 0.353 1999
1009.895 132.397 0.352 1999
1010.055 132.278 0.352 1999
1010.175 132.119 0.352 2015
1010.296 131.959 0.353 2015
1010.456 131.840 0.353 2015
1010.616 131.681 0.353 2031
1010.776 131.522 0.353 2048
1010.896 131.402 0.353 2048
1011.017 131.283 0.353 2048
1011.137 131.163 0.353 2064
1011.217 131.044 0.353 2064
1011.297 130.924 0.353 2080
1011.377 130.805 0.353 2080
1011.457 130.686 0.353 2096
1011.538 130.566 0.353 2096
1011.658 130.447 0.354 2096
1011.738 130.288 0.355 2112
1011.818 130.128 0.356 2112
1011.938 130.009 0.357 2129
1012.058 129.850 0.358 2129
1012.179 129.690 0.358 2129
1012.299 129.531 0.360 2145
1012.419 129.412 0.361 2161
1012.539 129.213 0.362 2161
1012.619 129.093 0.364 2161
1012.699 128.934 0.366 2177
1012.780 128.815 0.369 2177
1012.860 128.695 0.370 2177
1012.940 128.576 0.371 2194
1012.980 128.456 0.374 2210
1013.060 128.297 0.376 2210
1013.140 128.178 0.377 2210
1013.220 128.018 0.379 2226
1013.260 127.899 0.380 2242
1013.381 127.740 0.381 2242
1013.421 127.541 0.382 2242
1013.501 127.382 0.383 2259
1013.581 127.222 0.384 2259
1013.621 127.023 0.386 2259
1013.701 126.864 0.387 2275
1013.741 126.665 0.389 2291
1013.781 126.506 0.390 2291
1013.861 126.386 0.391 2291
1013.901 126.187 0.392 2291
1013.982 126.028 0.393 2308
1014.022 125.869 0.393 2324
1014.062 125.710 0.394 2324
1014.102 125.550 0.395 2324
1014.182 125.351 0.396 2340
1014.222 125.192 0.397 2340
1014.302 125.033 0.399 2340
1014.302 124.834 0.401 2357
1014.342 124.635 0.403 2373
1014.382 124.476 0.405 2373
1014.382 124.316 0.407 2373
1014.503 124.117 0.409 2389
1014.503 123.918 0.411 2405
1014.503 123.759 0.413 2405
1014.462 123.560 0.413 2405
1014.462 123.401 0.415 2422
1014.462 123.241 0.415 2422
1014.422 123.082 0.416 2422
1014.382 122.883 0.416 2438
1014.382 122.724 0.418 2438
1014.382 122.525 0.419 2454
1014.382 122.366 0.420 2454
1014.342 122.206 0.421 2470
1014.302 122.047 0.421 2470
1014.262 121.888 0.423 2486
1014.222 121.729 0.424 2486
1014.142 121.569 0.424 2486
1014.102 121.410 0.424 2503
1014.062 121.291 0.425 2503
1013.982 121.132 0.425 2503
1013.901 120.933 0.425 2519
1013.861 120.813 0.425 2535
1013.781 120.654 0.426 2535
1013.701 120.495 0.426 2535
1013.581 120.296 0.426 2551
1013.501 120.136 0.426 2568
1013.421 120.017 0.426 2568
1013.301 119.858 0.426 2568
1013.220 119.698 0.427 2584
1013.140 119.579 0.427 2584
1013.020 119.420 0.427 2600
1012.940 119.300 0.427 2600
1012.900 119.181 0.427 2600
1012.820 119.022 0.428 2616
1012.740 118.902 0.428 2616
1012.619 118.783 0.429 2633
1012.579 118.703 0.429 2633
1012.459 118.584 0.430 2649
1012.379 118.464 0.430 2649
1012.259 118.385 0.430 2649
1012.179 118.265 0.431 2665
1012.058 118.106 0.431 2681
1012.058 118.027 0.433 2681
1011.938 117.907 0.433 2681
1011.778 117.788 0.434 2698
1011.658 117.668 0.435 2698
1011.497 117.549 0.436 2698
1011.377 117.469 0.438 2714
1011.257 117.350 0.440 2730
1011.057 117.230 0.441 2730
1010.977 117.151 0.443 2730
1010.856 117.031 0.445 2746
1010.736 116.952 0.446 2746
1010.616 116.872 0.446 2763
1010.496 116.832 0.447 2763
1010.376 116.753 0.447 2779
1010.255 116.673 0.447 2779
1010.135 116.633 0.447 2779
1010.015 116.593 0.447 2795
1009.855 116.554 0.447 2795
1009.735 116.514 0.448 2811
1009.574 116.514 0.448 2811
1009.454 116.474 0.449 2811
1009.294 116.474 0.450 2827
1009.174 116.434 0.451 2843
1009.013 116.394 0.452 2843
1008.893 116.394 0.453 2843
1008.733 116.355 0.454 2860
1008.613 116.355 0.455 2860
1008.452 116.315 0.457 2860
1008.292 116.315 0.457 2876
1008.132 116.315 0.457 2892
1007.972 116.315 0.457 2892
1007.811 116.315 0.458 2892
1007.651 116.315 0.458 2908
1007.491 116.315 0.458 2925
1007.371 116.315 0.459 2925
1007.170 116.315 0.458 2925
1007.010 116.315 0.458 2941
1006.850 116.315 0.458 2941
1006.690 116.315 0.458 2941
1006.529 116.394 0.458 2957
1006.329 116.474 0.458 2974
1006.209 116.514 0.459 2974
1006.048 116.593 0.459 2974
1005.928 116.713 0.459 2990
1005.768 116.792 0.459 2990
1005.648 116.872 0.459 3006
1005.488 116.912 0.459 3006
1005.367 117.031 0.459 3006
1005.207 117.071 0.459 3022
1005.047 117.151 0.460 3022
1004.927 117.230 0.460 3022
1004.766 117.310 0.460 3039
1004.566 117.390 0.460 3055
1004.406 117.429 0.460 3055
1004.205 117.549 0.460 3055
1004.005 117.628 0.460 3071
1003.805 117.748 0.460 3087
1003.604 117.828 0.460 3087
1003.404 117.947 0.460 3087
1003.204 118.106 0.460 3104
1003.043 118.226 0.460 3104
1002.843 118.385 0.460 3104
1002.683 118.544 0.460 3120
1002.523 118.663 0.460 3136
1002.362 118.783 0.460 3136
1002.202 118.902 0.460 3136
1002.042 118.982 0.460 3152
1001.922 119.062 0.460 3152
1001.761 119.181 0.460 3169
1001.641 119.300 0.460 3169
1001.521 119.420 0.460 3169
1001.361 119.539 0.460 3185
1001.200 119.698 0.460 3185
1001.040 119.897 0.460 3185
1000.880 120.057 0.460 3201
1000.680 120.256 0.460 3217
1000.519 120.415 0.460 3217
1000.359 120.574 0.460 3217
1000.199 120.773 0.460 3233
1000.038 120.933 0.460 3250
999.918 121.092 0.460 3250
999.758 121.211 0.460 3250
999.638 121.370 0.460 3266
999.517 121.490 0.460 3266
999.397 121.649 0.460 3282
999.277 121.768 0.460 3282
999.157 121.928 0.460 3282
999.037 122.087 0.460 3298
998.917 122.246 0.460 3298
998.796 122.445 0.460 3315
998.636 122.644 0.460 3315
998.476 122.804 0.460 3331
998.356 123.042 0.460 3331
998.195 123.202 0.460 3331
998.035 123.440 0.460 3347
997.915 123.600 0.460 3364
997.755 123.799 0.460 3364
997.594 123.998 0.460 3364
997.434 124.197 0.460 3380
997.274 124.356 0.459 3380
997.114 124.555 0.460 3380
996.953 124.714 0.460 3396
996.793 124.913 0.460 3412
996.633 125.073 0.460 3412
996.472 125.272 0.459 3412
996.352 125.471 0.459 3429
996.152 125.630 0.459 3429
995.992 125.789 0.459 3445
995.831 125.988 0.459 3445
995.711 126.147 0.459 3461
995.591 126.307 0.459 3461
995.431 126.426 0.459 3461
995.311 126.585 0.459 3477
995.190 126.745 0.459 3477
995.030 126.904 0.459 3493
994.870 127.063 0.459 3493
994.709 127.222 0.459 3509
994.509 127.382 0.459 3509
994.349 127.581 0.459 3526
994.189 127.780 0.459 3526
994.028 127.939 0.459 3526
993.868 128.098 0.459 3542
993.708 128.257 0.459 3542
993.508 128.417 0.459 3542
993.387 128.576 0.458 3558
993.267 128.775 0.458 3574
993.147 128.934 0.458 3574
993.027 129.093 0.458 3574
992.906 129.253 0.457 3590
992.746 129.412 0.455 3607
992.666 129.571 0.454 3607
992.546 129.770 0.452 3607
992.466 129.889 0.450 3623
992.386 130.049 0.450 3623
992.266 130.208 0.449 3623
992.225 130.327 0.449 3639
992.145 130.487 0.449 3656
992.065 130.606 0.448 3656
991.945 130.765 0.449 3656
991.825 130.964 0.448 3672
991.704 131.123 0.448 3672
991.544 131.322 0.449 3688
991.424 131.482 0.449 3688
991.304 131.641 0.448 3688
991.144 131.840 0.448 3704
991.023 132.039 0.448 3704
990.903 132.198 0.448 3704
990.783 132.358 0.448 3721
990.663 132.517 0.448 3737
990.583 132.676 0.448 3737
990.462 132.875 0.448 3737
990.382 133.074 0.448 3753
990.262 133.273 0.448 3770
990.142 133.432 0.448 3770
990.022 133.631 0.448 3770
989.942 133.830 0.448 3786
989.821 134.030 0.448 3786
989.741 134.308 0.447 3786
989.621 134.507 0.448 3802
989.501 134.746 0.447 3818
989.381 134.945 0.447 3818
989.220 135.184 0.448 3818
989.100 135.423 0.448 3834
988.900 135.662 0.448 3834
988.780 135.901 0.448 3851
988.659 136.139 0.448 3851
988.499 136.378 0.448 3867
988.379 136.617 0.447 3867
988.259 136.856 0.448 3867
988.138 137.055 0.448 3883
988.018 137.294 0.448 3883
987.858 137.533 0.447 3899
987.738 137.771 0.447 3899
987.618 137.970 0.448 3899
987.498 138.209 0.448 3916
987.417 138.408 0.448 3932
987.297 138.647 0.448 3932
987.177 138.886 0.447 3932
987.097 139.085 0.448 3948
986.977 139.324 0.448 3948
986.816 139.563 0.447 3948
986.696 139.841 0.448 3964
986.576 140.080 0.447 3981
986.456 140.359 0.448 3981
986.295 140.638 0.448 3981
986.175 140.916 0.448 3997
986.055 141.235 0.447 4013
985.935 141.474 0.448 4013
985.775 141.712 0.448 4013
985.654 141.912 0.448 4030
985.534 142.150 0.448 4030
985.414 142.349 0.448 4030
985.294 142.588 0.448 4046
985.174 142.827 0.448 4046
985.093 143.066 0.448 4062
985.013 143.345 0.448 4062
984.893 143.583 0.448 4078
984.733 143.862 0.448 4078
984.613 144.101 0.448 4095
984.493 144.380 0.448 4095
984.332 144.618 0.448 4095
984.212 144.857 0.448 4111
984.092 145.136 0.448 4111
983.932 145.335 0.448 4111
983.811 145.614 0.448 4127
983.691 145.813 0.448 4143
983.611 146.012 0.448 4143
983.491 146.211 0.448 4143
983.411 146.410 0.447 4160
983.290 146.649 0.448 4176
983.170 146.848 0.448 4176
983.050 147.087 0.448 4176
982.890 147.365 0.449 4192
982.770 147.604 0.448 4192
982.569 147.923 0.449 4192
982.449 148.161 0.448 4208
982.289 148.360 0.449 4225
982.169 148.599 0.448 4225
982.008 148.798 0.448 4225
981.888 148.997 0.449 4241
981.808 149.236 0.449 4241
981.648 149.435 0.449 4257
981.568 149.634 0.448 4257
981.487 149.873 0.449 4257
981.407 150.112 0.449 4273
981.327 150.351 0.449 4273
981.247 150.590 0.449 4289
981.207 150.829 0.450 4289
981.127 151.067 0.450 4305
981.047 151.306 0.449 4305
980.967 151.505 0.450 4305
980.886 151.744 0.450 4322
980.806 151.983 0.450 4338
980.726 152.262 0.450 4338
980.606 152.461 0.450 4338
980.526 152.700 0.451 4354
980.446 152.938 0.451 4354
980.366 153.137 0.451 4354
980.285 153.337 0.450 4370
980.205 153.536 0.451 4387
980.165 153.735 0.451 4387
980.085 153.934 0.452 4387
980.005 154.133 0.453 4403
979.965 154.332 0.452 4419
979.885 154.610 0.453 4419
979.805 154.849 0.454 4419
979.684 155.088 0.454 4435
979.604 155.327 0.454 4435
979.524 155.566 0.454 4435
979.444 155.765 0.454 4452
979.364 156.004 0.455 4452
979.244 156.242 0.455 4468
979.164 156.442 0.455 4468
979.083 156.641 0.455 4468
979.003 156.919 0.456 4484
978.923 157.158 0.455 4500
978.763 157.397 0.455 4500
978.723 157.596 0.455 4500
978.643 157.875 0.455 4517
978.563 158.113 0.455 4517
978.482 158.392 0.456 4517
978.402 158.671 0.456 4533
978.322 158.910 0.455 4549
978.242 159.228 0.455 4549
978.162 159.467 0.455 4549
978.082 159.706 0.455 4565
978.002 159.945 0.456 4581
977.922 160.184 0.455 4581
977.841 160.422 0.456 4581
977.761 160.661 0.456 4598
977.681 160.900 0.456 4598
977.641 161.139 0.456 4598
977.561 161.418 0.456 4614
977.521 161.696 0.456 4614
977.481 161.935 0.456 4630
977.401 162.214 0.455 4630
977.321 162.492 0.456 4646
977.160 162.811 0.456 4646
977.080 163.090 0.456 4663
976.960 163.408 0.456 4663
976.880 163.727 0.456 4663
976.800 164.005 0.456 4679
976.719 164.244 0.457 4679
976.639 164.483 0.456 4679
976.519 164.722 0.457 4695
976.439 164.921 0.457 4712
976.359 165.160 0.456 4712
976.279 165.438 0.456 4712
976.199 165.677 0.456 4728
976.159 165.996 0.456 4744
976.078 166.274 0.456 4744
975.998 166.593 0.456 4744
975.918 166.871 0.456 4761
975.798 167.190 0.456 4761
975.758 167.468 0.456 4761
975.678 167.787 0.456 4777
975.558 168.145 0.456 4793
975.477 168.424 0.456 4793
975.397 168.703 0.456 4793
975.317 168.981 0.456 4809
975.277 169.260 0.456 4809
975.197 169.538 0.457 4825
975.117 169.777 0.457 4825
975.037 170.016 0.456 4825
974.957 170.295 0.457 4841
974.876 170.574 0.457 4857
974.796 170.812 0.457 4857
974.716 171.051 0.457 4857
974.636 171.290 0.457 4874
974.596 171.529 0.457 4874
974.556 171.768 0.457 4874
974.516 172.007 0.457 4890
974.476 172.246 0.457 4906
974.396 172.484 0.457 4906
974.356 172.803 0.457 4906
974.316 173.081 0.457 4923
974.235 173.360 0.457 4923
974.195 173.639 0.457 4939
974.155 173.917 0.457 4939
974.035 174.196 0.457 4955
973.995 174.515 0.457 4955
973.955 174.793 0.457 4955
973.915 175.112 0.458 4972
973.875 175.351 0.457 4972
973.835 175.589 0.458 4988
973.714 175.828 0.459 4988
973.714 176.027 0.460 4988
973.714 176.226 0.462 5004
973.714 176.465 0.463 5021
973.755 176.704 0.464 5021
973.755 176.943 0.465 5021
973.795 177.261 0.465 5037
973.835 177.540 0.466 5037
973.835 177.819 0.466 5037
973.835 178.097 0.467 5053
973.875 178.376 0.467 5069
973.915 178.655 0.467 5069
973.955 178.893 0.468 5069
973.995 179.132 0.468 5086
974.035 179.411 0.469 5086
974.075 179.650 0.469 5102
974.155 179.889 0.470 5102
974.235 180.088 0.470 5118
974.276 180.327 0.470 5118
974.356 180.526 0.471 5118
974.436 180.725 0.471 5134
974.516 180.884 0.472 5134
974.596 181.083 0.473 5150
974.676 181.282 0.473 5150
974.796 181.441 0.473 5167
974.836 181.680 0.474 5167
974.917 181.839 0.474 5183
975.037 181.999 0.474 5183
975.117 182.158 0.474 5183
975.197 182.317 0.474 5199
975.277 182.476 0.475 5199
975.397 182.635 0.475 5199
975.477 182.755 0.475 5215
975.558 182.914 0.475 5232
975.678 183.073 0.475 5232
975.758 183.193 0.476 5232
975.878 183.352 0.476 5248
975.998 183.471 0.476 5264
976.119 183.591 0.476 5264
976.239 183.710 0.477 5264
976.239 183.830 0.477 5281
976.399 183.949 0.477 5281
976.519 184.029 0.477 5281
976.679 184.108 0.477 5297
976.800 184.188 0.477 5313
976.960 184.268 0.478 5313
977.080 184.347 0.477 5313
977.200 184.387 0.478 5329
977.321 184.467 0.478 5329
977.441 184.506 0.478 5346
977.601 184.586 0.479 5346
977.721 184.626 0.479 5346
977.841 184.705 0.479 5362
977.962 184.785 0.479 5362
978.122 184.865 0.479 5378
978.242 184.905 0.479 5378
978.362 184.984 0.479 5394
978.523 185.024 0.479 5394
978.643 185.104 0.479 5394
978.763 185.143 0.479 5411
978.923 185.183 0.479 5427
979.043 185.263 0.480 5427
979.204 185.303 0.479 5427
979.324 185.342 0.480 5443
979.444 185.422 0.480 5443
979.604 185.462 0.480 5443
979.725 185.542 0.480 5459
979.885 185.581 0.480 5475
980.005 185.621 0.480 5475
980.125 185.661 0.480 5475
980.205 185.701 0.480 5492
980.366 185.741 0.480 5492
980.486 185.780 0.480 5508
980.606 185.780 0.480 5508
980.766 185.780 0.480 5524
980.927 185.780 0.478 5524
981.087 185.780 0.479 5524
981.247 185.780 0.479 5540
981.407 185.780 0.479 5540
981.608 185.780 0.480 5557
981.768 185.780 0.480 5557
981.968 185.780 0.481 5557
982.169 185.780 0.481 5573
982.289 185.780 0.482 5589
982.449 185.820 0.481 5589
982.609 185.820 0.481 5589
982.730 185.860 0.482 5605
982.890 185.860 0.482 5605
983.010 185.860 0.482 5605
983.210 185.860 0.482 5622
983.371 185.860 0.482 5638
983.531 185.860 0.480 5638
983.771 185.860 0.480 5638
983.972 185.820 0.480 5654
984.172 185.741 0.481 5654
984.372 185.661 0.481 5671
984.573 185.621 0.482 5671
984.733 185.581 0.482 5687
984.893 185.581 0.484 5687
985.053 185.542 0.483 5687
985.174 185.502 0.483 5703
985.374 185.462 0.483 5703
985.574 185.382 0.484 5720
985.735 185.303 0.484 5720
985.935 185.223 0.484 5720
986.175 185.104 0.482 5736
986.376 184.944 0.482 5752
986.576 184.825 0.481 5752
986.816 184.705 0.482 5752
987.017 184.586 0.482 5769
987.177 184.467 0.484 5769
987.377 184.387 0.484 5769
987.578 184.347 0.484 5785
987.738 184.268 0.484 5801
987.938 184.228 0.484 5801
988.098 184.188 0.484 5801
988.299 184.148 0.484 5817
988.499 184.108 0.484 5834
988.740 184.029 0.484 5834
988.940 183.949 0.485 5834
989.140 183.870 0.485 5850
989.341 183.750 0.485 5850
989.541 183.591 0.485 5850
989.741 183.471 0.484 5866
989.942 183.352 0.482 5866
990.142 183.193 0.482 5882
990.342 183.034 0.484 5882
990.543 182.914 0.484 5882
990.743 182.755 0.484 5898
990.983 182.596 0.484 5915
991.184 182.436 0.483 5915
991.424 182.277 0.484 5915
991.664 182.118 0.484 5931
991.905 181.959 0.484 5931
992.105 181.799 0.484 5931
992.266 181.640 0.485 5947
992.466 181.481 0.484 5964
992.626 181.322 0.485 5964
992.826 181.123 0.484 5964
992.987 180.963 0.483 5980
993.187 180.764 0.483 5996
993.347 180.565 0.484 5996
993.548 180.406 0.484 5996
993.708 180.207 0.484 6013
993.868 180.048 0.484 6013
994.028 179.889 0.485 6013
994.189 179.729 0.485 6029
994.389 179.570 0.485 6029
994.509 179.371 0.485 6045
994.669 179.172 0.485 6045
994.830 178.933 0.484 6045
994.990 178.694 0.485 6061
995.150 178.456 0.484 6078
995.351 178.217 0.485 6078
995.551 177.938 0.485 6078
995.711 177.699 0.485 6094
995.871 177.460 0.486 6111
996.032 177.222 0.485 6111
996.152 177.022 0.486 6111
996.272 176.823 0.485 6127
996.392 176.585 0.486 6127
996.553 176.346 0.486 6127
996.673 176.147 0.486 6143
996.833 175.908 0.486 6143
996.953 175.669 0.486 6159
997.073 175.470 0.486 6159
997.194 175.231 0.487 6159
997.314 174.992 0.488 6176
997.434 174.753 0.489 6192
997.514 174.475 0.490 6192
997.634 174.196 0.491 6192
997.755 173.917 0.492 6208
997.875 173.639 0.493 6208
997.995 173.360 0.494 6208
998.115 173.042 0.496 6224
998.235 172.723 0.496 6241
998.356 172.445 0.497 6241
998.476 172.126 0.497 6241
998.556 171.847 0.497 6257
998.716 171.609 0.498 6273
998.756 171.370 0.498 6273
998.836 171.091 0.498 6273
998.917 170.852 0.498 6290
998.957 170.613 0.498 6290
999.037 170.375 0.498 6290
999.117 170.096 0.499 6306
999.197 169.817 0.499 6306
999.277 169.578 0.499 6322
999.357 169.300 0.499 6322
999.437 168.981 0.499 6338
999.558 168.663 0.499 6338
999.638 168.384 0.499 6355
999.718 168.066 0.499 6355
999.798 167.787 0.499 6355
999.878 167.429 0.499 6371
999.958 167.150 0.499 6371
999.998 166.871 0.500 6387
1000.078 166.593 0.499 6387
1000.119 166.314 0.499 6403
1000.199 166.035 0.500 6403
1000.319 165.757 0.500 6403
1000.359 165.478 0.500 6419
1000.399 165.160 0.500 6436
1000.439 164.881 0.500 6436
1000.519 164.562 0.500 6436
1000.519 164.284 0.500 6452
1000.559 164.005 0.500 6452
1000.599 163.727 0.500 6452
1000.639 163.448 0.500 6468
1000.680 163.129 0.500 6485
1000.720 162.851 0.500 6485
1000.720 162.572 0.500 6485
1000.760 162.333 0.500 6501
1000.800 162.055 0.501 6501
1000.800 161.776 0.501 6517
1000.840 161.497 0.502 6517
1000.960 161.219 0.502 6533
1000.960 160.980 0.502 6533
1000.960 160.661 0.502 6533
1000.960 160.462 0.503 6549
1000.920 160.223 0.503 6549
1000.920 160.024 0.503 6566
1000.880 159.785 0.503 6566
1000.880 159.586 0.503 6566
1000.840 159.387 0.503 6582
1000.840 159.188 0.503 6598
1000.800 159.029 0.503 6598
1000.840 158.830 0.503 6598
1000.840 158.631 0.503 6615
1000.800 158.472 0.503 6615
1000.800 158.313 0.504 6615
1000.800 158.153 0.504 6631
1000.760 157.994 0.503 6647
1000.760 157.795 0.504 6647
1000.720 157.636 0.504 6647
1000.720 157.477 0.504 6663
1000.680 157.317 0.504 6663
1000.599 157.158 0.504 6679
1000.479 157.039 0.505 6679
1000.399 156.879 0.505 6679
1000.319 156.760 0.505 6696
1000.279 156.641 0.506 6696
1000.199 156.521 0.506 6712
1000.119 156.362 0.506 6712
1000.038 156.203 0.506 6728
999.958 156.083 0.506 6728
999.918 155.924 0.506 6728
999.798 155.805 0.507 6744
999.718 155.685 0.507 6761
999.638 155.566 0.506 6761
999.558 155.486 0.506 6761
999.437 155.407 0.506 6777
999.317 155.367 0.506 6777
999.197 155.367 0.506 6777
999.077 155.327 0.506 6793
998.957 155.327 0.506 6810
998.836 155.327 0.507 6810
998.716 155.327 0.508 6810
998.596 155.327 0.509 6826
998.556 155.327 0.510 6826
998.396 155.327 0.511 6842
998.275 155.327 0.512 6842
998.115 155.327 0.512 6842
997.955 155.327 0.512 6858
997.795 155.327 0.512 6874
997.594 155.327 0.512 6874
997.394 155.327 0.512 6874
997.154 155.327 0.511 6890
996.873 155.327 0.509 6890
996.593 155.446 0.510 6890
996.232 155.606 0.510 6906
995.912 155.805 0.510 6923
995.551 156.043 0.511 6923
995.110 156.322 0.511 6923
994.709 156.641 0.511 6939
994.269 156.919 0.511 6956
993.788 157.278 0.511 6956
993.267 157.596 0.511 6956
992.786 157.994 0.511 6972
992.306 158.432 0.506 6972
991.785 158.989 0.498 6972
991.224 159.626 0.481 6988
990.583 160.343 0.454 7004
989.942 161.179 0.420 7004
989.260 162.094 0.371 7004
988.499 163.090 0.299 7020
987.618 164.164 0.207 7020

