% x_coordinate y_coordinate pressure time
% shape 0, 195 points
1029.207 185.780 0.003 0
1029.167 185.780 0.029 0
1029.167 185.780 0.052 1
1029.127 185.780 0.067 16
1029.087 185.780 0.080 16
1029.047 185.780 0.092 32
1029.047 185.780 0.101 32
1029.007 185.780 0.112 48
1029.007 185.780 0.128 48
1029.007 185.780 0.143 48
1029.007 185.780 0.152 64
1029.007 185.780 0.157 80
1029.007 185.780 0.165 80
1029.047 185.780 0.177 80
1029.087 185.780 0.193 96
1029.127 185.780 0.208 96
1029.207 185.780 0.218 96
1029.247 185.780 0.225 112
1029.327 185.780 0.233 128
1029.407 185.780 0.240 128
1029.488 185.780 0.248 128
1029.608 185.780 0.256 145
1029.648 185.780 0.265 161
1029.728 185.780 0.275 161
1029.848 185.780 0.283 161
1029.928 185.780 0.294 177
1030.048 185.780 0.303 177
1030.169 185.780 0.310 193
1030.169 185.780 0.314 193
1030.329 185.780 0.318 193
1030.529 185.780 0.321 209
1030.689 185.780 0.324 209
1030.890 185.780 0.326 209
1031.130 185.780 0.326 226
1031.371 185.780 0.327 242
1031.611 185.780 0.330 242
1031.851 185.780 0.331 242
1032.132 185.780 0.332 258
1032.412 185.741 0.333 274
1032.693 185.701 0.334 274
1033.013 185.621 0.335 274
1033.334 185.542 0.340 290
1033.694 185.422 0.345 290
1034.015 185.263 0.349 290
1034.336 185.183 0.352 306
1034.656 185.064 0.353 323
1034.977 184.944 0.354 323
1035.257 184.865 0.355 323
1035.538 184.785 0.355 339
1035.778 184.666 0.356 339
1036.018 184.586 0.356 355
1036.259 184.467 0.356 355
1036.579 184.347 0.356 371
1036.780 184.228 0.356 371
1037.020 184.108 0.356 371
1037.260 183.989 0.357 387
1037.501 183.870 0.357 387
1037.701 183.710 0.357 404
1037.942 183.631 0.357 404
1038.142 183.511 0.357 404
1038.342 183.352 0.357 420
1038.542 183.233 0.357 436
1038.703 183.073 0.357 436
1038.863 182.994 0.358 436
1038.983 182.834 0.358 453
1039.144 182.715 0.358 453
1039.264 182.596 0.358 453
1039.424 182.516 0.358 469
1039.544 182.397 0.358 485
1039.664 182.277 0.359 485
1039.745 182.158 0.358 485
1039.865 182.038 0.358 501
1039.985 181.919 0.359 517
1040.105 181.799 0.358 517
1040.185 181.720 0.359 517
1040.306 181.600 0.359 534
1040.426 181.521 0.359 534
1040.506 181.401 0.359 534
1040.586 181.322 0.358 550
1040.706 181.242 0.358 550
1040.786 181.163 0.358 566
1040.906 181.043 0.359 566
1040.987 180.963 0.359 582
1041.107 180.844 0.359 582
1041.187 180.764 0.359 598
1041.267 180.605 0.359 598
1041.387 180.486 0.360 598
1041.467 180.406 0.361 615
1041.548 180.327 0.361 615
1041.668 180.207 0.362 615
1041.788 180.128 0.363 631
1041.868 180.088 0.363 647
1042.028 179.968 0.364 647
1042.149 179.889 0.364 647
1042.269 179.769 0.365 663
1042.389 179.690 0.365 679
1042.469 179.570 0.365 679
1042.589 179.451 0.365 679
1042.669 179.331 0.365 696
1042.750 179.212 0.365 696
1042.830 179.093 0.365 696
1042.910 178.973 0.366 712
1042.950 178.854 0.366 728
1043.030 178.734 0.366 728
1043.070 178.655 0.366 728
1043.150 178.535 0.367 744
1043.230 178.416 0.367 744
1043.270 178.257 0.367 761
1043.310 178.137 0.367 761
1043.391 178.057 0.368 761
1043.431 177.938 0.368 777
1043.511 177.858 0.369 777
1043.551 177.779 0.369 793
1043.631 177.659 0.370 793
1043.671 177.580 0.370 809
1043.751 177.460 0.371 809
1043.791 177.381 0.372 809
1043.871 177.261 0.375 825
1043.911 177.182 0.375 842
1043.992 177.062 0.377 842
1044.072 176.983 0.379 842
1044.152 176.863 0.379 858
1044.232 176.744 0.380 858
1044.312 176.664 0.382 858
1044.432 176.545 0.382 874
1044.513 176.425 0.382 891
1044.553 176.306 0.384 891
1044.593 176.186 0.384 891
1044.673 176.027 0.386 907
1044.713 175.908 0.388 907
1044.793 175.828 0.392 923
1044.833 175.709 0.395 923
1044.913 175.589 0.397 923
1044.993 175.470 0.399 940
1045.073 175.390 0.401 940
1045.114 175.271 0.402 956
1045.154 175.191 0.404 956
1045.194 175.112 0.404 972
1045.234 175.032 0.404 972
1045.274 174.952 0.405 972
1045.274 174.913 0.406 988
1045.314 174.833 0.407 1005
1045.314 174.793 0.409 1005
1045.354 174.714 0.410 1005
1045.474 174.674 0.412 1021
1045.474 174.594 0.413 1021
1045.514 174.515 0.414 1021
1045.554 174.475 0.417 1037
1045.554 174.435 0.418 1054
1045.594 174.355 0.419 1054
1045.634 174.315 0.419 1054
1045.674 174.276 0.419 1070
1045.715 174.236 0.419 1070
1045.795 174.196 0.419 1086
1045.835 174.116 0.420 1086
1045.875 174.037 0.420 1102
1045.955 173.957 0.420 1102
1045.995 173.878 0.420 1102
1046.075 173.758 0.421 1119
1046.115 173.639 0.421 1119
1046.195 173.519 0.422 1135
1046.235 173.440 0.423 1135
1046.316 173.320 0.425 1135
1046.356 173.201 0.426 1151
1046.396 173.081 0.428 1167
1046.436 173.002 0.430 1167
1046.476 172.922 0.431 1167
1046.596 172.843 0.433 1184
1046.596 172.763 0.434 1184
1046.636 172.683 0.434 1184
1046.716 172.604 0.435 1200
1046.756 172.524 0.435 1216
1046.796 172.445 0.435 1216
1046.836 172.365 0.435 1216
1046.876 172.285 0.436 1232
1046.957 172.166 0.436 1249
1046.997 172.086 0.436 1249
1047.037 172.007 0.436 1249
1047.077 171.927 0.437 1265
1047.117 171.847 0.438 1265
1047.157 171.768 0.438 1265
1047.197 171.688 0.439 1281
1047.237 171.648 0.439 1281
1047.277 171.569 0.440 1297
1047.277 171.449 0.441 1297
1047.277 171.370 0.441 1297
1047.277 171.290 0.441 1313
1047.317 171.171 0.442 1330
1047.317 171.091 0.442 1330
1047.317 171.011 0.443 1330
1047.317 170.932 0.443 1346
1047.397 170.852 0.443 1346
1047.518 170.773 0.437 1346
1047.638 170.653 0.391 1362
1047.638 170.454 0.249 1378

% x_coordinate y_coordinate pressure time
% shape 1, 713 points
1076.326 162.174 0.035 0
1076.326 162.214 0.050 16
1076.286 162.254 0.064 16
1076.245 162.254 0.078 17
1076.245 162.293 0.090 32
1076.205 162.293 0.107 33
1076.165 162.293 0.138 48
1076.125 162.293 0.171 48
1076.125 162.293 0.200 64
1076.125 162.293 0.224 64
1076.085 162.293 0.243 80
1076.085 162.293 0.260 80
1076.085 162.293 0.276 80
1076.045 162.293 0.290 96
1076.045 162.214 0.303 96
1076.005 162.094 0.314 96
1075.965 161.935 0.326 113
1075.965 161.816 0.334 129
1075.965 161.696 0.341 129
1075.965 161.537 0.348 129
1075.965 161.378 0.354 145
1075.965 161.179 0.357 145
1076.005 161.020 0.361 161
1076.005 160.821 0.367 161
1076.005 160.621 0.371 177
1076.005 160.462 0.375 177
1076.005 160.303 0.378 193
1076.005 160.144 0.382 193
1075.965 159.984 0.384 193
1075.925 159.865 0.386 210
1075.885 159.666 0.387 210
1075.845 159.507 0.389 210
1075.765 159.308 0.390 226
1075.724 159.149 0.391 242
1075.724 158.989 0.392 242
1075.644 158.790 0.394 242
1075.644 158.631 0.396 258
1075.604 158.472 0.397 275
1075.564 158.313 0.399 275
1075.564 158.153 0.400 275
1075.524 157.954 0.402 291
1075.484 157.795 0.404 291
1075.444 157.636 0.405 307
1075.404 157.397 0.408 307
1075.364 157.238 0.410 307
1075.324 157.079 0.410 323
1075.324 156.919 0.411 323
1075.244 156.800 0.412 339
1075.204 156.641 0.412 339
1075.164 156.521 0.412 355
1075.124 156.402 0.412 355
1075.043 156.322 0.413 355
1074.963 156.203 0.413 372
1074.883 156.083 0.413 388
1074.843 156.004 0.413 388
1074.763 155.884 0.413 388
1074.723 155.765 0.413 404
1074.683 155.645 0.414 404
1074.643 155.566 0.415 404
1074.603 155.446 0.415 421
1074.563 155.327 0.417 437
1074.522 155.208 0.418 437
1074.522 155.088 0.419 437
1074.482 155.008 0.420 453
1074.442 154.889 0.420 453
1074.402 154.809 0.421 469
1074.362 154.730 0.422 469
1074.322 154.610 0.422 469
1074.282 154.531 0.423 485
1074.242 154.451 0.423 502
1074.202 154.372 0.424 502
1074.162 154.292 0.424 502
1074.122 154.173 0.425 518
1074.082 154.093 0.425 518
1074.042 153.973 0.426 518
1074.002 153.894 0.427 534
1073.962 153.774 0.428 551
1073.922 153.655 0.429 551
1073.881 153.575 0.430 551
1073.801 153.456 0.431 567
1073.721 153.337 0.433 567
1073.681 153.257 0.433 583
1073.601 153.137 0.433 583
1073.561 153.018 0.435 599
1073.481 152.938 0.434 599
1073.401 152.859 0.435 599
1073.321 152.779 0.436 616
1073.281 152.660 0.436 616
1073.200 152.580 0.436 632
1073.120 152.501 0.437 632
1073.080 152.421 0.437 632
1073.040 152.341 0.439 648
1072.960 152.262 0.440 665
1072.920 152.182 0.442 665
1072.840 152.102 0.444 665
1072.760 152.023 0.446 681
1072.679 151.943 0.447 681
1072.599 151.864 0.449 681
1072.519 151.784 0.451 697
1072.439 151.704 0.453 713
1072.319 151.625 0.457 713
1072.239 151.505 0.459 713
1072.159 151.426 0.462 729
1072.038 151.346 0.466 746
1071.958 151.266 0.468 746
1071.838 151.187 0.470 746
1071.798 151.107 0.471 762
1071.718 151.067 0.473 762
1071.638 150.988 0.474 762
1071.558 150.908 0.475 778
1071.518 150.868 0.475 778
1071.437 150.749 0.476 794
1071.357 150.709 0.476 794
1071.277 150.669 0.477 794
1071.157 150.630 0.478 811
1071.077 150.590 0.478 827
1070.957 150.550 0.479 827
1070.836 150.550 0.480 827
1070.756 150.510 0.480 844
1070.676 150.510 0.481 860
1070.596 150.510 0.482 860
1070.516 150.470 0.483 860
1070.436 150.470 0.483 876
1070.356 150.431 0.484 876
1070.276 150.431 0.484 876
1070.195 150.431 0.484 893
1070.075 150.391 0.484 909
1069.995 150.391 0.485 909
1069.915 150.391 0.485 909
1069.795 150.351 0.486 925
1069.714 150.351 0.485 925
1069.634 150.351 0.486 941
1069.554 150.351 0.485 941
1069.474 150.351 0.486 941
1069.394 150.351 0.486 958
1069.314 150.351 0.486 958
1069.234 150.351 0.486 974
1069.154 150.351 0.487 974
1069.033 150.351 0.487 990
1068.953 150.351 0.487 990
1068.833 150.351 0.487 990
1068.713 150.351 0.488 1007
1068.593 150.351 0.488 1023
1068.513 150.351 0.488 1023
1068.392 150.351 0.488 1023
1068.312 150.351 0.489 1039
1068.192 150.351 0.488 1039
1068.072 150.351 0.488 1039
1067.952 150.351 0.488 1055
1067.831 150.351 0.488 1072
1067.711 150.351 0.489 1072
1067.591 150.351 0.489 1072
1067.471 150.351 0.489 1088
1067.391 150.351 0.490 1088
1067.270 150.351 0.489 1104
1067.110 150.391 0.490 1104
1066.990 150.391 0.490 1121
1066.870 150.431 0.490 1121
1066.830 150.470 0.490 1121
1066.709 150.510 0.490 1137
1066.589 150.550 0.490 1137
1066.469 150.550 0.490 1153
1066.309 150.590 0.490 1153
1066.189 150.630 0.490 1153
1066.028 150.669 0.491 1169
1065.908 150.709 0.491 1186
1065.748 150.749 0.491 1186
1065.628 150.789 0.491 1186
1065.508 150.829 0.491 1202
1065.387 150.868 0.491 1202
1065.267 150.908 0.491 1202
1065.107 150.988 0.491 1218
1064.987 151.028 0.491 1234
1064.866 151.067 0.491 1234
1064.746 151.107 0.491 1234
1064.586 151.147 0.491 1251
1064.466 151.187 0.491 1251
1064.345 151.266 0.491 1267
1064.225 151.306 0.491 1267
1064.105 151.346 0.491 1283
1063.985 151.426 0.491 1283
1063.865 151.466 0.492 1299
1063.745 151.505 0.491 1299
1063.624 151.545 0.492 1299
1063.504 151.585 0.492 1316
1063.424 151.625 0.492 1316
1063.304 151.704 0.492 1316
1063.184 151.744 0.492 1332
1063.063 151.784 0.491 1348
1062.943 151.824 0.492 1348
1062.823 151.864 0.492 1348
1062.703 151.943 0.492 1365
1062.583 151.983 0.492 1381
1062.462 152.063 0.492 1381
1062.342 152.102 0.492 1381
1062.182 152.182 0.492 1397
1062.062 152.262 0.492 1397
1061.942 152.341 0.492 1397
1061.821 152.381 0.492 1413
1061.701 152.461 0.492 1413
1061.541 152.540 0.492 1429
1061.421 152.620 0.492 1429
1061.260 152.700 0.492 1445
1061.140 152.819 0.492 1445
1060.980 152.899 0.492 1461
1060.780 152.978 0.492 1461
1060.659 153.058 0.492 1461
1060.539 153.137 0.492 1477
1060.419 153.217 0.492 1477
1060.299 153.376 0.492 1477
1060.179 153.456 0.492 1493
1060.058 153.536 0.492 1509
1059.938 153.655 0.492 1509
1059.818 153.735 0.492 1509
1059.698 153.814 0.492 1526
1059.578 153.934 0.492 1542
1059.457 154.013 0.492 1542
1059.337 154.093 0.492 1542
1059.177 154.173 0.492 1558
1059.057 154.292 0.492 1558
1058.937 154.372 0.492 1558
1058.776 154.491 0.492 1574
1058.616 154.571 0.492 1590
1058.496 154.650 0.492 1590
1058.336 154.770 0.492 1590
1058.215 154.889 0.492 1606
1058.055 155.048 0.492 1606
1057.895 155.208 0.492 1622
1057.735 155.367 0.492 1622
1057.614 155.526 0.492 1638
1057.494 155.725 0.492 1638
1057.334 155.844 0.492 1654
1057.214 156.004 0.492 1654
1057.134 156.123 0.492 1654
1057.013 156.242 0.492 1670
1056.893 156.362 0.492 1670
1056.773 156.481 0.492 1670
1056.613 156.601 0.492 1686
1056.492 156.720 0.492 1703
1056.372 156.840 0.492 1703
1056.252 156.999 0.492 1703
1056.132 157.118 0.492 1719
1056.012 157.238 0.492 1735
1055.892 157.397 0.492 1735
1055.811 157.516 0.492 1735
1055.731 157.636 0.492 1751
1055.611 157.755 0.492 1751
1055.531 157.914 0.492 1751
1055.371 158.034 0.492 1767
1055.250 158.113 0.492 1783
1055.130 158.273 0.492 1783
1055.010 158.392 0.492 1783
1054.890 158.512 0.492 1799
1054.770 158.671 0.492 1799
1054.649 158.790 0.493 1815
1054.529 158.950 0.492 1815
1054.449 159.069 0.492 1832
1054.329 159.188 0.492 1832
1054.249 159.308 0.492 1832
1054.129 159.467 0.492 1848
1054.048 159.626 0.492 1848
1053.928 159.746 0.492 1864
1053.808 159.865 0.492 1864
1053.688 160.024 0.492 1880
1053.568 160.184 0.492 1880
1053.447 160.303 0.493 1896
1053.327 160.462 0.492 1896
1053.247 160.582 0.492 1896
1053.127 160.701 0.493 1912
1053.007 160.860 0.492 1912
1052.846 161.020 0.493 1928
1052.726 161.139 0.492 1928
1052.606 161.298 0.492 1944
1052.486 161.418 0.492 1944
1052.366 161.577 0.493 1944
1052.245 161.696 0.492 1960
1052.125 161.855 0.492 1976
1052.045 162.015 0.493 1976
1051.925 162.174 0.492 1976
1051.805 162.333 0.493 1992
1051.684 162.492 0.493 1992
1051.564 162.652 0.493 1992
1051.484 162.771 0.493 2009
1051.364 162.891 0.493 2025
1051.284 163.010 0.493 2025
1051.164 163.129 0.493 2025
1051.083 163.249 0.493 2041
1050.963 163.408 0.494 2041
1050.843 163.567 0.494 2057
1050.723 163.687 0.494 2057
1050.643 163.846 0.495 2057
1050.523 163.965 0.496 2073
1050.402 164.125 0.496 2089
1050.282 164.244 0.496 2089
1050.242 164.363 0.497 2089
1050.162 164.523 0.497 2105
1050.122 164.642 0.498 2105
1050.042 164.801 0.498 2105
1050.002 164.961 0.499 2121
1049.962 165.120 0.499 2137
1049.881 165.239 0.499 2137
1049.841 165.398 0.499 2137
1049.761 165.558 0.500 2153
1049.721 165.717 0.499 2169
1049.681 165.876 0.500 2169
1049.601 165.996 0.500 2169
1049.561 166.155 0.500 2185
1049.481 166.314 0.500 2185
1049.441 166.433 0.500 2185
1049.361 166.553 0.500 2201
1049.321 166.712 0.500 2217
1049.240 166.832 0.500 2217
1049.160 167.031 0.500 2217
1049.120 167.150 0.500 2234
1049.080 167.269 0.500 2234
1049.040 167.389 0.500 2250
1049.000 167.548 0.500 2250
1048.960 167.668 0.500 2250
1048.920 167.787 0.500 2266
1048.920 167.946 0.500 2266
1048.880 168.066 0.500 2283
1048.840 168.145 0.500 2283
1048.760 168.265 0.500 2299
1048.719 168.344 0.500 2299
1048.679 168.504 0.500 2299
1048.639 168.623 0.500 2315
1048.559 168.742 0.500 2331
1048.479 168.862 0.500 2331
1048.439 168.981 0.500 2331
1048.399 169.140 0.500 2347
1048.359 169.220 0.500 2347
1048.279 169.379 0.500 2347
1048.239 169.499 0.500 2364
1048.199 169.578 0.500 2380
1048.159 169.698 0.500 2380
1048.119 169.817 0.500 2380
1048.078 169.897 0.500 2396
1048.038 170.016 0.500 2412
1047.998 170.096 0.500 2412
1047.958 170.215 0.500 2412
1047.918 170.335 0.500 2429
1047.878 170.454 0.500 2429
1047.838 170.534 0.500 2445
1047.798 170.653 0.500 2445
1047.718 170.773 0.500 2445
1047.678 170.892 0.500 2461
1047.638 171.011 0.500 2461
1047.638 171.091 0.500 2461
1047.598 171.210 0.500 2477
1047.518 171.330 0.500 2493
1047.518 171.449 0.500 2493
1047.478 171.609 0.500 2493
1047.438 171.728 0.500 2510
1047.397 171.887 0.500 2526
1047.357 171.967 0.500 2526
1047.317 172.086 0.500 2526
1047.317 172.206 0.500 2542
1047.277 172.285 0.500 2542
1047.157 172.365 0.500 2542
1047.117 172.484 0.500 2559
1047.117 172.564 0.500 2559
1047.077 172.683 0.500 2575
1047.077 172.763 0.500 2575
1047.037 172.882 0.500 2591
1047.037 173.002 0.500 2591
1047.037 173.121 0.500 2607
1046.997 173.241 0.500 2607
1046.997 173.360 0.500 2607
1046.997 173.480 0.500 2624
1047.037 173.599 0.500 2624
1047.037 173.718 0.500 2624
1047.037 173.838 0.500 2640
1047.037 173.957 0.500 2656
1047.037 174.037 0.500 2656
1046.997 174.156 0.500 2656
1047.037 174.276 0.500 2672
1047.037 174.395 0.500 2688
1047.037 174.515 0.500 2688
1047.077 174.634 0.500 2688
1047.117 174.793 0.500 2705
1047.157 174.913 0.500 2705
1047.197 174.992 0.500 2705
1047.197 175.151 0.500 2721
1047.237 175.271 0.500 2737
1047.277 175.351 0.500 2737
1047.317 175.470 0.500 2737
1047.357 175.589 0.500 2753
1047.397 175.709 0.500 2753
1047.438 175.828 0.500 2770
1047.478 175.948 0.500 2770
1047.518 176.107 0.500 2770
1047.558 176.226 0.500 2786
1047.598 176.346 0.500 2786
1047.638 176.425 0.500 2802
1047.678 176.545 0.500 2802
1047.718 176.624 0.500 2818
1047.758 176.704 0.500 2818
1047.798 176.823 0.500 2818
1047.838 176.943 0.500 2835
1047.918 177.062 0.500 2851
1047.958 177.182 0.500 2851
1048.038 177.341 0.500 2851
1048.078 177.460 0.500 2867
1048.159 177.620 0.500 2867
1048.279 177.739 0.500 2867
1048.359 177.898 0.500 2884
1048.439 178.018 0.500 2900
1048.559 178.097 0.500 2900
1048.679 178.217 0.500 2900
1048.760 178.336 0.500 2916
1048.840 178.376 0.500 2916
1048.920 178.456 0.500 2933
1048.960 178.535 0.500 2933
1049.040 178.575 0.500 2949
1049.120 178.694 0.500 2949
1049.200 178.774 0.500 2949
1049.281 178.893 0.500 2965
1049.321 178.973 0.500 2965
1049.401 179.093 0.500 2981
1049.441 179.172 0.500 2981
1049.521 179.292 0.500 2981
1049.561 179.371 0.500 2998
1049.601 179.451 0.500 3014
1049.641 179.530 0.501 3014
1049.721 179.570 0.500 3014
1049.761 179.650 0.500 3030
1049.841 179.729 0.500 3030
1049.881 179.809 0.500 3030
1049.962 179.889 0.500 3046
1050.002 179.968 0.501 3063
1050.082 180.048 0.500 3063
1050.122 180.128 0.501 3063
1050.162 180.247 0.501 3079
1050.202 180.327 0.500 3095
1050.282 180.406 0.501 3095
1050.322 180.486 0.501 3095
1050.362 180.605 0.501 3111
1050.442 180.685 0.501 3111
1050.483 180.764 0.501 3111
1050.563 180.844 0.501 3128
1050.643 180.924 0.502 3128
1050.683 180.963 0.502 3144
1050.763 181.043 0.502 3144
1050.843 181.123 0.502 3160
1050.923 181.202 0.502 3160
1051.003 181.242 0.502 3176
1051.083 181.322 0.502 3176
1051.164 181.362 0.502 3176
1051.204 181.401 0.503 3192
1051.284 181.441 0.503 3192
1051.364 181.521 0.503 3192
1051.444 181.561 0.503 3209
1051.484 181.600 0.504 3225
1051.564 181.680 0.503 3225
1051.644 181.720 0.504 3225
1051.765 181.799 0.504 3241
1051.845 181.839 0.505 3258
1051.885 181.919 0.505 3258
1051.965 181.959 0.506 3258
1052.045 181.999 0.507 3274
1052.085 182.078 0.508 3274
1052.125 182.158 0.509 3274
1052.205 182.198 0.510 3290
1052.286 182.277 0.511 3306
1052.326 182.317 0.512 3306
1052.406 182.397 0.513 3306
1052.486 182.436 0.513 3323
1052.566 182.516 0.514 3323
1052.646 182.556 0.514 3339
1052.686 182.596 0.514 3339
1052.766 182.675 0.515 3339
1052.846 182.715 0.515 3355
1052.886 182.795 0.516 3355
1052.927 182.874 0.516 3355
1053.007 182.914 0.517 3371
1053.087 182.954 0.517 3388
1053.127 182.994 0.518 3388
1053.207 183.034 0.519 3388
1053.287 183.073 0.519 3404
1053.367 183.113 0.520 3420
1053.407 183.153 0.520 3420
1053.447 183.233 0.521 3420
1053.528 183.272 0.522 3437
1053.608 183.352 0.522 3437
1053.648 183.392 0.522 3437
1053.728 183.471 0.523 3453
1053.768 183.511 0.523 3469
1053.848 183.551 0.523 3469
1053.928 183.591 0.523 3469
1054.048 183.631 0.523 3485
1054.129 183.631 0.523 3485
1054.249 183.671 0.523 3501
1054.329 183.671 0.524 3501
1054.489 183.710 0.524 3501
1054.569 183.710 0.524 3518
1054.649 183.750 0.524 3518
1054.689 183.790 0.524 3535
1054.770 183.830 0.525 3535
1054.850 183.870 0.525 3551
1054.930 183.909 0.525 3551
1055.010 183.949 0.525 3551
1055.090 183.989 0.526 3567
1055.170 184.029 0.526 3567
1055.291 184.029 0.526 3567
1055.411 184.069 0.526 3583
1055.491 184.069 0.527 3599
1055.611 184.069 0.527 3599
1055.731 184.069 0.527 3599
1055.811 184.108 0.528 3615
1055.932 184.108 0.529 3632
1056.012 184.108 0.531 3632
1056.132 184.108 0.533 3632
1056.252 184.108 0.534 3648
1056.332 184.108 0.536 3648
1056.452 184.108 0.538 3665
1056.532 184.108 0.539 3665
1056.653 184.108 0.541 3665
1056.733 184.108 0.541 3681
1056.813 184.108 0.542 3681
1056.893 184.108 0.542 3697
1056.973 184.108 0.543 3697
1057.053 184.148 0.543 3713
1057.134 184.188 0.543 3713
1057.174 184.228 0.543 3713
1057.294 184.268 0.543 3729
1057.374 184.307 0.543 3745
1057.454 184.307 0.543 3745
1057.534 184.307 0.543 3745
1057.614 184.307 0.544 3762
1057.694 184.347 0.544 3762
1057.775 184.347 0.544 3762
1057.855 184.347 0.544 3778
1057.935 184.387 0.545 3794
1058.015 184.387 0.545 3794
1058.135 184.427 0.544 3794
1058.215 184.427 0.545 3810
1058.336 184.467 0.545 3827
1058.456 184.467 0.545 3827
1058.576 184.467 0.545 3827
1058.696 184.467 0.545 3843
1058.816 184.467 0.545 3843
1058.896 184.467 0.545 3843
1058.977 184.467 0.545 3859
1059.097 184.467 0.545 3859
1059.177 184.467 0.546 3876
1059.257 184.467 0.546 3876
1059.337 184.467 0.546 3876
1059.417 184.467 0.546 3892
1059.497 184.467 0.546 3908
1059.537 184.467 0.546 3908
1059.578 184.467 0.546 3908
1059.618 184.467 0.546 3924
1059.698 184.467 0.546 3924
1059.738 184.467 0.546 3924
1059.778 184.467 0.546 3941
1059.818 184.467 0.547 3957
1059.898 184.506 0.547 3957
1059.938 184.546 0.546 3957
1059.978 184.586 0.547 3973
1060.058 184.586 0.547 3989
1060.139 184.586 0.547 3989
1060.219 184.586 0.547 3989
1060.299 184.586 0.547 4006
1060.419 184.586 0.547 4006
1060.499 184.586 0.547 4006
1060.619 184.586 0.547 4022
1060.700 184.586 0.547 4038
1060.820 184.586 0.547 4038
1060.900 184.586 0.547 4038
1061.020 184.586 0.547 4055
1061.100 184.586 0.547 4055
1061.180 184.586 0.547 4071
1061.260 184.546 0.547 4071
1061.341 184.546 0.547 4071
1061.421 184.546 0.547 4087
1061.501 184.546 0.548 4087
1061.581 184.546 0.547 4103
1061.701 184.506 0.548 4103
1061.781 184.506 0.548 4119
1061.861 184.506 0.547 4119
1061.982 184.506 0.548 4119
1062.102 184.506 0.548 4135
1062.182 184.467 0.547 4152
1062.262 184.427 0.548 4152
1062.342 184.427 0.548 4152
1062.422 184.387 0.548 4168
1062.502 184.347 0.548 4168
1062.583 184.307 0.548 4168
1062.663 184.268 0.548 4184
1062.783 184.228 0.548 4200
1062.863 184.228 0.548 4200
1062.943 184.188 0.548 4200
1063.023 184.108 0.548 4216
1063.144 184.069 0.548 4216
1063.224 184.029 0.548 4233
1063.304 183.989 0.548 4233
1063.384 183.909 0.548 4249
1063.504 183.870 0.548 4249
1063.584 183.830 0.548 4249
1063.664 183.790 0.548 4265
1063.745 183.750 0.548 4265
1063.825 183.710 0.548 4281
1063.905 183.671 0.548 4281
1063.985 183.631 0.549 4281
1064.025 183.591 0.549 4297
1064.105 183.551 0.548 4313
1064.145 183.511 0.549 4313
1064.225 183.471 0.548 4313
1064.305 183.432 0.549 4330
1064.345 183.352 0.549 4330
1064.426 183.312 0.548 4330
1064.466 183.272 0.548 4346
1064.506 183.193 0.549 4362
1064.586 183.153 0.548 4362
1064.666 183.113 0.548 4362
1064.706 183.034 0.549 4379
1064.786 182.994 0.549 4395
1064.866 182.914 0.549 4395
1064.906 182.874 0.550 4395
1064.987 182.795 0.550 4411
1065.027 182.755 0.551 4411
1065.147 182.715 0.552 4411
1065.227 182.675 0.552 4427
1065.267 182.556 0.553 4427
1065.347 182.516 0.553 4443
1065.387 182.436 0.554 4443
1065.427 182.397 0.554 4443
1065.508 182.317 0.554 4460
1065.588 182.277 0.555 4476
1065.628 182.237 0.556 4476
1065.668 182.198 0.557 4476
1065.748 182.158 0.558 4492
1065.828 182.118 0.559 4492
1065.868 182.078 0.560 4492
1065.908 182.038 0.561 4508
1065.948 181.999 0.563 4525
1066.028 181.999 0.565 4525
1066.068 181.959 0.567 4525
1066.109 181.919 0.568 4541
1066.189 181.879 0.571 4557
1066.229 181.839 0.573 4557
1066.309 181.799 0.574 4557
1066.349 181.760 0.576 4573
1066.389 181.680 0.577 4573
1066.389 181.640 0.578 4589
1066.429 181.600 0.580 4589
1066.469 181.561 0.581 4589
1066.509 181.521 0.582 4605
1066.549 181.481 0.584 4605
1066.589 181.441 0.584 4605
1066.669 181.401 0.585 4622
1066.709 181.362 0.586 4638
1066.750 181.322 0.586 4638
1066.790 181.282 0.587 4638
1066.830 181.242 0.587 4654
1066.870 181.202 0.588 4671
1066.870 181.163 0.589 4671
1066.910 181.123 0.592 4671
1066.950 181.123 0.593 4687
1066.950 181.083 0.595 4687
1066.990 181.043 0.596 4687
1067.030 181.003 0.597 4703
1067.070 180.963 0.598 4719
1067.110 180.924 0.598 4719
1067.150 180.884 0.599 4719
1067.230 180.804 0.599 4735
1067.270 180.725 0.599 4735
1067.351 180.645 0.600 4752
1067.431 180.605 0.601 4752
1067.471 180.526 0.601 4752
1067.551 180.486 0.602 4768
1067.591 180.406 0.604 4768
1067.631 180.406 0.604 4784
1067.671 180.366 0.605 4784
1067.711 180.327 0.606 4800
1067.831 180.247 0.606 4800
1067.871 180.247 0.607 4800
1067.911 180.207 0.607 4816
1067.992 180.167 0.607 4833
1068.032 180.167 0.608 4833
1068.072 180.128 0.608 4833
1068.112 180.088 0.609 4849
1068.192 180.048 0.609 4849
1068.232 179.968 0.609 4849
1068.312 179.928 0.610 4865
1068.352 179.849 0.610 4882
1068.432 179.769 0.611 4882
1068.513 179.729 0.611 4882
1068.593 179.650 0.612 4898
1068.673 179.570 0.612 4898
1068.753 179.530 0.613 4914
1068.793 179.451 0.613 4914
1068.833 179.411 0.614 4930
1068.873 179.371 0.615 4930
1068.913 179.331 0.616 4930
1068.953 179.252 0.617 4947
1069.033 179.212 0.618 4947
1069.073 179.132 0.618 4963
1069.114 179.053 0.618 4963
1069.194 178.973 0.619 4963
1069.234 178.933 0.620 4979
1069.274 178.854 0.622 4996
1069.314 178.814 0.623 4996
1069.314 178.734 0.624 4996
1069.354 178.694 0.626 5012
1069.394 178.655 0.626 5012
1069.394 178.615 0.627 5028
1069.394 178.575 0.627 5044
1069.474 178.575 0.627 5044
1069.474 178.535 0.625 5044
1069.634 178.456 0.582 5061
1069.795 178.296 0.478 5077
1069.995 178.057 0.236 5077

