% x_coordinate y_coordinate pressure time
% shape 0, 1854 points
993.266 115.458 0.010 0
993.266 115.458 0.021 0
993.225 115.458 0.025 17
993.185 115.498 0.024 17
993.145 115.498 0.022 34
993.105 115.498 0.022 50
993.105 115.538 0.023 50
993.065 115.538 0.024 50
993.025 115.538 0.026 67
993.025 115.538 0.030 67
992.985 115.538 0.036 84
992.985 115.538 0.040 84
992.945 115.538 0.045 100
992.905 115.498 0.054 100
992.905 115.498 0.068 100
992.905 115.498 0.083 117
992.905 115.458 0.094 134
992.905 115.458 0.117 134
992.905 115.458 0.135 134
992.905 115.458 0.151 150
992.945 115.419 0.166 150
992.905 115.419 0.180 150
992.905 115.419 0.194 167
992.905 115.419 0.207 167
992.905 115.419 0.219 184
992.905 115.379 0.231 184
992.905 115.379 0.241 201
992.905 115.379 0.250 201
992.905 115.339 0.263 201
992.905 115.339 0.278 217
992.905 115.339 0.293 217
992.905 115.299 0.311 234
992.905 115.299 0.326 234
992.905 115.299 0.341 234
992.905 115.299 0.355 251
992.905 115.299 0.367 267
992.905 115.299 0.378 267
992.865 115.339 0.387 267
992.865 115.379 0.393 284
992.865 115.419 0.395 284
992.865 115.458 0.396 301
992.865 115.538 0.401 301
992.865 115.658 0.405 301
992.825 115.777 0.411 318
992.825 115.896 0.416 318
992.825 116.016 0.422 318
992.825 116.056 0.427 335
992.785 116.215 0.433 351
992.745 116.414 0.439 351
992.704 116.613 0.444 351
992.624 116.772 0.447 368
992.584 116.971 0.451 385
992.544 117.131 0.456 385
992.504 117.290 0.459 385
992.464 117.489 0.462 401
992.424 117.648 0.465 401
992.384 117.807 0.467 401
992.304 117.927 0.469 418
992.264 118.086 0.473 418
992.224 118.245 0.477 435
992.184 118.404 0.481 435
992.063 118.564 0.484 435
992.023 118.763 0.487 452
991.983 118.922 0.490 469
991.943 119.121 0.492 469
991.863 119.320 0.494 469
991.823 119.479 0.496 485
991.743 119.638 0.497 485
991.703 119.798 0.498 485
991.663 119.957 0.499 502
991.623 120.116 0.500 502
991.543 120.235 0.500 519
991.543 120.395 0.501 519
991.462 120.514 0.503 519
991.422 120.634 0.504 536
991.342 120.753 0.505 552
991.302 120.872 0.506 552
991.222 121.032 0.508 552
991.182 121.191 0.510 569
991.102 121.310 0.512 569
991.062 121.430 0.513 569
991.022 121.549 0.515 586
990.982 121.669 0.515 602
990.901 121.788 0.516 602
990.861 121.908 0.517 602
990.821 122.027 0.517 619
990.781 122.186 0.518 619
990.741 122.306 0.519 636
990.701 122.425 0.520 636
990.621 122.584 0.521 636
990.621 122.704 0.522 653
990.581 122.823 0.523 653
990.501 122.943 0.523 653
990.461 123.062 0.524 670
990.461 123.142 0.525 687
990.381 123.261 0.527 687
990.341 123.341 0.528 687
990.301 123.460 0.529 704
990.301 123.579 0.530 704
990.260 123.739 0.531 720
990.260 123.898 0.531 720
990.220 124.017 0.532 720
990.180 124.137 0.532 737
990.140 124.216 0.532 737
990.100 124.336 0.533 737
990.060 124.455 0.533 754
990.020 124.575 0.534 771
989.980 124.694 0.535 771
989.980 124.774 0.535 771
989.940 124.893 0.535 787
989.940 125.013 0.536 804
989.900 125.092 0.536 804
989.900 125.212 0.537 804
989.860 125.291 0.537 821
989.820 125.411 0.537 821
989.780 125.490 0.538 821
989.780 125.610 0.538 838
989.740 125.729 0.539 838
989.740 125.849 0.540 854
989.699 125.968 0.541 854
989.659 126.167 0.541 854
989.659 126.286 0.542 871
989.579 126.406 0.542 888
989.539 126.525 0.543 888
989.499 126.645 0.543 888
989.459 126.764 0.543 905
989.419 126.884 0.543 905
989.379 127.003 0.544 905
989.339 127.122 0.544 922
989.339 127.202 0.544 922
989.299 127.321 0.545 939
989.259 127.441 0.545 939
989.219 127.560 0.546 939
989.179 127.640 0.546 955
989.139 127.759 0.547 972
989.099 127.839 0.547 972
989.058 127.919 0.547 972
989.018 127.998 0.548 989
988.978 128.078 0.548 989
988.938 128.118 0.548 989
988.938 128.197 0.548 1006
988.898 128.237 0.548 1023
988.858 128.317 0.549 1023
988.778 128.396 0.549 1023
988.778 128.476 0.550 1039
988.738 128.595 0.550 1039
988.698 128.715 0.551 1056
988.658 128.794 0.552 1056
988.618 128.914 0.552 1056
988.578 128.993 0.552 1073
988.538 129.113 0.552 1073
988.498 129.192 0.552 1073
988.458 129.312 0.553 1090
988.417 129.391 0.552 1106
988.377 129.471 0.553 1106
988.337 129.551 0.553 1106
988.297 129.630 0.553 1123
988.297 129.710 0.553 1123
988.257 129.790 0.553 1140
988.217 129.869 0.553 1140
988.217 129.949 0.553 1140
988.177 130.068 0.553 1157
988.137 130.148 0.553 1157
988.137 130.227 0.554 1157
988.097 130.347 0.553 1174
988.057 130.426 0.554 1191
988.017 130.546 0.554 1191
987.977 130.625 0.554 1191
987.937 130.745 0.554 1207
987.856 130.825 0.554 1207
987.856 130.904 0.554 1224
987.816 131.063 0.555 1224
987.776 131.143 0.555 1241
987.736 131.223 0.554 1241
987.656 131.302 0.555 1241
987.656 131.382 0.555 1257
987.616 131.461 0.555 1257
987.576 131.541 0.555 1274
987.536 131.621 0.555 1274
987.536 131.661 0.555 1274
987.496 131.780 0.556 1291
987.456 131.860 0.556 1308
987.416 131.939 0.556 1308
987.376 132.019 0.556 1308
987.295 132.138 0.556 1325
987.255 132.258 0.556 1325
987.175 132.377 0.557 1325
987.135 132.497 0.557 1342
987.055 132.616 0.557 1342
986.975 132.735 0.558 1358
986.855 132.895 0.558 1358
986.815 133.014 0.558 1358
986.694 133.133 0.558 1375
986.654 133.253 0.558 1392
986.574 133.372 0.559 1392
986.494 133.531 0.559 1392
986.454 133.651 0.559 1409
986.374 133.770 0.559 1409
986.294 133.890 0.559 1409
986.214 134.009 0.559 1426
986.174 134.168 0.560 1426
986.094 134.288 0.560 1442
986.013 134.407 0.560 1442
985.973 134.527 0.560 1442
985.933 134.646 0.560 1459
985.893 134.726 0.561 1476
985.813 134.845 0.562 1476
985.733 135.004 0.562 1476
985.693 135.124 0.563 1493
985.653 135.243 0.563 1493
985.613 135.363 0.564 1509
985.533 135.482 0.564 1509
985.533 135.602 0.565 1509
985.493 135.681 0.565 1526
985.412 135.801 0.565 1526
985.372 135.920 0.565 1526
985.332 136.000 0.566 1543
985.332 136.079 0.566 1559
985.292 136.199 0.566 1559
985.252 136.318 0.567 1559
985.212 136.438 0.567 1576
985.172 136.517 0.567 1576
985.132 136.637 0.568 1593
985.092 136.756 0.568 1593
985.052 136.915 0.568 1610
984.972 137.035 0.568 1610
984.932 137.154 0.568 1610
984.851 137.273 0.568 1627
984.771 137.433 0.569 1627
984.731 137.552 0.568 1643
984.691 137.711 0.569 1643
984.651 137.831 0.568 1643
984.571 137.950 0.568 1660
984.531 138.109 0.569 1677
984.491 138.189 0.569 1677
984.451 138.308 0.569 1677
984.411 138.468 0.570 1694
984.371 138.587 0.570 1694
984.331 138.707 0.570 1694
984.290 138.786 0.570 1711
984.250 138.906 0.570 1711
984.210 139.025 0.571 1727
984.170 139.144 0.571 1727
984.130 139.224 0.571 1727
984.050 139.344 0.571 1744
984.010 139.423 0.571 1761
983.970 139.543 0.571 1761
983.930 139.662 0.572 1761
983.850 139.742 0.572 1778
983.810 139.861 0.572 1778
983.770 139.941 0.572 1778
983.730 140.060 0.572 1794
983.690 140.140 0.572 1811
983.649 140.259 0.573 1811
983.609 140.379 0.574 1811
983.569 140.458 0.575 1828
983.529 140.578 0.576 1828
983.489 140.697 0.577 1845
983.449 140.856 0.578 1845
983.449 140.936 0.579 1845
983.409 141.055 0.579 1862
983.329 141.215 0.580 1862
983.289 141.334 0.580 1862
983.249 141.453 0.581 1879
983.209 141.573 0.581 1895
983.129 141.692 0.581 1895
983.048 141.812 0.582 1895
983.008 141.931 0.582 1912
982.968 142.090 0.582 1912
982.928 142.210 0.583 1929
982.888 142.369 0.583 1929
982.848 142.528 0.584 1929
982.808 142.687 0.584 1946
982.728 142.847 0.585 1946
982.688 142.966 0.584 1946
982.648 143.125 0.584 1963
982.608 143.324 0.585 1979
982.568 143.484 0.585 1979
982.527 143.603 0.586 1979
982.447 143.762 0.587 1996
982.407 143.961 0.587 2013
982.327 144.081 0.587 2013
982.287 144.240 0.587 2013
982.247 144.399 0.587 2030
982.167 144.558 0.587 2030
982.127 144.718 0.588 2030
982.087 144.877 0.588 2047
982.087 145.036 0.588 2047
982.047 145.195 0.588 2063
982.007 145.355 0.588 2063
981.967 145.474 0.588 2063
981.927 145.633 0.588 2080
981.886 145.792 0.589 2097
981.806 145.952 0.589 2097
981.766 146.071 0.589 2097
981.686 146.230 0.589 2113
981.606 146.350 0.589 2113
981.566 146.469 0.589 2113
981.486 146.628 0.590 2130
981.446 146.748 0.591 2130
981.366 146.907 0.591 2147
981.326 147.026 0.591 2147
981.245 147.186 0.592 2147
981.205 147.305 0.592 2163
981.165 147.425 0.593 2180
981.085 147.544 0.593 2180
981.045 147.703 0.593 2180
981.005 147.823 0.594 2197
980.925 147.982 0.594 2197
980.885 148.101 0.595 2197
980.845 148.261 0.595 2214
980.805 148.420 0.596 2231
980.765 148.539 0.597 2231
980.725 148.659 0.597 2231
980.684 148.818 0.598 2247
980.604 148.937 0.599 2247
980.564 149.097 0.599 2264
980.524 149.216 0.600 2264
980.484 149.335 0.600 2264
980.404 149.455 0.600 2281
980.364 149.574 0.601 2281
980.284 149.734 0.601 2281
980.244 149.853 0.602 2298
980.204 149.972 0.602 2315
980.164 150.092 0.603 2315
980.124 150.211 0.604 2315
980.043 150.331 0.606 2332
980.003 150.450 0.606 2332
979.963 150.569 0.607 2349
979.923 150.729 0.608 2349
979.883 150.888 0.608 2349
979.843 151.007 0.609 2365
979.803 151.127 0.609 2365
979.723 151.286 0.610 2365
979.683 151.405 0.610 2382
979.643 151.525 0.610 2399
979.563 151.684 0.610 2399
979.522 151.804 0.611 2399
979.482 151.923 0.611 2416
979.442 152.042 0.611 2416
979.362 152.202 0.612 2433
979.322 152.321 0.612 2433
979.242 152.480 0.612 2433
979.202 152.600 0.613 2449
979.122 152.759 0.613 2449
979.042 152.878 0.613 2449
979.002 152.998 0.613 2466
978.922 153.197 0.614 2483
978.881 153.316 0.614 2483
978.841 153.436 0.615 2483
978.801 153.555 0.615 2500
978.761 153.714 0.616 2516
978.721 153.834 0.616 2516
978.681 153.953 0.616 2516
978.641 154.112 0.617 2533
978.601 154.272 0.617 2533
978.561 154.391 0.617 2533
978.521 154.550 0.617 2550
978.481 154.670 0.617 2550
978.441 154.829 0.617 2567
978.401 154.988 0.618 2567
978.361 155.147 0.618 2567
978.321 155.307 0.618 2584
978.281 155.466 0.618 2600
978.240 155.585 0.618 2600
978.200 155.784 0.619 2600
978.120 155.944 0.619 2617
978.080 156.103 0.619 2617
978.000 156.222 0.619 2617
977.960 156.381 0.619 2634
977.880 156.541 0.619 2634
977.800 156.700 0.619 2651
977.760 156.819 0.619 2651
977.679 156.979 0.619 2651
977.639 157.138 0.620 2668
977.559 157.297 0.620 2684
977.519 157.417 0.620 2684
977.479 157.576 0.620 2684
977.399 157.735 0.620 2701
977.399 157.854 0.620 2701
977.319 158.014 0.621 2701
977.279 158.253 0.620 2718
977.239 158.412 0.621 2735
977.159 158.611 0.621 2735
977.119 158.770 0.621 2735
977.038 158.929 0.621 2752
976.998 159.089 0.621 2752
976.918 159.248 0.622 2768
976.878 159.407 0.622 2768
976.838 159.566 0.622 2768
976.758 159.725 0.622 2785
976.718 159.885 0.622 2785
976.638 160.044 0.622 2785
976.558 160.203 0.623 2802
976.517 160.362 0.623 2819
976.437 160.522 0.623 2819
976.357 160.721 0.623 2819
976.317 160.840 0.623 2835
976.237 160.999 0.623 2835
976.197 161.119 0.623 2852
976.077 161.278 0.623 2852
975.997 161.437 0.623 2852
975.917 161.557 0.623 2869
975.876 161.716 0.623 2869
975.796 161.875 0.623 2869
975.756 162.034 0.623 2886
975.676 162.193 0.623 2903
975.676 162.353 0.623 2903
975.596 162.512 0.624 2903
975.556 162.671 0.624 2920
975.516 162.830 0.624 2920
975.476 162.990 0.624 2936
975.436 163.189 0.624 2936
975.356 163.388 0.624 2936
975.316 163.547 0.624 2953
975.235 163.706 0.624 2953
975.195 163.865 0.624 2970
975.155 164.065 0.624 2970
975.115 164.224 0.624 2986
975.075 164.383 0.624 2986
975.035 164.502 0.624 2986
974.995 164.662 0.624 3003
974.955 164.821 0.624 3019
974.875 164.940 0.624 3019
974.835 165.099 0.624 3019
974.795 165.219 0.624 3036
974.755 165.378 0.624 3036
974.714 165.498 0.625 3036
974.634 165.697 0.625 3053
974.594 165.856 0.625 3053
974.554 166.015 0.625 3070
974.474 166.174 0.625 3070
974.394 166.334 0.625 3070
974.354 166.533 0.625 3087
974.274 166.692 0.625 3103
974.234 166.851 0.625 3103
974.194 166.971 0.625 3103
974.154 167.130 0.625 3120
974.114 167.289 0.625 3120
974.073 167.408 0.625 3120
974.033 167.568 0.625 3137
973.993 167.727 0.625 3153
973.953 167.846 0.626 3153
973.913 168.045 0.625 3153
973.873 168.165 0.625 3170
973.833 168.324 0.625 3170
973.753 168.483 0.625 3187
973.753 168.603 0.625 3187
973.713 168.762 0.626 3187
973.673 168.921 0.625 3204
973.633 169.080 0.625 3204
973.593 169.200 0.625 3204
973.553 169.359 0.625 3221
973.513 169.478 0.626 3237
973.432 169.598 0.626 3237
973.392 169.757 0.626 3237
973.312 169.876 0.626 3254
973.272 169.996 0.626 3254
973.192 170.155 0.626 3271
973.152 170.275 0.626 3271
973.072 170.394 0.626 3287
972.992 170.593 0.626 3287
972.952 170.713 0.626 3287
972.911 170.832 0.626 3304
972.831 170.951 0.626 3304
972.791 171.071 0.626 3321
972.751 171.190 0.626 3321
972.671 171.310 0.626 3321
972.591 171.429 0.626 3338
972.551 171.588 0.626 3355
972.471 171.708 0.626 3355
972.431 171.867 0.626 3355
972.351 171.986 0.626 3371
972.271 172.146 0.626 3371
972.230 172.305 0.626 3371
972.150 172.424 0.627 3388
972.110 172.583 0.626 3388
972.070 172.663 0.626 3405
972.030 172.783 0.626 3405
971.990 172.902 0.626 3405
971.950 173.061 0.626 3422
971.910 173.181 0.626 3439
971.870 173.260 0.626 3439
971.830 173.380 0.626 3439
971.750 173.499 0.626 3456
971.709 173.618 0.627 3456
971.629 173.738 0.627 3456
971.549 173.897 0.627 3473
971.509 174.017 0.626 3473
971.429 174.176 0.626 3489
971.389 174.295 0.627 3489
971.309 174.454 0.626 3489
971.269 174.574 0.627 3506
971.189 174.693 0.626 3522
971.149 174.813 0.626 3522
971.108 174.932 0.626 3522
971.068 175.052 0.626 3539
970.988 175.171 0.627 3539
970.948 175.290 0.626 3539
970.908 175.410 0.626 3556
970.868 175.529 0.627 3573
970.828 175.649 0.627 3573
970.748 175.768 0.627 3573
970.708 175.888 0.627 3590
970.668 176.007 0.627 3590
970.588 176.166 0.627 3590
970.588 176.286 0.627 3607
970.508 176.365 0.627 3607
970.468 176.485 0.627 3624
970.427 176.604 0.627 3624
970.387 176.724 0.627 3641
970.347 176.803 0.627 3641
970.267 176.923 0.627 3657
970.267 177.042 0.627 3657
970.227 177.161 0.627 3657
970.187 177.241 0.627 3674
970.147 177.360 0.627 3674
970.107 177.480 0.627 3674
970.067 177.599 0.627 3691
969.987 177.679 0.627 3708
969.987 177.798 0.627 3708
969.947 177.878 0.627 3708
969.906 178.037 0.627 3724
969.866 178.077 0.627 3724
969.826 178.196 0.627 3741
969.786 178.276 0.628 3741
969.746 178.356 0.627 3741
969.706 178.435 0.627 3758
969.666 178.515 0.627 3774
969.626 178.634 0.627 3774
969.586 178.754 0.627 3774
969.546 178.873 0.628 3791
969.506 178.993 0.627 3791
969.466 179.112 0.627 3791
969.426 179.231 0.627 3808
969.386 179.311 0.627 3808
969.346 179.430 0.627 3825
969.306 179.510 0.627 3825
969.265 179.630 0.627 3825
969.185 179.709 0.627 3841
969.145 179.829 0.628 3858
969.105 179.908 0.628 3858
969.065 179.988 0.628 3858
969.065 180.107 0.628 3875
969.025 180.187 0.628 3875
968.985 180.306 0.628 3875
968.905 180.386 0.628 3892
968.865 180.545 0.628 3909
968.825 180.665 0.628 3909
968.785 180.784 0.628 3909
968.745 180.864 0.628 3926
968.704 180.983 0.628 3926
968.664 181.102 0.629 3942
968.624 181.222 0.627 3942
968.624 181.341 0.628 3942
968.584 181.461 0.627 3959
968.544 181.540 0.628 3959
968.544 181.660 0.627 3959
968.504 181.739 0.627 3976
968.464 181.859 0.628 3993
968.424 181.938 0.628 3993
968.384 182.018 0.627 3993
968.344 182.098 0.628 4010
968.304 182.177 0.629 4010
968.264 182.297 0.628 4027
968.224 182.376 0.628 4027
968.184 182.456 0.628 4027
968.144 182.575 0.628 4043
968.063 182.655 0.628 4043
968.023 182.774 0.629 4043
967.943 182.894 0.629 4060
967.903 183.013 0.628 4077
967.823 183.133 0.628 4077
967.743 183.252 0.628 4077
967.703 183.332 0.628 4094
967.623 183.451 0.628 4094
967.543 183.531 0.629 4110
967.463 183.610 0.629 4110
967.382 183.690 0.629 4127
967.342 183.770 0.629 4127
967.262 183.849 0.630 4127
967.182 183.929 0.630 4144
967.102 183.969 0.630 4144
967.022 184.048 0.630 4160
966.942 184.128 0.630 4160
966.861 184.208 0.630 4160
966.821 184.287 0.630 4177
966.701 184.327 0.630 4193
966.621 184.407 0.630 4193
966.581 184.486 0.630 4193
966.501 184.566 0.630 4210
966.421 184.606 0.630 4210
966.341 184.685 0.630 4210
966.260 184.725 0.630 4227
966.180 184.765 0.630 4243
966.100 184.805 0.630 4243
965.980 184.884 0.630 4243
965.900 184.924 0.630 4260
965.780 184.964 0.630 4260
965.699 185.043 0.630 4277
965.619 185.083 0.631 4277
965.499 185.123 0.631 4277
965.419 185.203 0.632 4293
965.339 185.203 0.632 4293
965.259 185.242 0.632 4293
965.139 185.282 0.633 4310
965.058 185.322 0.633 4327
964.978 185.362 0.634 4327
964.858 185.362 0.635 4327
964.778 185.481 0.634 4344
964.658 185.521 0.636 4344
964.578 185.561 0.636 4360
964.457 185.601 0.635 4360
964.337 185.641 0.636 4360
964.337 185.720 0.636 4377
964.217 185.760 0.637 4377
964.097 185.800 0.638 4377
963.937 185.840 0.638 4394
963.816 185.840 0.638 4411
963.656 185.880 0.638 4411
963.536 185.880 0.639 4411
963.376 185.999 0.640 4428
963.255 185.999 0.641 4444
963.135 185.999 0.643 4444
963.015 185.999 0.646 4444
962.935 185.999 0.648 4461
962.815 185.999 0.649 4461
962.695 185.999 0.652 4461
962.614 185.999 0.653 4478
962.494 185.999 0.654 4478
962.374 185.999 0.654 4495
962.254 185.999 0.655 4495
962.134 185.999 0.655 4495
962.013 185.999 0.655 4511
961.893 185.959 0.656 4528
961.773 185.919 0.657 4528
961.653 185.919 0.657 4528
961.532 185.840 0.657 4545
961.412 185.800 0.658 4545
961.292 185.760 0.659 4545
961.132 185.680 0.660 4562
960.972 185.641 0.661 4562
960.851 185.601 0.660 4578
960.691 185.561 0.661 4578
960.571 185.521 0.662 4578
960.411 185.442 0.663 4595
960.291 185.402 0.663 4612
960.170 185.362 0.663 4612
960.050 185.322 0.664 4612
959.930 185.282 0.664 4629
959.810 185.203 0.665 4629
959.730 185.123 0.666 4629
959.609 185.083 0.666 4646
959.489 185.004 0.667 4662
959.369 184.964 0.666 4662
959.249 184.884 0.667 4662
959.089 184.805 0.667 4679
958.968 184.725 0.667 4679
958.768 184.645 0.668 4695
958.608 184.566 0.668 4695
958.487 184.486 0.669 4695
958.327 184.407 0.670 4712
958.167 184.287 0.670 4712
958.047 184.208 0.670 4712
957.886 184.088 0.671 4729
957.766 184.008 0.671 4746
957.606 183.889 0.673 4746
957.486 183.809 0.672 4746
957.326 183.690 0.673 4763
957.205 183.571 0.673 4763
957.085 183.491 0.674 4779
956.925 183.372 0.674 4779
956.805 183.252 0.674 4779
956.644 183.133 0.674 4796
956.524 182.973 0.674 4796
956.444 182.854 0.675 4796
956.284 182.735 0.676 4813
956.204 182.615 0.676 4830
956.083 182.496 0.676 4830
956.003 182.376 0.677 4830
955.883 182.376 0.677 4846
955.803 182.217 0.677 4863
955.683 182.058 0.677 4863
955.603 181.899 0.678 4863
955.522 181.739 0.678 4880
955.402 181.580 0.679 4880
955.322 181.381 0.679 4880
955.242 181.182 0.679 4896
955.162 180.983 0.680 4896
955.082 180.784 0.680 4913
955.002 180.585 0.680 4913
954.962 180.346 0.681 4913
954.881 180.147 0.681 4929
954.841 179.948 0.681 4956
954.761 179.749 0.682 4956
954.721 179.550 0.682 4956
954.681 179.351 0.682 4956
954.641 179.192 0.682 4977
954.601 178.993 0.682 4977
954.561 178.794 0.682 4977
954.441 178.595 0.682 4977
954.481 178.435 0.682 4998
954.521 178.236 0.681 4998
954.561 177.997 0.681 5014
954.601 177.838 0.680 5014
954.681 177.639 0.680 5014
954.761 177.480 0.680 5031
954.841 177.321 0.680 5031
954.922 177.201 0.679 5047
955.002 177.042 0.679 5047
955.122 176.923 0.679 5064
955.202 176.803 0.679 5064
955.362 176.684 0.679 5064
955.482 176.604 0.679 5080
955.522 176.485 0.679 5096
955.723 176.405 0.679 5096
955.883 176.326 0.678 5096
956.124 176.246 0.678 5113
956.324 176.206 0.678 5113
956.604 176.166 0.677 5113
956.845 176.166 0.677 5131
957.085 176.047 0.677 5131
957.326 176.087 0.677 5148
957.566 176.166 0.677 5148
957.766 176.246 0.677 5170
958.007 176.326 0.677 5170
958.287 176.405 0.677 5170
958.527 176.525 0.677 5187
958.768 176.604 0.677 5187
959.008 176.724 0.677 5187
959.209 176.803 0.677 5204
959.449 176.923 0.677 5204
959.649 177.042 0.677 5221
959.850 177.161 0.677 5221
960.010 177.281 0.678 5221
960.210 177.400 0.677 5237
960.411 177.440 0.678 5237
960.571 177.560 0.677 5237
960.771 177.719 0.677 5254
960.932 177.838 0.677 5271
961.092 177.958 0.677 5271
961.252 178.117 0.677 5271
961.452 178.196 0.678 5288
961.653 178.316 0.677 5288
961.853 178.396 0.677 5305
962.053 178.475 0.677 5305
962.254 178.595 0.677 5305
962.454 178.674 0.677 5322
962.655 178.794 0.677 5322
962.855 178.913 0.678 5322
963.015 179.032 0.677 5338
963.175 179.152 0.678 5355
963.295 179.231 0.678 5355
963.456 179.351 0.679 5355
963.576 179.470 0.679 5372
963.696 179.590 0.678 5388
963.856 179.709 0.678 5388
963.977 179.789 0.679 5388
964.097 179.908 0.678 5405
964.217 180.028 0.678 5405
964.337 180.107 0.678 5405
964.498 180.187 0.678 5422
964.658 180.306 0.679 5422
964.818 180.386 0.678 5438
965.018 180.545 0.678 5438
965.179 180.665 0.679 5438
965.299 180.784 0.679 5455
965.419 180.903 0.679 5472
965.579 181.023 0.679 5472
965.659 181.142 0.679 5472
965.820 181.262 0.680 5489
965.940 181.381 0.679 5489
966.020 181.501 0.680 5489
966.180 181.620 0.680 5506
966.260 181.739 0.680 5506
966.381 181.819 0.680 5523
966.461 181.899 0.680 5523
966.541 181.978 0.681 5523
966.661 182.018 0.680 5540
966.741 182.098 0.680 5556
966.861 182.177 0.681 5556
966.942 182.217 0.680 5556
967.062 182.297 0.680 5573
967.182 182.376 0.680 5573
967.302 182.416 0.680 5573
967.422 182.456 0.680 5590
967.503 182.536 0.680 5590
967.623 182.615 0.681 5607
967.743 182.695 0.681 5607
967.863 182.735 0.681 5624
967.943 182.814 0.681 5624
968.063 182.894 0.681 5641
968.144 183.013 0.681 5641
968.224 183.053 0.680 5641
968.344 183.093 0.681 5658
968.424 183.172 0.681 5658
968.504 183.212 0.681 5658
968.584 183.292 0.681 5674
968.664 183.372 0.680 5691
968.745 183.451 0.681 5691
968.825 183.491 0.680 5691
968.905 183.571 0.681 5708
969.025 183.650 0.681 5708
969.145 183.770 0.680 5725
969.225 183.849 0.681 5725
969.346 183.969 0.681 5725
969.506 184.048 0.680 5741
969.626 184.168 0.681 5758
969.746 184.247 0.681 5758
969.866 184.327 0.681 5758
970.027 184.407 0.681 5775
970.147 184.486 0.681 5775
970.267 184.526 0.681 5775
970.387 184.606 0.681 5792
970.508 184.645 0.681 5792
970.628 184.725 0.682 5809
970.748 184.765 0.683 5809
970.868 184.805 0.684 5809
971.028 184.844 0.685 5826
971.149 184.884 0.686 5842
971.229 184.924 0.686 5842
971.349 184.964 0.687 5842
971.429 185.004 0.687 5859
971.549 185.004 0.687 5859
971.629 185.083 0.688 5859
971.750 185.123 0.688 5876
971.830 185.203 0.688 5893
971.950 185.242 0.688 5893
972.070 185.282 0.688 5893
972.190 185.322 0.689 5910
972.311 185.362 0.689 5910
972.431 185.442 0.689 5926
972.551 185.481 0.689 5926
972.671 185.481 0.689 5926
972.791 185.521 0.689 5943
972.911 185.561 0.690 5943
973.032 185.601 0.691 5943
973.152 185.641 0.691 5960
973.272 185.720 0.691 5977
973.392 185.760 0.691 5977
973.513 185.800 0.692 5977
973.633 185.840 0.692 5994
973.753 185.840 0.692 5994
973.873 185.880 0.693 5994
973.993 185.919 0.693 6011
974.154 185.919 0.694 6011
974.274 185.959 0.694 6027
974.394 185.959 0.694 6027
974.514 185.999 0.694 6044
974.634 185.999 0.695 6044
974.755 186.039 0.695 6060
974.875 186.039 0.695 6060
974.995 186.079 0.696 6060
975.155 186.198 0.696 6077
975.276 186.198 0.696 6077
975.396 186.198 0.696 6077
975.516 186.198 0.696 6094
975.716 186.158 0.697 6111
975.836 186.158 0.697 6111
975.997 186.158 0.698 6111
976.117 186.118 0.698 6128
976.277 186.118 0.699 6128
976.397 186.079 0.700 6144
976.517 186.079 0.700 6144
976.638 186.079 0.701 6144
976.758 186.079 0.701 6161
976.918 186.118 0.702 6161
977.038 186.118 0.702 6161
977.159 186.118 0.703 6178
977.279 186.118 0.703 6194
977.399 186.079 0.703 6194
977.519 186.079 0.704 6194
977.639 186.039 0.705 6211
977.800 185.999 0.705 6228
977.920 185.999 0.706 6228
978.040 185.959 0.707 6228
978.200 185.919 0.707 6244
978.321 185.880 0.708 6244
978.481 185.840 0.708 6244
978.601 185.840 0.708 6262
978.721 185.800 0.709 6262
978.841 185.760 0.709 6278
979.002 185.760 0.709 6278
979.122 185.760 0.709 6278
979.242 185.760 0.709 6295
979.362 185.760 0.710 6312
979.522 185.760 0.710 6312
979.643 185.760 0.710 6312
979.723 185.760 0.711 6329
979.843 185.760 0.711 6329
979.963 185.720 0.711 6329
980.083 185.720 0.712 6346
980.204 185.680 0.712 6346
980.364 185.641 0.713 6362
980.524 185.641 0.713 6362
980.644 185.601 0.713 6362
980.765 185.561 0.714 6379
980.885 185.561 0.714 6396
981.005 185.521 0.714 6396
981.165 185.481 0.715 6396
981.285 185.481 0.715 6413
981.406 185.481 0.715 6413
981.566 185.442 0.715 6413
981.686 185.442 0.716 6430
981.846 185.442 0.716 6446
981.967 185.402 0.716 6446
982.087 185.402 0.716 6446
982.247 185.402 0.716 6463
982.367 185.402 0.716 6463
982.487 185.322 0.716 6480
982.608 185.322 0.716 6480
982.768 185.282 0.716 6480
982.888 185.242 0.716 6496
983.008 185.242 0.717 6496
983.129 185.203 0.717 6496
983.289 185.163 0.717 6514
983.449 185.123 0.717 6530
983.609 185.083 0.717 6530
983.810 185.043 0.717 6530
983.970 185.004 0.717 6547
984.170 184.924 0.717 6547
984.331 184.884 0.717 6563
984.531 184.844 0.717 6563
984.731 184.765 0.717 6580
984.891 184.685 0.717 6580
985.092 184.645 0.717 6580
985.252 184.566 0.717 6597
985.452 184.486 0.717 6597
985.653 184.407 0.717 6614
985.853 184.327 0.717 6614
986.013 184.208 0.718 6614
986.214 184.128 0.718 6631
986.414 184.008 0.718 6647
986.614 183.929 0.718 6647
986.735 183.849 0.718 6647
986.895 183.770 0.719 6664
987.055 183.690 0.719 6664
987.175 183.610 0.719 6664
987.336 183.531 0.719 6681
987.456 183.411 0.720 6681
987.616 183.332 0.720 6697
987.736 183.292 0.720 6697
987.896 183.172 0.721 6697
988.017 183.093 0.721 6714
988.177 183.013 0.721 6731
988.297 182.934 0.722 6731
988.417 182.854 0.722 6731
988.538 182.735 0.722 6748
988.658 182.615 0.723 6748
988.778 182.536 0.723 6748
988.858 182.456 0.723 6765
988.978 182.376 0.724 6782
989.099 182.257 0.724 6782
989.259 182.138 0.724 6782
989.339 182.058 0.725 6798
989.499 181.978 0.725 6798
989.659 181.859 0.725 6815
989.780 181.779 0.725 6815
989.940 181.660 0.726 6815
990.060 181.580 0.726 6832
990.180 181.461 0.726 6832
990.301 181.341 0.726 6832
990.421 181.222 0.726 6849
990.541 181.102 0.726 6866
990.621 180.983 0.726 6866
990.741 180.903 0.727 6866
990.821 180.784 0.727 6882
990.942 180.704 0.727 6882
991.062 180.625 0.727 6899
991.142 180.545 0.727 6899
991.262 180.466 0.727 6899
991.342 180.386 0.727 6916
991.462 180.266 0.727 6916
991.583 180.147 0.727 6916
991.663 180.028 0.727 6933
991.783 179.948 0.727 6950
991.903 179.829 0.727 6950
992.023 179.789 0.727 6950
992.144 179.669 0.727 6966
992.264 179.550 0.727 6966
992.384 179.430 0.727 6983
992.544 179.311 0.728 6983
992.664 179.192 0.728 7000
992.785 179.072 0.728 7000
992.865 178.953 0.728 7000
992.945 178.833 0.728 7017
993.065 178.754 0.728 7017
993.145 178.634 0.729 7033
993.225 178.555 0.728 7033
993.306 178.475 0.729 7033
993.386 178.356 0.729 7050
993.506 178.276 0.729 7067
993.586 178.157 0.730 7067
993.666 178.077 0.730 7067
993.786 177.997 0.730 7084
993.866 177.878 0.730 7084
993.947 177.759 0.730 7084
994.027 177.679 0.730 7100
994.107 177.560 0.731 7100
994.187 177.480 0.731 7117
994.267 177.400 0.730 7117
994.307 177.281 0.731 7117
994.387 177.201 0.731 7134
994.427 177.122 0.731 7151
994.508 177.042 0.731 7151
994.588 176.962 0.731 7151
994.628 176.843 0.731 7167
994.708 176.763 0.732 7167
994.788 176.684 0.731 7167
994.868 176.644 0.732 7184
994.908 176.564 0.732 7200
994.948 176.485 0.732 7200
995.028 176.405 0.732 7200
995.109 176.286 0.733 7217
995.189 176.206 0.733 7217
995.229 176.087 0.734 7234
995.309 175.967 0.734 7234
995.349 175.848 0.735 7234
995.389 175.768 0.735 7251
995.469 175.649 0.735 7251
995.509 175.569 0.736 7251
995.549 175.490 0.736 7268
995.629 175.370 0.736 7284
995.669 175.251 0.737 7284
995.709 175.171 0.737 7284
995.790 175.052 0.738 7301
995.870 174.932 0.738 7301
995.910 174.853 0.738 7318
995.990 174.733 0.738 7318
996.030 174.614 0.739 7335
996.150 174.494 0.739 7335
996.230 174.375 0.739 7335
996.311 174.255 0.739 7351
996.391 174.096 0.740 7351
996.431 173.977 0.740 7368
996.551 173.857 0.740 7368
996.631 173.698 0.740 7368
996.711 173.579 0.741 7385
996.791 173.459 0.741 7402
996.871 173.300 0.741 7402
996.952 173.181 0.742 7402
996.992 173.021 0.742 7419
997.112 172.862 0.743 7419
997.152 172.663 0.744 7419
997.232 172.544 0.745 7435
997.352 172.384 0.745 7435
997.432 172.225 0.746 7452
997.512 172.106 0.746 7452
997.552 171.986 0.746 7452
997.633 171.827 0.747 7469
997.673 171.708 0.746 7485
997.753 171.588 0.747 7485
997.833 171.469 0.747 7485
997.873 171.310 0.747 7502
997.953 171.150 0.747 7502
997.993 171.031 0.747 7502
998.073 170.872 0.747 7519
998.154 170.752 0.748 7536
998.234 170.593 0.748 7536
998.314 170.474 0.748 7536
998.394 170.275 0.748 7552
998.514 170.115 0.749 7552
998.594 169.916 0.750 7569
998.674 169.717 0.751 7569
998.755 169.518 0.751 7569
998.875 169.319 0.752 7586
998.955 169.120 0.753 7586
998.995 168.921 0.754 7586
999.035 168.722 0.756 7603
999.115 168.523 0.756 7619
999.195 168.324 0.757 7619
999.316 168.125 0.758 7619
999.396 167.926 0.759 7636
999.516 167.687 0.760 7636
999.556 167.488 0.761 7653
999.676 167.289 0.761 7653
999.716 167.130 0.762 7653
999.796 166.931 0.764 7670
999.836 166.771 0.765 7670
999.876 166.612 0.767 7686
999.917 166.413 0.769 7686
999.957 166.254 0.770 7703
1000.037 166.095 0.772 7703
1000.077 165.935 0.773 7703
1000.157 165.776 0.774 7720
1000.197 165.617 0.775 7737
1000.237 165.458 0.775 7737
1000.317 165.299 0.776 7737
1000.357 165.139 0.776 7754
1000.437 165.020 0.777 7754
1000.477 164.821 0.778 7754
1000.557 164.662 0.778 7770
1000.598 164.502 0.779 7770
1000.678 164.343 0.779 7787
1000.758 164.144 0.780 7787
1000.798 163.985 0.780 7787
1000.878 163.826 0.780 7804
1000.958 163.627 0.781 7821
1000.998 163.467 0.781 7821
1001.119 163.268 0.782 7821
1001.159 163.069 0.782 7837
1001.239 162.830 0.783 7837
1001.279 162.631 0.783 7837
1001.359 162.472 0.783 7854
1001.439 162.273 0.784 7854
1001.519 162.074 0.784 7871
1001.559 161.915 0.784 7871
1001.639 161.756 0.784 7888
1001.680 161.557 0.785 7888
1001.720 161.357 0.785 7904
1001.800 161.198 0.785 7904
1001.880 161.039 0.786 7904
1001.960 160.880 0.785 7921
1002.040 160.681 0.786 7921
1002.080 160.561 0.786 7921
1002.160 160.362 0.786 7938
1002.240 160.243 0.786 7954
1002.280 160.123 0.786 7954
1002.321 159.964 0.786 7954
1002.401 159.845 0.787 7971
1002.441 159.725 0.787 7971
1002.481 159.566 0.787 7988
1002.561 159.447 0.787 7988
1002.601 159.288 0.788 7988
1002.721 159.128 0.787 8005
1002.761 158.969 0.788 8005
1002.801 158.850 0.788 8005
1002.922 158.690 0.788 8022
1002.962 158.531 0.788 8038
1003.042 158.412 0.789 8038
1003.042 158.253 0.788 8038
1003.122 158.133 0.788 8055
1003.162 157.974 0.789 8071
1003.202 157.815 0.789 8071
1003.282 157.655 0.789 8071
1003.322 157.536 0.789 8088
1003.402 157.377 0.790 8088
1003.442 157.217 0.790 8088
1003.482 157.058 0.790 8105
1003.523 156.939 0.790 8105
1003.603 156.780 0.790 8122
1003.643 156.620 0.790 8122
1003.683 156.461 0.791 8122
1003.763 156.342 0.791 8139
1003.803 156.182 0.791 8156
1003.883 156.063 0.791 8156
1003.963 155.904 0.791 8156
1004.003 155.745 0.792 8172
1004.083 155.625 0.791 8172
1004.083 155.426 0.791 8189
1004.164 155.307 0.792 8189
1004.164 155.187 0.791 8189
1004.244 155.028 0.792 8206
1004.284 154.948 0.792 8206
1004.324 154.829 0.792 8206
1004.404 154.710 0.792 8222
1004.404 154.590 0.792 8239
1004.484 154.471 0.792 8239
1004.524 154.351 0.793 8239
1004.604 154.232 0.793 8256
1004.644 154.112 0.792 8256
1004.725 153.993 0.793 8272
1004.765 153.874 0.793 8272
1004.805 153.754 0.793 8272
1004.845 153.635 0.793 8289
1004.885 153.515 0.793 8289
1004.925 153.356 0.794 8289
1004.965 153.237 0.794 8306
1005.005 153.077 0.793 8323
1005.045 152.918 0.794 8323
1005.045 152.799 0.794 8323
1005.125 152.640 0.794 8340
1005.125 152.520 0.794 8356
1005.205 152.361 0.794 8356
1005.245 152.241 0.794 8356
1005.325 152.122 0.794 8373
1005.366 152.003 0.794 8373
1005.406 151.883 0.794 8373
1005.486 151.724 0.794 8390
1005.526 151.604 0.795 8390
1005.566 151.485 0.795 8407
1005.566 151.366 0.796 8407
1005.606 151.246 0.796 8407
1005.646 151.087 0.796 8424
1005.686 150.968 0.797 8441
1005.726 150.848 0.798 8441
1005.766 150.729 0.797 8441
1005.846 150.609 0.798 8458
1005.927 150.410 0.799 8458
1005.967 150.251 0.798 8458
1006.007 150.132 0.798 8474
1006.047 149.972 0.798 8474
1006.127 149.813 0.799 8491
1006.167 149.694 0.799 8491
1006.247 149.534 0.800 8491
1006.327 149.415 0.801 8508
1006.367 149.296 0.800 8525
1006.488 149.176 0.800 8525
1006.528 149.017 0.802 8525
1006.608 148.898 0.801 8542
1006.688 148.778 0.802 8542
1006.728 148.659 0.803 8542
1006.808 148.499 0.802 8559
1006.848 148.380 0.804 8559
1006.928 148.221 0.804 8575
1006.968 148.101 0.804 8575
1007.008 147.902 0.804 8575
1007.048 147.783 0.805 8592
1007.089 147.664 0.805 8609
1007.169 147.544 0.806 8609
1007.169 147.425 0.806 8609
1007.249 147.265 0.807 8626
1007.249 147.146 0.808 8626
1007.329 146.987 0.808 8626
1007.369 146.827 0.809 8643
1007.409 146.708 0.809 8659
1007.449 146.549 0.810 8659
1007.449 146.390 0.811 8659
1007.529 146.270 0.811 8676
1007.569 146.111 0.812 8676
1007.649 145.952 0.813 8693
1007.689 145.832 0.813 8693
1007.729 145.673 0.813 8693
1007.810 145.514 0.814 8710
1007.850 145.355 0.814 8710
1007.890 145.235 0.814 8710
1007.930 145.076 0.815 8727
1008.010 144.957 0.815 8743
1008.050 144.837 0.815 8743
1008.090 144.678 0.816 8743
1008.170 144.558 0.815 8760
1008.250 144.439 0.816 8760
1008.331 144.320 0.816 8777
1008.371 144.160 0.816 8777
1008.451 144.041 0.817 8777
1008.491 143.922 0.817 8794
1008.531 143.802 0.817 8794
1008.571 143.643 0.817 8794
1008.571 143.523 0.817 8811
1008.651 143.404 0.819 8828
1008.691 143.284 0.818 8828
1008.771 143.165 0.819 8828
1008.811 142.966 0.819 8844
1008.891 142.847 0.820 8844
1008.972 142.727 0.821 8861
1009.012 142.568 0.821 8861
1009.092 142.409 0.821 8878
1009.132 142.289 0.821 8878
1009.212 142.170 0.822 8878
1009.252 142.050 0.821 8895
1009.292 141.931 0.822 8895
1009.372 141.812 0.821 8911
1009.412 141.732 0.821 8911
1009.493 141.613 0.822 8911
1009.533 141.533 0.823 8928
1009.613 141.414 0.823 8945
1009.693 141.334 0.822 8945
1009.733 141.215 0.822 8945
1009.813 141.135 0.822 8962
1009.853 141.016 0.823 8962
1009.893 140.896 0.823 8962
1009.933 140.777 0.823 8978
1009.973 140.657 0.824 8978
1010.013 140.498 0.824 8995
1010.053 140.379 0.824 8995
1010.134 140.259 0.825 8995
1010.174 140.140 0.825 9012
1010.254 140.020 0.825 9028
1010.254 139.901 0.825 9028
1010.294 139.781 0.825 9028
1010.374 139.662 0.826 9045
1010.374 139.503 0.826 9045
1010.454 139.383 0.826 9045
1010.494 139.224 0.826 9062
1010.574 139.105 0.827 9079
1010.614 138.945 0.826 9079
1010.694 138.826 0.826 9079
1010.734 138.667 0.826 9095
1010.775 138.508 0.827 9095
1010.815 138.388 0.826 9112
1010.855 138.229 0.827 9112
1010.895 138.030 0.826 9112
1010.935 137.910 0.827 9129
1010.975 137.751 0.828 9129
1011.015 137.632 0.828 9129
1011.055 137.433 0.828 9146
1011.095 137.313 0.828 9163
1011.095 137.154 0.827 9163
1011.175 136.995 0.828 9163
1011.175 136.836 0.828 9180
1011.215 136.676 0.828 9180
1011.255 136.557 0.828 9196
1011.296 136.358 0.828 9196
1011.336 136.239 0.828 9196
1011.456 136.079 0.828 9213
1011.496 135.920 0.829 9213
1011.536 135.761 0.828 9230
1011.536 135.562 0.828 9230
1011.576 135.442 0.828 9246
1011.616 135.283 0.829 9246
1011.656 135.124 0.828 9246
1011.696 134.925 0.829 9263
1011.736 134.766 0.829 9263
1011.776 134.606 0.829 9280
1011.776 134.447 0.829 9280
1011.816 134.288 0.829 9297
1011.816 134.129 0.830 9297
1011.896 133.969 0.829 9297
1011.896 133.810 0.829 9314
1011.937 133.691 0.829 9314
1011.977 133.531 0.829 9331
1012.017 133.372 0.829 9331
1012.017 133.173 0.829 9331
1012.017 133.014 0.830 9348
1012.057 132.855 0.829 9364
1012.057 132.696 0.829 9364
1012.097 132.536 0.829 9364
1012.097 132.377 0.830 9381
1012.097 132.218 0.829 9381
1012.137 132.059 0.829 9381
1012.097 131.899 0.829 9398
1012.137 131.740 0.829 9398
1012.137 131.541 0.829 9415
1012.137 131.382 0.829 9415
1012.137 131.223 0.830 9415
1012.177 131.024 0.829 9432
1012.177 130.864 0.829 9448
1012.177 130.625 0.830 9448
1012.177 130.426 0.830 9448
1012.177 130.267 0.830 9465
1012.177 130.068 0.830 9465
1012.137 129.869 0.830 9465
1012.137 129.670 0.830 9481
1012.137 129.511 0.830 9498
1012.097 129.352 0.830 9498
1012.097 129.153 0.831 9498
1012.097 128.993 0.830 9515
1012.057 128.834 0.830 9515
1012.017 128.635 0.830 9531
1012.017 128.476 0.830 9531
1012.017 128.277 0.830 9531
1011.977 128.118 0.830 9548
1011.937 127.919 0.830 9548
1011.896 127.759 0.830 9548
1011.896 127.520 0.830 9566
1011.856 127.321 0.831 9582
1011.816 127.122 0.831 9582
1011.776 126.923 0.831 9582
1011.696 126.724 0.831 9599
1011.656 126.525 0.831 9599
1011.576 126.326 0.831 9616
1011.496 126.127 0.831 9616
1011.496 125.928 0.831 9616
1011.416 125.729 0.831 9632
1011.376 125.530 0.831 9632
1011.336 125.371 0.832 9632
1011.296 125.212 0.831 9649
1011.255 125.052 0.832 9665
1011.175 124.893 0.832 9665
1011.135 124.774 0.832 9665
1011.055 124.614 0.832 9682
1011.015 124.495 0.833 9699
1010.935 124.336 0.833 9699
1010.855 124.216 0.832 9699
1010.775 124.057 0.833 9716
1010.694 123.938 0.833 9716
1010.614 123.778 0.833 9716
1010.494 123.659 0.833 9733
1010.454 123.500 0.833 9733
1010.334 123.301 0.834 9750
1010.214 123.142 0.835 9750
1010.134 123.022 0.834 9750
1009.973 122.863 0.836 9766
1009.893 122.704 0.835 9783
1009.773 122.584 0.836 9783
1009.693 122.465 0.837 9783
1009.613 122.306 0.838 9799
1009.533 122.186 0.838 9799
1009.453 122.027 0.839 9799
1009.332 121.908 0.839 9816
1009.252 121.788 0.839 9832
1009.132 121.629 0.840 9832
1009.052 121.549 0.840 9832
1008.932 121.430 0.841 9849
1008.851 121.310 0.841 9849
1008.771 121.231 0.841 9866
1008.691 121.151 0.841 9866
1008.571 121.072 0.841 9866
1008.451 120.952 0.840 9883
1008.371 120.833 0.842 9883
1008.371 120.753 0.842 9883
1008.250 120.634 0.841 9899
1008.130 120.554 0.842 9916
1008.050 120.435 0.842 9916
1007.970 120.355 0.843 9916
1007.850 120.235 0.843 9933
1007.770 120.156 0.842 9933
1007.649 120.036 0.842 9949
1007.569 119.917 0.843 9949
1007.449 119.798 0.842 9949
1007.329 119.718 0.843 9966
1007.209 119.599 0.844 9966
1007.089 119.479 0.844 9982
1006.968 119.360 0.844 9982
1006.848 119.280 0.844 9998
1006.728 119.201 0.845 9998
1006.608 119.081 0.845 9998
1006.488 119.001 0.845 10015
1006.367 118.922 0.846 10032
1006.247 118.802 0.846 10032
1006.167 118.723 0.846 10032
1006.047 118.643 0.847 10048
1005.927 118.484 0.847 10048
1005.846 118.404 0.847 10048
1005.726 118.325 0.847 10065
1005.606 118.245 0.848 10065
1005.486 118.166 0.848 10082
1005.366 118.086 0.848 10082
1005.245 118.046 0.848 10099
1005.125 117.966 0.849 10099
1005.005 117.927 0.848 10115
1004.885 117.847 0.848 10115
1004.765 117.807 0.849 10115
1004.644 117.767 0.849 10132
1004.524 117.728 0.849 10132
1004.364 117.688 0.850 10132
1004.244 117.648 0.850 10149
1004.083 117.568 0.851 10166
1003.923 117.529 0.851 10166
1003.763 117.489 0.851 10166
1003.563 117.409 0.851 10183
1003.402 117.369 0.852 10183
1003.202 117.290 0.852 10199
1003.002 117.250 0.852 10199
1002.841 117.170 0.853 10199
1002.641 117.091 0.853 10216
1002.481 117.051 0.853 10216
1002.280 116.971 0.854 10216
1002.120 116.892 0.854 10233
1001.920 116.852 0.854 10249
1001.720 116.772 0.854 10249
1001.519 116.732 0.854 10249
1001.319 116.653 0.854 10266
1001.119 116.613 0.854 10282
1000.918 116.533 0.854 10282
1000.758 116.494 0.855 10282
1000.517 116.414 0.855 10299
1000.317 116.334 0.855 10299
1000.117 116.255 0.855 10299
999.917 116.135 0.855 10316
999.716 116.056 0.855 10316
999.516 115.936 0.856 10333
999.316 115.857 0.855 10333
999.115 115.777 0.856 10333
998.915 115.697 0.856 10350
998.714 115.618 0.856 10366
998.474 115.578 0.856 10366
998.274 115.538 0.856 10366
998.073 115.458 0.856 10383
997.913 115.458 0.856 10383
997.713 115.419 0.856 10383
997.512 115.379 0.856 10400
997.312 115.339 0.856 10400
997.112 115.339 0.856 10417
996.952 115.299 0.856 10417
996.751 115.259 0.856 10434
996.551 115.259 0.856 10434
996.351 115.220 0.856 10450
996.190 115.220 0.856 10450
995.990 115.100 0.856 10450
995.790 115.060 0.857 10467
995.629 115.060 0.857 10467
995.429 115.060 0.856 10467
995.269 115.021 0.856 10484
995.068 115.021 0.857 10500
994.908 115.021 0.856 10500
994.748 115.021 0.857 10500
994.548 115.021 0.856 10517
994.387 115.021 0.856 10517
994.227 115.021 0.857 10534
994.067 115.060 0.856 10534
993.947 115.060 0.857 10534
993.786 115.060 0.857 10551
993.626 115.060 0.857 10551
993.506 115.100 0.856 10551
993.346 115.100 0.857 10568
993.185 115.100 0.857 10584
993.065 115.140 0.857 10584
992.905 115.140 0.856 10584
992.745 115.140 0.856 10601
992.624 115.180 0.856 10601
992.464 115.180 0.857 10618
992.304 115.180 0.857 10618
992.144 115.180 0.857 10635
991.983 115.220 0.857 10635
991.823 115.220 0.857 10635
991.663 115.220 0.857 10651
991.503 115.259 0.856 10651
991.342 115.259 0.857 10668
991.182 115.259 0.857 10668
990.982 115.299 0.856 10668
990.821 115.299 0.857 10685
990.621 115.299 0.857 10701
990.461 115.299 0.857 10701
990.301 115.339 0.856 10701
990.140 115.299 0.856 10718
989.980 115.299 0.857 10718
989.860 115.299 0.857 10718
989.699 115.299 0.857 10735
989.579 115.299 0.857 10735
989.419 115.339 0.857 10752
989.259 115.339 0.857 10752
989.099 115.339 0.857 10752
988.978 115.379 0.857 10769
988.818 115.419 0.857 10785
988.658 115.419 0.857 10785
988.498 115.458 0.857 10785
988.337 115.458 0.856 10802
988.177 115.498 0.857 10802
988.017 115.538 0.857 10802
987.896 115.538 0.857 10819
987.736 115.538 0.857 10836
987.576 115.538 0.857 10836
987.456 115.578 0.857 10836
987.295 115.578 0.857 10853
987.135 115.618 0.857 10853
986.975 115.618 0.857 10869
986.815 115.618 0.857 10869
986.654 115.658 0.857 10869
986.534 115.658 0.857 10886
986.414 115.697 0.857 10886
986.254 115.697 0.857 10886
986.134 115.697 0.857 10903
985.973 115.737 0.857 10920
985.853 115.737 0.857 10920
985.693 115.737 0.857 10920
985.533 115.777 0.857 10937
985.412 115.777 0.857 10937
985.252 115.777 0.857 10954
985.132 115.817 0.857 10954
984.972 115.817 0.857 10954
984.851 115.817 0.857 10970
984.691 115.857 0.857 10970
984.531 115.896 0.857 10970
984.411 115.936 0.857 10987
984.250 115.976 0.857 11004
984.090 115.976 0.857 11004
983.970 116.016 0.857 11004
983.810 116.095 0.856 11021
983.690 116.135 0.857 11037
983.529 116.175 0.857 11037
983.369 116.175 0.857 11037
983.169 116.215 0.857 11054
983.048 116.255 0.857 11054
982.888 116.255 0.857 11054
982.768 116.294 0.857 11071
982.648 116.294 0.857 11071
982.527 116.294 0.857 11088
982.407 116.374 0.857 11088
982.247 116.414 0.856 11088
982.087 116.454 0.857 11105
981.927 116.454 0.857 11121
981.806 116.494 0.856 11121
981.646 116.573 0.857 11121
981.486 116.613 0.857 11138
981.326 116.653 0.857 11138
981.205 116.693 0.857 11138
981.045 116.772 0.857 11155
980.885 116.772 0.857 11155
980.725 116.812 0.857 11172
980.564 116.892 0.856 11172
980.404 116.931 0.856 11172
980.244 116.971 0.857 11189
980.083 117.011 0.856 11205
979.923 117.051 0.857 11205
979.803 117.091 0.857 11205
979.603 117.131 0.857 11222
979.442 117.170 0.857 11222
979.322 117.210 0.857 11222
979.162 117.250 0.856 11239
979.002 117.250 0.857 11255
978.841 117.330 0.857 11255
978.721 117.330 0.857 11255
978.561 117.369 0.857 11272
978.401 117.409 0.857 11272
978.281 117.449 0.857 11289
978.120 117.489 0.857 11289
978.000 117.529 0.856 11289
977.840 117.568 0.857 11306
977.719 117.608 0.857 11306
977.559 117.648 0.857 11306
977.399 117.688 0.857 11323
977.279 117.728 0.857 11339
977.119 117.767 0.856 11339
976.998 117.807 0.857 11339
976.838 117.847 0.857 11356
976.678 117.887 0.857 11356
976.517 117.927 0.857 11373
976.357 117.966 0.856 11373
976.237 118.046 0.857 11390
976.037 118.086 0.857 11390
975.917 118.126 0.857 11390
975.836 118.205 0.857 11406
975.716 118.245 0.857 11406
975.596 118.285 0.857 11423
975.516 118.325 0.857 11423
975.396 118.365 0.857 11423
975.316 118.404 0.857 11440
975.195 118.444 0.857 11457
975.075 118.484 0.857 11457
974.955 118.524 0.857 11457
974.835 118.603 0.857 11474
974.714 118.643 0.856 11474
974.554 118.723 0.857 11474
974.434 118.882 0.857 11490
974.314 118.962 0.856 11490
974.194 119.001 0.857 11507
974.073 119.081 0.857 11507
973.953 119.121 0.856 11507
973.833 119.161 0.857 11524
973.713 119.201 0.857 11541
973.593 119.280 0.857 11541
973.472 119.320 0.857 11541
973.352 119.400 0.857 11558
973.232 119.439 0.856 11558
973.112 119.519 0.857 11558
973.032 119.559 0.857 11575
972.871 119.599 0.857 11575
972.751 119.678 0.857 11591
972.631 119.718 0.857 11591
972.511 119.758 0.857 11591
972.431 119.798 0.857 11608
972.311 119.877 0.856 11625
972.190 119.957 0.857 11625
972.070 120.036 0.857 11625
971.950 120.116 0.856 11642
971.830 120.196 0.857 11642
971.709 120.275 0.856 11642
971.589 120.355 0.856 11659
971.469 120.435 0.857 11675
971.389 120.514 0.856 11675
971.309 120.594 0.856 11675
971.229 120.673 0.856 11692
971.149 120.753 0.856 11692
971.068 120.793 0.856 11709
970.988 120.872 0.857 11709
970.908 120.912 0.856 11709
970.828 120.992 0.856 11726
970.748 121.072 0.856 11726
970.628 121.151 0.856 11726
970.548 121.191 0.856 11743
970.468 121.271 0.856 11759
970.387 121.390 0.856 11759
970.307 121.470 0.856 11759
970.227 121.589 0.856 11776
970.147 121.669 0.856 11776
970.067 121.748 0.856 11793
969.947 121.828 0.855 11793
969.866 121.947 0.856 11810
969.786 122.027 0.856 11810
969.746 122.107 0.855 11810
969.666 122.186 0.856 11826
969.586 122.226 0.856 11826
969.546 122.306 0.855 11843
969.466 122.385 0.856 11843
969.426 122.425 0.856 11843
969.346 122.505 0.856 11860
969.306 122.584 0.856 11877
969.225 122.664 0.856 11877
969.185 122.743 0.856 11877
969.105 122.783 0.856 11893
969.065 122.863 0.856 11893
968.985 122.982 0.856 11893
968.905 123.062 0.856 11910
968.825 123.142 0.856 11910
968.745 123.221 0.856 11927
968.624 123.341 0.856 11927
968.544 123.420 0.855 11927
968.464 123.500 0.856 11944
968.344 123.579 0.855 11960
968.264 123.659 0.855 11960
968.184 123.739 0.855 11960
968.104 123.858 0.855 11977
968.023 123.938 0.856 11977
967.943 124.017 0.856 11977
967.903 124.097 0.855 11994
967.783 124.177 0.855 11994
967.743 124.256 0.856 12011
967.663 124.336 0.855 12011
967.583 124.415 0.856 12027
967.503 124.455 0.855 12027
967.422 124.575 0.855 12044
967.302 124.654 0.855 12044
967.222 124.774 0.856 12044
967.142 124.853 0.855 12061
967.062 124.973 0.855 12061
966.982 125.092 0.855 12061
966.901 125.172 0.855 12078
966.821 125.251 0.856 12094
966.741 125.371 0.856 12094
966.661 125.450 0.855 12094
966.621 125.530 0.855 12111
966.541 125.649 0.855 12111
966.501 125.729 0.856 12128
966.381 125.849 0.856 12128
966.300 125.928 0.855 12128
966.220 126.048 0.855 12145
966.180 126.167 0.856 12145
966.060 126.326 0.855 12145
965.980 126.406 0.856 12162
965.900 126.525 0.855 12178
965.820 126.645 0.855 12178
965.780 126.724 0.856 12178
965.659 126.844 0.856 12195
965.579 126.963 0.855 12195
965.499 127.043 0.856 12212
965.419 127.162 0.856 12212
965.339 127.282 0.856 12228
965.259 127.401 0.856 12228
965.179 127.481 0.855 12228
965.139 127.560 0.856 12245
965.058 127.680 0.855 12245
965.018 127.759 0.855 12262
964.938 127.799 0.855 12262
964.898 127.879 0.855 12262
964.778 127.958 0.855 12278
964.738 128.038 0.854 12295
964.698 128.078 0.855 12295
964.658 128.157 0.854 12295
964.618 128.197 0.855 12311
964.578 128.277 0.854 12311
964.538 128.317 0.854 12311
964.498 128.356 0.855 12328
964.457 128.396 0.854 12328
964.417 128.436 0.855 12345
964.337 128.516 0.855 12345
964.297 128.595 0.855 12345
964.257 128.715 0.855 12362
964.177 128.794 0.855 12379
964.137 128.874 0.855 12379
964.097 128.954 0.855 12379
964.017 129.033 0.855 12396
963.977 129.113 0.855 12396
963.896 129.192 0.855 12396
963.856 129.312 0.855 12413
963.776 129.391 0.855 12429
963.736 129.471 0.855 12429
963.696 129.551 0.855 12429
963.656 129.591 0.854 12446
963.576 129.670 0.855 12446
963.576 129.750 0.855 12463
963.536 129.790 0.854 12463
963.496 129.869 0.855 12463
963.456 129.949 0.854 12480
963.456 130.028 0.854 12480
963.416 130.148 0.855 12480
963.295 130.267 0.854 12497
963.295 130.347 0.853 12513
963.336 130.466 0.853 12513
963.376 130.586 0.853 12513
963.416 130.665 0.853 12530
963.456 130.785 0.853 12530
963.536 130.864 0.852 12547
963.616 130.984 0.852 12547
963.696 131.063 0.853 12547
963.776 131.223 0.851 12564
963.856 131.262 0.851 12580
963.896 131.342 0.851 12580
963.977 131.422 0.852 12580
964.017 131.501 0.852 12597
964.017 131.581 0.851 12597
964.057 131.621 0.853 12597
964.137 131.700 0.851 12614
964.177 131.780 0.852 12614
964.217 131.860 0.852 12630
964.297 131.899 0.851 12630
964.377 131.979 0.852 12630
964.457 132.059 0.852 12647
964.538 132.098 0.851 12664
964.618 132.178 0.852 12664
964.738 132.258 0.852 12664
964.818 132.297 0.851 12681
964.938 132.377 0.852 12681
965.058 132.417 0.852 12681
965.179 132.457 0.852 12698
965.299 132.536 0.852 12715
965.379 132.576 0.852 12715
965.499 132.656 0.852 12715
965.619 132.696 0.852 12732
965.699 132.735 0.852 12732
965.740 132.815 0.851 12748
965.820 132.855 0.852 12748
965.940 132.934 0.851 12748
966.060 132.974 0.852 12765
966.220 133.014 0.852 12765
966.381 133.054 0.851 12765
966.541 133.094 0.851 12782
966.701 133.133 0.852 12799
966.861 133.173 0.852 12799
967.022 133.173 0.851 12799
967.182 133.213 0.851 12816
967.382 133.213 0.852 12816
967.503 133.253 0.851 12832
967.663 133.293 0.851 12832
967.783 133.293 0.851 12832
967.863 133.332 0.852 12849
967.983 133.372 0.851 12849
968.104 133.412 0.852 12849
968.184 133.452 0.852 12866
968.304 133.492 0.852 12882
968.424 133.571 0.852 12882
968.504 133.571 0.852 12882
968.624 133.611 0.852 12899
968.745 133.611 0.852 12899
968.825 133.611 0.852 12916
968.945 133.651 0.852 12916
969.065 133.651 0.852 12932
969.185 133.691 0.852 12932
969.306 133.731 0.852 12932
969.426 133.770 0.853 12949
969.586 133.810 0.852 12949
969.746 133.810 0.852 12966
969.866 133.850 0.852 12966
970.027 133.890 0.852 12966
970.147 133.930 0.853 12983
970.307 133.930 0.852 12999
970.427 133.930 0.852 12999
970.588 133.969 0.853 12999
970.708 133.969 0.853 13016
970.868 133.969 0.853 13016
971.028 133.969 0.853 13016
971.189 133.969 0.853 13033
971.349 133.969 0.853 13033
971.589 133.969 0.853 13049
971.750 133.969 0.853 13049
971.950 133.969 0.854 13049
972.110 133.969 0.854 13067
972.311 133.969 0.854 13083
972.471 133.930 0.854 13083
972.631 133.930 0.855 13083
972.751 133.890 0.854 13100
972.911 133.890 0.855 13100
973.032 133.850 0.855 13100
973.152 133.850 0.855 13117
973.272 133.810 0.856 13134
973.352 133.770 0.856 13134
973.472 133.770 0.856 13134
973.633 133.770 0.856 13150
973.873 133.731 0.856 13150
974.314 133.651 0.856 13167
975.035 133.531 0.847 13167
975.997 133.372 0.780 13167
977.078 132.974 0.627 13184
978.240 132.417 0.348 13184

