% x_coordinate y_coordinate pressure time
% shape 0, 225 points
476.225 185.133 0.042 0
476.225 185.133 0.079 0
476.265 185.133 0.105 1
476.265 185.133 0.130 16
476.265 185.094 0.156 32
476.306 185.054 0.177 33
476.346 185.014 0.194 35
476.346 185.014 0.202 48
476.386 184.974 0.208 49
476.386 184.934 0.216 64
476.386 184.934 0.226 64
476.386 184.934 0.235 64
476.386 184.934 0.241 80
476.426 184.934 0.249 96
476.426 184.934 0.258 96
476.426 184.895 0.266 96
476.466 184.895 0.272 112
476.506 184.855 0.278 112
476.546 184.855 0.284 112
476.586 184.855 0.290 128
476.666 184.855 0.295 144
476.706 184.815 0.299 144
476.786 184.815 0.302 144
476.906 184.775 0.304 160
476.987 184.775 0.306 176
477.107 184.735 0.307 176
477.227 184.696 0.309 176
477.387 184.656 0.310 192
477.508 184.616 0.312 192
477.628 184.576 0.314 208
477.748 184.536 0.316 208
477.868 184.497 0.318 224
477.988 184.457 0.319 224
478.068 184.417 0.320 224
478.189 184.377 0.321 240
478.269 184.337 0.323 240
478.389 184.297 0.324 256
478.509 184.258 0.326 256
478.669 184.218 0.326 256
478.790 184.138 0.328 272
478.950 184.098 0.330 289
479.150 184.019 0.331 289
479.310 183.979 0.331 289
479.471 183.939 0.332 305
479.591 183.939 0.332 305
479.711 183.860 0.333 305
479.871 183.860 0.333 321
479.992 183.860 0.333 337
480.112 183.820 0.333 337
480.232 183.780 0.334 337
480.392 183.780 0.334 353
480.513 183.740 0.334 369
480.673 183.700 0.334 369
480.833 183.660 0.334 369
480.953 183.581 0.334 385
481.113 183.541 0.335 385
481.274 183.461 0.335 385
481.434 183.382 0.335 401
481.594 183.302 0.335 417
481.715 183.223 0.335 417
481.875 183.143 0.335 417
481.995 183.103 0.335 433
482.155 183.024 0.335 433
482.316 182.984 0.336 449
482.436 182.944 0.336 449
482.556 182.864 0.336 449
482.716 182.785 0.336 465
482.876 182.745 0.336 465
483.037 182.665 0.336 481
483.197 182.586 0.336 481
483.357 182.506 0.336 498
483.558 182.426 0.336 498
483.718 182.347 0.336 498
483.878 182.267 0.336 514
484.038 182.188 0.336 530
484.199 182.148 0.336 530
484.319 182.068 0.336 530
484.479 182.028 0.337 546
484.599 181.989 0.336 546
484.720 181.949 0.336 546
484.840 181.909 0.336 562
485.000 181.829 0.336 578
485.120 181.790 0.337 578
485.280 181.750 0.337 578
485.481 181.670 0.336 595
485.601 181.551 0.337 595
485.761 181.471 0.336 611
485.962 181.391 0.337 611
486.122 181.312 0.337 627
486.282 181.232 0.336 627
486.442 181.113 0.337 627
486.603 181.033 0.337 643
486.803 180.954 0.337 643
486.963 180.914 0.337 659
487.124 180.834 0.337 659
487.284 180.755 0.337 675
487.444 180.675 0.337 675
487.604 180.595 0.336 691
487.725 180.516 0.336 691
487.885 180.476 0.337 691
488.045 180.396 0.336 707
488.205 180.317 0.337 707
488.366 180.237 0.337 707
488.526 180.157 0.337 724
488.606 180.078 0.337 740
488.726 179.998 0.337 740
488.806 179.958 0.337 740
488.927 179.879 0.337 756
489.007 179.839 0.337 772
489.087 179.759 0.337 772
489.167 179.720 0.337 772
489.287 179.640 0.337 788
489.367 179.560 0.337 788
489.487 179.481 0.337 805
489.608 179.401 0.337 805
489.728 179.321 0.337 806
489.808 179.202 0.337 821
489.928 179.083 0.337 821
490.048 179.003 0.337 837
490.169 178.923 0.337 837
490.289 178.844 0.338 853
490.369 178.764 0.337 853
490.489 178.684 0.337 854
490.609 178.645 0.337 869
490.689 178.525 0.338 885
490.770 178.446 0.337 885
490.850 178.366 0.337 886
490.970 178.326 0.337 901
491.090 178.247 0.338 901
491.170 178.167 0.338 917
491.250 178.127 0.338 917
491.371 178.048 0.338 933
491.491 178.008 0.337 933
491.571 177.928 0.338 933
491.691 177.849 0.337 949
491.771 177.809 0.337 949
491.851 177.729 0.338 965
491.932 177.649 0.338 965
492.052 177.570 0.338 981
492.132 177.490 0.338 981
492.212 177.411 0.338 997
492.332 177.291 0.338 997
492.412 177.251 0.338 997
492.492 177.172 0.338 1013
492.613 177.092 0.338 1029
492.693 176.973 0.338 1029
492.773 176.893 0.338 1029
492.893 176.853 0.338 1045
492.973 176.774 0.338 1045
493.053 176.694 0.338 1045
493.134 176.614 0.338 1061
493.214 176.575 0.338 1077
493.294 176.495 0.338 1077
493.374 176.415 0.338 1077
493.454 176.376 0.338 1093
493.494 176.296 0.338 1093
493.574 176.256 0.339 1109
493.614 176.216 0.338 1109
493.695 176.137 0.338 1125
493.775 176.097 0.338 1125
493.815 176.057 0.338 1125
493.935 175.978 0.338 1141
494.015 175.898 0.338 1141
494.095 175.818 0.338 1157
494.215 175.778 0.338 1157
494.295 175.699 0.339 1173
494.416 175.619 0.338 1173
494.496 175.540 0.338 1189
494.576 175.500 0.338 1189
494.656 175.460 0.338 1189
494.736 175.380 0.339 1205
494.776 175.341 0.339 1205
494.816 175.301 0.339 1205
494.856 175.221 0.339 1221
494.896 175.181 0.339 1238
494.937 175.102 0.339 1238
494.977 175.022 0.340 1238
495.017 174.943 0.340 1254
495.097 174.863 0.341 1270
495.177 174.823 0.341 1270
495.257 174.743 0.342 1270
495.337 174.584 0.343 1286
495.457 174.544 0.342 1286
495.538 174.465 0.343 1286
495.618 174.385 0.344 1302
495.698 174.306 0.344 1318
495.778 174.266 0.345 1318
495.818 174.186 0.345 1318
495.898 174.107 0.345 1334
495.978 174.027 0.345 1334
496.018 173.987 0.346 1350
496.099 173.907 0.346 1350
496.139 173.828 0.346 1366
496.219 173.748 0.347 1366
496.259 173.708 0.347 1382
496.339 173.629 0.347 1382
496.379 173.589 0.348 1382
496.419 173.509 0.348 1398
496.459 173.430 0.348 1398
496.539 173.350 0.349 1398
496.579 173.310 0.350 1414
496.619 173.231 0.350 1430
496.700 173.151 0.351 1430
496.740 173.072 0.352 1430
496.780 173.032 0.353 1446
496.860 172.952 0.353 1462
496.900 172.872 0.354 1462
496.980 172.793 0.355 1462
497.020 172.713 0.355 1478
497.100 172.634 0.355 1478
497.180 172.554 0.356 1478
497.220 172.474 0.356 1494
497.220 172.355 0.357 1511
497.260 172.275 0.357 1511
497.300 172.196 0.358 1511
497.341 172.116 0.360 1527
497.381 172.036 0.360 1527
497.421 171.957 0.360 1543
497.461 171.877 0.361 1543
497.501 171.758 0.361 1559
497.581 171.638 0.361 1559
497.701 171.479 0.361 1559
497.821 171.280 0.362 1575
497.901 171.001 0.356 1575
498.062 170.643 0.272 1591

% x_coordinate y_coordinate pressure time
% shape 1, 828 points
519.938 150.659 0.003 0
519.938 150.659 0.060 16
519.938 150.659 0.090 16
519.938 150.659 0.114 17
519.938 150.659 0.138 33
519.938 150.659 0.159 33
519.938 150.659 0.176 34
519.938 150.659 0.193 49
519.898 150.659 0.206 50
519.818 150.659 0.219 65
519.778 150.659 0.231 65
519.698 150.659 0.240 66
519.618 150.659 0.250 81
519.538 150.659 0.256 98
519.457 150.659 0.263 98
519.377 150.659 0.269 98
519.217 150.659 0.276 114
519.097 150.659 0.283 114
518.977 150.659 0.291 114
518.856 150.659 0.300 130
518.736 150.659 0.307 146
518.616 150.659 0.313 146
518.576 150.659 0.317 146
518.496 150.659 0.319 162
518.376 150.659 0.322 178
518.295 150.699 0.325 178
518.215 150.739 0.327 178
518.095 150.779 0.330 194
517.975 150.819 0.332 194
517.855 150.898 0.335 194
517.694 150.938 0.338 210
517.574 150.978 0.340 226
517.414 151.057 0.342 226
517.294 151.097 0.345 226
517.134 151.137 0.347 242
516.973 151.217 0.349 242
516.813 151.257 0.352 258
516.653 151.336 0.354 258
516.533 151.376 0.356 274
516.372 151.416 0.359 274
516.212 151.495 0.361 290
516.052 151.575 0.363 290
515.891 151.615 0.366 290
515.731 151.655 0.368 306
515.571 151.734 0.370 306
515.371 151.774 0.372 306
515.210 151.814 0.374 322
515.050 151.854 0.375 338
514.890 151.933 0.376 338
514.770 152.013 0.377 338
514.609 152.053 0.379 355
514.489 152.172 0.379 371
514.369 152.252 0.381 371
514.209 152.331 0.382 371
514.048 152.371 0.383 387
513.928 152.491 0.384 387
513.768 152.570 0.384 387
513.608 152.650 0.385 403
513.447 152.769 0.386 419
513.287 152.849 0.386 419
513.127 152.968 0.387 419
512.927 153.048 0.388 435
512.806 153.167 0.389 435
512.646 153.247 0.391 451
512.446 153.327 0.392 451
512.286 153.446 0.393 451
512.085 153.526 0.393 467
511.925 153.605 0.394 483
511.725 153.685 0.394 483
511.564 153.804 0.394 483
511.444 153.884 0.394 499
511.284 153.963 0.394 499
511.124 154.043 0.394 499
511.003 154.163 0.395 515
510.883 154.242 0.395 531
510.723 154.322 0.396 531
510.603 154.441 0.397 531
510.482 154.561 0.399 547
510.362 154.640 0.400 547
510.242 154.720 0.401 563
510.162 154.839 0.401 563
510.042 154.959 0.402 579
509.922 155.038 0.402 579
509.801 155.158 0.403 595
509.721 155.237 0.404 595
509.601 155.317 0.404 595
509.481 155.397 0.404 611
509.361 155.516 0.405 611
509.240 155.596 0.406 611
509.120 155.675 0.407 628
509.000 155.795 0.408 644
508.880 155.874 0.410 644
508.760 155.994 0.413 644
508.639 156.073 0.415 660
508.519 156.153 0.418 676
508.399 156.233 0.419 676
508.279 156.352 0.420 676
508.159 156.432 0.421 692
508.078 156.511 0.422 692
507.958 156.631 0.422 692
507.838 156.750 0.422 708
507.718 156.830 0.423 724
507.598 156.949 0.423 724
507.477 157.029 0.424 724
507.357 157.148 0.424 740
507.237 157.228 0.424 740
507.077 157.347 0.425 756
506.997 157.467 0.425 756
506.876 157.546 0.426 772
506.796 157.626 0.427 772
506.676 157.745 0.427 772
506.596 157.865 0.428 788
506.476 157.984 0.429 788
506.356 158.104 0.429 804
506.275 158.183 0.429 804
506.115 158.303 0.430 820
506.035 158.422 0.430 820
505.915 158.542 0.430 836
505.795 158.661 0.430 836
505.674 158.780 0.431 836
505.594 158.940 0.431 852
505.474 159.059 0.431 868
505.354 159.178 0.431 868
505.274 159.298 0.433 868
505.154 159.417 0.432 885
505.033 159.537 0.433 885
504.953 159.656 0.434 885
504.833 159.736 0.434 901
504.713 159.855 0.435 901
504.593 159.975 0.435 917
504.513 160.094 0.435 917
504.432 160.213 0.436 917
504.312 160.333 0.436 933
504.232 160.452 0.436 949
504.152 160.532 0.437 949
504.072 160.651 0.438 949
504.032 160.771 0.438 965
503.911 160.850 0.438 981
503.871 160.970 0.438 981
503.751 161.089 0.438 981
503.711 161.209 0.439 997
503.631 161.328 0.439 997
503.551 161.447 0.439 997
503.471 161.567 0.440 1013
503.391 161.686 0.439 1029
503.270 161.806 0.439 1029
503.190 161.925 0.440 1029
503.110 162.045 0.440 1045
502.990 162.164 0.441 1061
502.910 162.283 0.440 1061
502.830 162.403 0.441 1061
502.750 162.522 0.441 1077
502.669 162.642 0.441 1077
502.589 162.761 0.441 1077
502.509 162.841 0.441 1093
502.429 162.960 0.442 1110
502.349 163.040 0.442 1110
502.309 163.119 0.441 1110
502.229 163.239 0.442 1126
502.189 163.279 0.441 1126
502.149 163.358 0.443 1142
502.109 163.478 0.443 1142
502.068 163.597 0.442 1142
502.028 163.677 0.442 1158
501.948 163.756 0.443 1158
501.908 163.836 0.443 1174
501.868 163.955 0.443 1174
501.748 164.075 0.443 1190
501.748 164.154 0.443 1190
501.708 164.194 0.443 1190
501.668 164.274 0.443 1206
501.588 164.353 0.443 1222
501.548 164.433 0.443 1222
501.508 164.473 0.444 1222
501.427 164.553 0.444 1238
501.387 164.632 0.444 1238
501.347 164.712 0.444 1238
501.307 164.831 0.444 1254
501.227 164.911 0.444 1270
501.187 164.990 0.445 1270
501.147 165.070 0.445 1271
501.107 165.150 0.445 1286
501.067 165.229 0.446 1286
501.027 165.309 0.447 1302
500.987 165.349 0.446 1302
500.987 165.428 0.447 1303
500.906 165.508 0.447 1318
500.866 165.588 0.447 1334
500.826 165.707 0.447 1334
500.786 165.747 0.448 1334
500.706 165.826 0.448 1350
500.666 165.946 0.448 1350
500.626 166.025 0.448 1366
500.546 166.105 0.448 1366
500.506 166.185 0.449 1382
500.466 166.264 0.448 1382
500.426 166.344 0.449 1383
500.386 166.384 0.449 1398
500.386 166.463 0.449 1398
500.346 166.543 0.449 1415
500.346 166.623 0.449 1415
500.306 166.702 0.449 1431
500.265 166.782 0.450 1431
500.265 166.861 0.450 1447
500.225 166.941 0.450 1447
500.225 167.021 0.451 1447
500.185 167.100 0.451 1463
500.185 167.180 0.451 1463
500.145 167.259 0.451 1463
500.145 167.379 0.451 1479
500.105 167.459 0.451 1495
500.065 167.498 0.451 1495
500.065 167.578 0.452 1495
500.025 167.697 0.453 1511
499.985 167.777 0.452 1528
499.945 167.857 0.452 1528
499.945 168.016 0.453 1528
499.905 168.095 0.454 1544
499.865 168.215 0.453 1544
499.825 168.295 0.454 1544
499.825 168.414 0.454 1560
499.745 168.533 0.455 1576
499.704 168.613 0.455 1576
499.664 168.693 0.455 1576
499.624 168.812 0.456 1592
499.544 168.931 0.457 1592
499.464 169.051 0.457 1608
499.424 169.170 0.457 1608
499.384 169.290 0.457 1624
499.344 169.409 0.457 1624
499.304 169.489 0.457 1624
499.224 169.608 0.457 1641
499.184 169.648 0.457 1641
499.184 169.728 0.457 1657
499.144 169.807 0.457 1657
499.144 169.887 0.458 1657
499.104 169.966 0.458 1673
499.063 170.046 0.458 1689
499.023 170.166 0.458 1689
498.983 170.325 0.458 1689
498.983 170.404 0.458 1705
498.943 170.524 0.458 1721
498.903 170.643 0.459 1721
498.903 170.723 0.459 1721
498.863 170.842 0.459 1737
498.823 170.962 0.459 1737
498.823 171.081 0.459 1737
498.783 171.161 0.459 1754
498.783 171.280 0.459 1770
498.743 171.400 0.459 1770
498.743 171.519 0.459 1770
498.743 171.678 0.459 1786
498.743 171.798 0.459 1786
498.743 171.917 0.459 1802
498.703 172.036 0.460 1802
498.663 172.156 0.459 1802
498.623 172.275 0.459 1818
498.623 172.355 0.460 1818
498.583 172.514 0.459 1834
498.583 172.594 0.460 1834
498.583 172.713 0.459 1851
498.543 172.793 0.460 1851
498.543 172.872 0.459 1851
498.503 172.992 0.460 1867
498.503 173.111 0.460 1883
498.462 173.191 0.460 1883
498.462 173.310 0.460 1883
498.422 173.430 0.460 1899
498.382 173.549 0.460 1899
498.382 173.669 0.460 1899
498.342 173.788 0.460 1915
498.302 173.868 0.460 1931
498.302 173.987 0.460 1931
498.302 174.067 0.462 1931
498.262 174.146 0.461 1948
498.262 174.226 0.461 1964
498.262 174.306 0.461 1964
498.222 174.385 0.461 1964
498.222 174.465 0.462 1980
498.182 174.544 0.462 1980
498.142 174.624 0.462 1980
498.142 174.743 0.463 1996
498.142 174.823 0.465 1996
498.102 174.943 0.466 2012
498.062 175.022 0.467 2012
498.062 175.102 0.469 2012
498.022 175.181 0.470 2028
498.022 175.301 0.471 2044
498.022 175.380 0.471 2044
497.982 175.500 0.471 2044
497.982 175.579 0.473 2060
497.942 175.659 0.473 2060
497.942 175.778 0.474 2060
497.942 175.858 0.474 2076
497.942 175.938 0.474 2093
497.942 176.057 0.475 2093
497.942 176.137 0.475 2093
497.861 176.216 0.475 2109
497.861 176.296 0.476 2125
497.861 176.376 0.475 2125
497.821 176.455 0.476 2125
497.821 176.535 0.476 2141
497.781 176.614 0.476 2141
497.781 176.734 0.477 2141
497.781 176.814 0.477 2157
497.781 176.973 0.478 2174
497.781 177.052 0.478 2174
497.781 177.172 0.479 2174
497.781 177.291 0.479 2190
497.781 177.411 0.479 2190
497.781 177.490 0.480 2206
497.781 177.610 0.480 2206
497.781 177.729 0.480 2206
497.781 177.849 0.480 2222
497.781 177.928 0.480 2222
497.781 178.048 0.481 2238
497.781 178.127 0.481 2238
497.781 178.207 0.481 2254
497.781 178.326 0.481 2254
497.781 178.406 0.481 2254
497.781 178.485 0.481 2270
497.781 178.565 0.481 2286
497.821 178.645 0.481 2286
497.821 178.724 0.481 2286
497.861 178.844 0.481 2303
497.861 178.923 0.481 2303
497.901 179.043 0.481 2303
497.901 179.202 0.481 2319
497.942 179.321 0.482 2335
497.982 179.401 0.482 2335
497.982 179.520 0.481 2335
498.022 179.600 0.481 2351
498.062 179.680 0.482 2367
498.102 179.799 0.481 2367
498.142 179.879 0.481 2367
498.182 179.998 0.481 2383
498.222 180.078 0.481 2383
498.262 180.197 0.481 2383
498.262 180.277 0.482 2412
498.302 180.396 0.481 2412
498.342 180.476 0.482 2430
498.342 180.595 0.482 2430
498.382 180.675 0.482 2430
498.422 180.755 0.482 2431
498.422 180.874 0.482 2446
498.462 180.954 0.482 2446
498.503 181.033 0.482 2446
498.543 181.113 0.482 2462
498.543 181.192 0.482 2478
498.623 181.312 0.482 2478
498.663 181.431 0.482 2478
498.703 181.551 0.482 2494
498.703 181.670 0.482 2510
498.743 181.750 0.482 2510
498.783 181.869 0.482 2510
498.783 181.949 0.482 2526
498.823 182.028 0.483 2526
498.863 182.108 0.482 2526
498.943 182.188 0.482 2543
498.983 182.267 0.482 2543
499.023 182.347 0.482 2559
499.063 182.426 0.482 2559
499.104 182.506 0.482 2559
499.144 182.546 0.482 2575
499.184 182.626 0.482 2591
499.224 182.705 0.483 2591
499.304 182.785 0.482 2591
499.384 182.864 0.482 2607
499.464 182.984 0.482 2623
499.504 183.063 0.482 2623
499.584 183.143 0.483 2623
499.664 183.223 0.483 2639
499.785 183.302 0.483 2639
499.865 183.382 0.483 2639
499.945 183.461 0.484 2655
500.025 183.541 0.483 2672
500.145 183.700 0.484 2672
500.225 183.740 0.483 2672
500.306 183.820 0.483 2688
500.386 183.899 0.483 2688
500.466 183.939 0.483 2704
500.506 184.019 0.484 2704
500.586 184.059 0.484 2704
500.666 184.138 0.484 2720
500.746 184.178 0.484 2720
500.786 184.258 0.484 2736
500.866 184.297 0.484 2736
500.987 184.337 0.484 2752
501.067 184.417 0.484 2752
501.187 184.457 0.484 2768
501.267 184.497 0.484 2768
501.347 184.536 0.484 2768
501.467 184.576 0.484 2784
501.548 184.616 0.485 2784
501.628 184.616 0.485 2800
501.748 184.656 0.485 2800
501.828 184.696 0.485 2816
501.948 184.735 0.485 2816
502.068 184.735 0.485 2816
502.189 184.735 0.486 2833
502.309 184.775 0.486 2849
502.389 184.775 0.486 2849
502.509 184.775 0.486 2849
502.589 184.775 0.486 2865
502.629 184.775 0.487 2865
502.710 184.815 0.488 2881
502.750 184.815 0.487 2881
502.830 184.815 0.487 2897
502.910 184.815 0.487 2897
502.990 184.815 0.488 2897
503.070 184.815 0.488 2913
503.150 184.815 0.487 2913
503.230 184.815 0.488 2929
503.351 184.815 0.488 2929
503.431 184.815 0.488 2946
503.511 184.815 0.488 2946
503.671 184.815 0.489 2962
503.751 184.815 0.489 2962
503.871 184.815 0.489 2962
503.992 184.815 0.489 2978
504.072 184.815 0.489 2978
504.192 184.815 0.490 2978
504.272 184.815 0.489 2994
504.352 184.815 0.490 3010
504.472 184.815 0.489 3010
504.553 184.815 0.489 3010
504.633 184.815 0.489 3026
504.753 184.815 0.490 3026
504.873 184.815 0.490 3042
504.993 184.815 0.489 3042
505.114 184.815 0.490 3042
505.234 184.815 0.490 3058
505.354 184.815 0.489 3074
505.434 184.815 0.490 3074
505.594 184.815 0.490 3074
505.715 184.815 0.490 3091
505.835 184.815 0.491 3091
505.955 184.815 0.490 3091
506.075 184.815 0.490 3107
506.195 184.775 0.491 3123
506.315 184.775 0.490 3123
506.436 184.775 0.490 3123
506.556 184.775 0.491 3139
506.716 184.775 0.490 3155
506.836 184.735 0.491 3155
506.957 184.735 0.491 3155
507.117 184.696 0.491 3171
507.277 184.656 0.491 3171
507.397 184.616 0.491 3187
507.558 184.576 0.491 3187
507.678 184.576 0.491 3187
507.798 184.536 0.491 3203
507.958 184.457 0.492 3203
508.119 184.417 0.492 3219
508.239 184.417 0.491 3219
508.399 184.377 0.492 3235
508.519 184.337 0.491 3235
508.679 184.297 0.491 3235
508.800 184.258 0.492 3251
508.960 184.218 0.492 3267
509.080 184.138 0.492 3267
509.240 184.098 0.492 3268
509.401 184.059 0.492 3283
509.561 183.979 0.492 3283
509.721 183.939 0.492 3299
509.881 183.899 0.492 3299
510.002 183.820 0.493 3316
510.122 183.780 0.493 3316
510.322 183.740 0.493 3316
510.442 183.660 0.493 3333
510.563 183.621 0.493 3333
510.683 183.541 0.493 3349
510.803 183.461 0.493 3349
510.923 183.382 0.493 3365
511.083 183.302 0.493 3365
511.244 183.223 0.493 3365
511.404 183.143 0.493 3381
511.564 183.024 0.493 3381
511.765 182.944 0.493 3397
511.925 182.864 0.494 3397
512.085 182.745 0.494 3413
512.245 182.665 0.494 3413
512.406 182.586 0.494 3429
512.526 182.506 0.494 3429
512.686 182.426 0.494 3429
512.886 182.347 0.494 3445
513.047 182.227 0.494 3445
513.207 182.148 0.494 3445
513.447 182.068 0.494 3461
513.608 181.989 0.495 3477
513.768 181.909 0.495 3477
513.928 181.790 0.495 3477
514.048 181.710 0.495 3493
514.209 181.630 0.495 3509
514.329 181.551 0.496 3509
514.449 181.431 0.496 3509
514.569 181.312 0.496 3525
514.730 181.232 0.496 3525
514.850 181.113 0.496 3541
515.010 180.993 0.496 3541
515.170 180.874 0.496 3557
515.290 180.794 0.496 3557
515.451 180.635 0.496 3557
515.611 180.555 0.496 3573
515.771 180.436 0.496 3573
515.891 180.317 0.496 3589
516.052 180.237 0.496 3589
516.212 180.118 0.496 3606
516.372 180.038 0.497 3606
516.492 179.958 0.497 3622
516.613 179.879 0.497 3622
516.773 179.759 0.497 3622
516.893 179.680 0.498 3638
517.053 179.560 0.497 3638
517.174 179.481 0.497 3638
517.334 179.361 0.497 3654
517.454 179.242 0.497 3670
517.574 179.122 0.497 3670
517.694 179.003 0.497 3670
517.815 178.844 0.497 3686
517.935 178.724 0.497 3702
518.015 178.645 0.497 3702
518.135 178.525 0.497 3702
518.215 178.406 0.498 3718
518.295 178.286 0.498 3718
518.376 178.167 0.498 3718
518.456 178.048 0.498 3735
518.576 177.968 0.498 3751
518.656 177.849 0.498 3751
518.736 177.729 0.498 3752
518.816 177.649 0.498 3767
518.897 177.530 0.498 3767
518.977 177.411 0.498 3783
519.017 177.331 0.498 3783
519.097 177.212 0.498 3784
519.177 177.092 0.498 3799
519.257 176.973 0.498 3815
519.337 176.853 0.498 3815
519.417 176.734 0.498 3816
519.497 176.575 0.498 3831
519.538 176.455 0.499 3831
519.618 176.336 0.498 3832
519.698 176.216 0.499 3847
519.778 176.097 0.499 3863
519.858 175.978 0.498 3863
519.898 175.858 0.499 3864
519.978 175.778 0.499 3879
520.058 175.659 0.498 3895
520.139 175.540 0.499 3895
520.179 175.460 0.499 3896
520.219 175.341 0.499 3911
520.299 175.221 0.499 3911
520.379 175.062 0.499 3912
520.419 174.943 0.499 3927
520.499 174.823 0.499 3927
520.579 174.704 0.499 3943
520.659 174.624 0.499 3943
520.699 174.505 0.499 3959
520.780 174.345 0.499 3959
520.820 174.266 0.499 3975
520.900 174.146 0.499 3975
520.980 174.027 0.499 3975
521.060 173.907 0.499 3991
521.140 173.748 0.499 4007
521.220 173.629 0.499 4007
521.301 173.509 0.499 4007
521.341 173.390 0.499 4023
521.421 173.310 0.499 4023
521.461 173.191 0.499 4023
521.501 173.072 0.499 4040
521.621 172.992 0.499 4056
521.661 172.872 0.499 4056
521.741 172.753 0.499 4056
521.821 172.634 0.499 4072
521.861 172.514 0.499 4072
521.942 172.395 0.499 4088
521.982 172.275 0.499 4088
522.022 172.156 0.499 4088
522.102 171.997 0.499 4104
522.182 171.877 0.500 4120
522.222 171.758 0.500 4120
522.302 171.678 0.500 4120
522.342 171.559 0.500 4136
522.382 171.400 0.500 4136
522.422 171.280 0.500 4136
522.462 171.161 0.500 4152
522.462 171.041 0.500 4169
522.503 170.882 0.501 4169
522.503 170.763 0.502 4170
522.503 170.603 0.502 4185
522.543 170.484 0.503 4201
522.583 170.325 0.504 4201
522.623 170.205 0.505 4201
522.663 170.086 0.505 4217
522.743 169.966 0.506 4217
522.783 169.807 0.507 4217
522.823 169.688 0.508 4233
522.903 169.568 0.509 4233
522.943 169.449 0.510 4249
522.983 169.330 0.511 4249
523.023 169.210 0.512 4265
523.063 169.091 0.513 4265
523.103 168.971 0.513 4281
523.144 168.852 0.514 4281
523.184 168.772 0.515 4281
523.224 168.653 0.516 4297
523.264 168.533 0.516 4313
523.304 168.414 0.517 4313
523.344 168.334 0.517 4313
523.384 168.215 0.517 4329
523.424 168.056 0.518 4329
523.464 167.936 0.518 4329
523.504 167.857 0.518 4345
523.504 167.737 0.519 4361
523.544 167.578 0.520 4361
523.584 167.459 0.522 4361
523.624 167.299 0.524 4377
523.664 167.180 0.525 4377
523.705 167.060 0.526 4393
523.745 166.941 0.527 4393
523.745 166.782 0.528 4409
523.825 166.623 0.528 4409
523.865 166.463 0.529 4409
523.905 166.304 0.529 4425
523.945 166.145 0.529 4425
524.025 165.986 0.530 4441
524.065 165.826 0.530 4441
524.105 165.707 0.531 4441
524.145 165.548 0.531 4458
524.185 165.428 0.531 4474
524.225 165.229 0.532 4474
524.265 165.110 0.532 4474
524.265 164.990 0.533 4490
524.306 164.871 0.535 4506
524.346 164.752 0.535 4506
524.386 164.632 0.537 4506
524.386 164.513 0.538 4522
524.426 164.353 0.539 4522
524.426 164.234 0.539 4522
524.466 164.115 0.540 4538
524.506 163.955 0.542 4538
524.506 163.796 0.543 4554
524.506 163.637 0.544 4554
524.546 163.478 0.545 4570
524.546 163.318 0.547 4570
524.546 163.159 0.548 4586
524.586 163.040 0.549 4586
524.586 162.920 0.551 4586
524.586 162.801 0.552 4602
524.586 162.682 0.553 4618
524.586 162.562 0.554 4618
524.626 162.482 0.554 4618
524.626 162.363 0.555 4634
524.626 162.244 0.555 4634
524.626 162.084 0.555 4634
524.626 161.965 0.555 4650
524.626 161.806 0.556 4666
524.626 161.647 0.557 4666
524.626 161.487 0.556 4666
524.626 161.368 0.557 4682
524.626 161.209 0.557 4698
524.666 161.089 0.558 4698
524.666 160.970 0.558 4698
524.666 160.811 0.558 4714
524.666 160.691 0.559 4714
524.666 160.572 0.559 4714
524.666 160.412 0.559 4730
524.666 160.293 0.559 4730
524.666 160.134 0.559 4746
524.666 160.014 0.559 4746
524.666 159.855 0.559 4763
524.666 159.696 0.559 4763
524.666 159.537 0.559 4779
524.666 159.377 0.559 4779
524.666 159.218 0.559 4779
524.666 159.099 0.560 4795
524.666 158.940 0.560 4795
524.666 158.820 0.560 4795
524.666 158.621 0.560 4811
524.666 158.502 0.560 4827
524.666 158.382 0.560 4827
524.666 158.263 0.560 4827
524.626 158.183 0.560 4843
524.626 158.064 0.560 4859
524.586 157.984 0.560 4859
524.546 157.865 0.560 4859
524.546 157.745 0.560 4875
524.506 157.626 0.560 4875
524.466 157.546 0.560 4875
524.466 157.427 0.560 4891
524.426 157.307 0.561 4907
524.426 157.188 0.561 4907
524.386 157.069 0.561 4907
524.386 156.949 0.561 4923
524.346 156.830 0.562 4923
524.306 156.710 0.563 4939
524.346 156.591 0.563 4939
524.265 156.511 0.563 4939
524.225 156.352 0.564 4955
524.185 156.272 0.565 4971
524.185 156.193 0.565 4971
524.105 156.153 0.566 4971
524.065 156.034 0.566 4987
524.025 155.954 0.567 4987
523.985 155.914 0.567 4987
523.945 155.834 0.567 5003
523.945 155.715 0.568 5019
523.905 155.635 0.568 5019
523.865 155.556 0.568 5019
523.825 155.476 0.569 5036
523.785 155.357 0.569 5052
523.745 155.277 0.570 5052
523.705 155.198 0.571 5052
523.664 155.118 0.571 5068
523.624 155.038 0.572 5068
523.624 154.959 0.572 5068
523.584 154.919 0.573 5084
523.544 154.839 0.574 5100
523.544 154.799 0.574 5100
523.504 154.760 0.575 5100
523.464 154.680 0.576 5116
523.424 154.640 0.577 5116
523.384 154.600 0.577 5132
523.304 154.521 0.578 5132
523.264 154.481 0.578 5132
523.224 154.401 0.579 5148
523.144 154.322 0.581 5164
523.103 154.282 0.582 5164
523.023 154.163 0.583 5164
522.983 154.083 0.584 5180
522.943 154.043 0.584 5180
522.903 153.963 0.585 5180
522.823 153.924 0.586 5196
522.783 153.844 0.586 5212
522.703 153.804 0.587 5212
522.663 153.764 0.588 5212
522.623 153.685 0.588 5229
522.543 153.645 0.589 5245
522.503 153.605 0.590 5245
522.422 153.565 0.591 5245
522.382 153.486 0.592 5261
522.342 153.446 0.593 5261
522.262 153.366 0.594 5261
522.222 153.327 0.594 5277
522.182 153.247 0.595 5277
522.142 153.207 0.595 5293
522.102 153.128 0.596 5293
522.062 153.088 0.597 5309
522.022 153.008 0.597 5309
521.942 152.968 0.598 5325
521.901 152.889 0.598 5325
521.821 152.849 0.599 5325
521.781 152.809 0.600 5341
521.741 152.769 0.600 5357
521.701 152.690 0.601 5357
521.621 152.690 0.602 5357
521.541 152.610 0.602 5373
521.501 152.570 0.603 5373
521.461 152.530 0.603 5373
521.381 152.491 0.604 5389
521.341 152.451 0.604 5405
521.301 152.411 0.604 5405
521.260 152.371 0.605 5406
521.220 152.331 0.605 5421
521.180 152.292 0.605 5437
521.100 152.252 0.607 5437
521.060 152.212 0.607 5437
520.980 152.212 0.608 5453
520.940 152.172 0.609 5453
520.860 152.172 0.609 5469
520.820 152.132 0.610 5469
520.740 152.093 0.611 5470
520.699 152.053 0.612 5485
520.619 151.973 0.612 5485
520.539 151.933 0.613 5485
520.499 151.893 0.613 5501
520.419 151.854 0.614 5517
520.339 151.814 0.615 5517
520.259 151.774 0.616 5517
520.179 151.734 0.617 5533
520.099 151.734 0.618 5549
520.018 151.694 0.618 5549
519.978 151.694 0.619 5549
519.898 151.694 0.619 5565
519.818 151.694 0.619 5565
519.778 151.694 0.620 5582
519.698 151.655 0.620 5582
519.578 151.655 0.620 5582
519.538 151.655 0.620 5598
519.457 151.615 0.621 5598
519.417 151.615 0.621 5598
519.337 151.575 0.621 5614
519.297 151.535 0.622 5630
519.257 151.535 0.622 5630
519.177 151.495 0.622 5630
519.097 151.456 0.623 5646
519.017 151.416 0.623 5662
518.937 151.376 0.623 5662
518.816 151.376 0.623 5662
518.736 151.336 0.624 5678
518.656 151.296 0.624 5678
518.576 151.257 0.624 5694
518.496 151.257 0.625 5694
518.456 151.217 0.624 5711
518.376 151.217 0.625 5711
518.336 151.177 0.625 5711
518.255 151.177 0.625 5727
518.175 151.177 0.625 5727
518.095 151.177 0.625 5743
518.015 151.137 0.625 5743
517.935 151.137 0.626 5743
517.895 151.137 0.626 5759
517.815 151.137 0.625 5775
517.735 151.137 0.625 5775
517.654 151.137 0.625 5775
517.614 151.137 0.626 5791
517.534 151.137 0.626 5791
517.454 151.137 0.626 5791
517.374 151.137 0.626 5807
517.294 151.137 0.626 5823
517.174 151.137 0.625 5823
517.053 151.137 0.626 5823
516.933 151.137 0.626 5840
516.773 151.137 0.625 5856
516.613 151.137 0.622 5856
516.412 151.137 0.581 5856
516.092 151.137 0.503 5872
515.571 151.137 0.383 5872

% x_coordinate y_coordinate pressure time
% shape 2, 837 points
543.818 116.464 0.052 0
543.818 116.424 0.077 0
543.818 116.345 0.099 1
543.818 116.305 0.120 16
543.818 116.265 0.144 17
543.818 116.225 0.160 32
543.818 116.106 0.173 32
543.818 116.026 0.184 32
543.858 115.986 0.195 48
543.858 115.947 0.206 64
543.858 115.867 0.217 64
543.858 115.827 0.230 64
543.858 115.787 0.243 80
543.858 115.748 0.254 80
543.858 115.708 0.264 80
543.858 115.668 0.273 97
543.858 115.628 0.280 113
543.858 115.628 0.287 113
543.858 115.548 0.294 113
543.858 115.509 0.301 129
543.858 115.469 0.307 129
543.858 115.389 0.314 145
543.858 115.349 0.320 145
543.858 115.270 0.327 161
543.858 115.270 0.333 161
543.858 115.270 0.338 161
543.858 115.230 0.342 177
543.858 115.230 0.347 177
543.858 115.230 0.349 194
543.858 115.230 0.352 194
543.858 115.230 0.354 210
543.858 115.230 0.356 210
543.858 115.230 0.360 226
543.858 115.230 0.365 226
543.858 115.230 0.371 226
543.858 115.230 0.379 242
543.858 115.230 0.387 242
543.858 115.230 0.394 259
543.858 115.230 0.400 259
543.858 115.230 0.405 276
543.858 115.230 0.408 276
543.858 115.230 0.410 276
543.818 115.230 0.410 292
543.778 115.349 0.411 292
543.698 115.509 0.411 308
543.658 115.668 0.411 308
543.618 115.827 0.412 324
543.578 116.026 0.413 324
543.497 116.265 0.413 324
543.457 116.504 0.413 340
543.377 116.703 0.416 356
543.337 116.982 0.418 356
543.257 117.220 0.421 356
543.217 117.499 0.424 372
543.137 117.738 0.427 372
543.057 118.017 0.428 372
542.977 118.295 0.430 388
542.896 118.574 0.432 404
542.776 118.853 0.433 404
542.696 119.091 0.435 404
542.616 119.330 0.436 420
542.536 119.569 0.437 436
542.456 119.808 0.438 436
542.376 120.007 0.439 436
542.376 120.206 0.440 452
542.296 120.405 0.441 452
542.255 120.644 0.441 452
542.175 120.803 0.443 469
542.135 120.962 0.444 485
542.055 121.122 0.446 485
542.015 121.241 0.448 485
541.935 121.360 0.450 501
541.855 121.520 0.452 501
541.775 121.679 0.454 517
541.735 121.798 0.455 517
541.654 121.958 0.455 517
541.614 122.117 0.456 533
541.574 122.276 0.456 533
541.534 122.435 0.456 549
541.494 122.555 0.457 549
541.454 122.714 0.457 565
541.414 122.873 0.457 565
541.334 123.032 0.457 565
541.294 123.152 0.457 581
541.254 123.311 0.457 597
541.174 123.470 0.459 597
541.094 123.590 0.460 597
541.053 123.749 0.462 613
540.973 123.908 0.463 613
540.893 124.028 0.465 629
540.813 124.147 0.467 629
540.733 124.306 0.469 645
540.653 124.426 0.471 645
540.573 124.545 0.474 645
540.492 124.704 0.476 661
540.412 124.824 0.477 661
540.332 124.943 0.480 677
540.252 125.102 0.481 677
540.212 125.222 0.482 693
540.172 125.381 0.484 693
540.132 125.501 0.485 709
540.052 125.620 0.486 709
540.012 125.779 0.487 709
539.932 125.938 0.488 725
539.851 126.058 0.489 725
539.811 126.217 0.491 742
539.731 126.376 0.490 742
539.691 126.496 0.491 758
539.611 126.655 0.492 758
539.571 126.774 0.493 758
539.531 126.894 0.493 774
539.491 127.053 0.493 790
539.411 127.173 0.494 790
539.371 127.332 0.495 790
539.331 127.491 0.496 806
539.250 127.610 0.498 806
539.210 127.770 0.499 806
539.130 127.889 0.500 822
539.090 128.008 0.501 839
539.010 128.128 0.502 839
538.930 128.247 0.503 839
538.890 128.367 0.504 855
538.850 128.526 0.505 855
538.770 128.645 0.506 871
538.730 128.765 0.508 871
538.649 128.884 0.509 872
538.609 129.043 0.510 887
538.569 129.163 0.511 904
538.529 129.282 0.512 904
538.449 129.442 0.513 905
538.409 129.601 0.514 920
538.369 129.760 0.514 936
538.249 129.879 0.514 936
538.209 130.039 0.515 936
538.129 130.198 0.515 952
538.089 130.357 0.516 952
538.048 130.477 0.516 952
537.968 130.636 0.516 968
537.928 130.795 0.517 968
537.848 130.954 0.517 984
537.808 131.113 0.517 984
537.728 131.233 0.518 1001
537.648 131.392 0.518 1001
537.568 131.551 0.518 1017
537.487 131.711 0.519 1017
537.407 131.910 0.519 1018
537.327 132.029 0.519 1033
537.247 132.188 0.520 1033
537.167 132.348 0.520 1049
537.127 132.467 0.521 1049
537.047 132.586 0.522 1065
537.007 132.706 0.523 1065
536.927 132.825 0.524 1066
536.846 132.945 0.525 1081
536.806 133.064 0.526 1097
536.766 133.184 0.527 1097
536.686 133.263 0.527 1098
536.606 133.383 0.528 1113
536.566 133.542 0.529 1113
536.486 133.661 0.529 1129
536.446 133.781 0.530 1129
536.366 133.900 0.530 1145
536.326 134.059 0.531 1145
536.285 134.179 0.531 1145
536.245 134.338 0.532 1161
536.165 134.457 0.533 1161
536.045 134.617 0.534 1177
536.005 134.736 0.535 1177
535.885 134.895 0.537 1177
535.845 135.055 0.538 1193
535.765 135.174 0.540 1210
535.725 135.333 0.540 1210
535.644 135.492 0.541 1210
535.604 135.612 0.542 1226
535.564 135.731 0.542 1242
535.524 135.851 0.543 1242
535.484 136.010 0.543 1242
535.404 136.129 0.543 1258
535.364 136.289 0.543 1258
535.284 136.408 0.543 1258
535.244 136.527 0.543 1274
535.204 136.687 0.543 1290
535.164 136.806 0.543 1290
535.124 136.926 0.544 1290
535.124 137.045 0.544 1307
535.083 137.164 0.544 1307
535.003 137.284 0.544 1323
534.963 137.403 0.544 1323
534.923 137.523 0.544 1323
534.923 137.602 0.545 1339
534.883 137.722 0.545 1355
534.843 137.801 0.545 1355
534.803 137.921 0.545 1355
534.763 138.040 0.545 1371
534.683 138.160 0.545 1371
534.643 138.279 0.545 1371
534.603 138.359 0.545 1387
534.563 138.518 0.545 1387
534.523 138.637 0.546 1403
534.482 138.717 0.546 1403
534.442 138.836 0.546 1419
534.402 138.956 0.546 1419
534.402 139.035 0.546 1435
534.322 139.115 0.546 1435
534.322 139.234 0.546 1436
534.242 139.354 0.546 1452
534.202 139.433 0.546 1452
534.162 139.553 0.546 1468
534.122 139.672 0.546 1468
534.082 139.752 0.547 1484
534.042 139.871 0.546 1484
534.042 139.951 0.547 1485
533.962 140.070 0.547 1500
533.922 140.150 0.547 1516
533.881 140.269 0.547 1516
533.841 140.389 0.547 1517
533.801 140.508 0.547 1532
533.761 140.628 0.547 1548
533.681 140.787 0.547 1548
533.641 140.906 0.547 1548
533.601 141.026 0.547 1564
533.561 141.105 0.547 1564
533.521 141.225 0.547 1565
533.481 141.344 0.548 1580
533.441 141.464 0.548 1596
533.401 141.583 0.547 1596
533.361 141.663 0.548 1596
533.321 141.822 0.548 1612
533.280 141.902 0.548 1612
533.240 142.021 0.548 1628
533.200 142.140 0.547 1628
533.160 142.220 0.548 1628
533.120 142.339 0.548 1644
533.080 142.459 0.548 1644
533.040 142.538 0.548 1660
533.000 142.658 0.548 1660
532.960 142.777 0.548 1676
532.920 142.897 0.548 1676
532.880 143.016 0.548 1676
532.840 143.136 0.548 1692
532.800 143.255 0.548 1708
532.720 143.375 0.548 1708
532.679 143.494 0.548 1708
532.599 143.613 0.548 1724
532.559 143.733 0.548 1724
532.519 143.852 0.548 1741
532.479 143.972 0.548 1741
532.399 144.091 0.548 1741
532.359 144.210 0.548 1757
532.359 144.290 0.548 1757
532.319 144.409 0.548 1773
532.279 144.529 0.548 1773
532.239 144.609 0.548 1789
532.199 144.728 0.549 1789
532.159 144.847 0.549 1789
532.119 144.967 0.549 1805
532.038 145.086 0.548 1821
531.998 145.246 0.549 1821
531.958 145.365 0.549 1821
531.878 145.484 0.549 1837
531.838 145.564 0.549 1837
531.798 145.683 0.548 1837
531.758 145.803 0.549 1853
531.718 145.882 0.548 1869
531.678 146.002 0.548 1869
531.678 146.121 0.549 1869
531.638 146.241 0.549 1885
531.598 146.360 0.549 1885
531.598 146.440 0.549 1901
531.558 146.599 0.548 1901
531.518 146.718 0.549 1917
531.477 146.798 0.549 1917
531.437 146.957 0.549 1933
531.397 147.077 0.549 1933
531.357 147.196 0.549 1933
531.317 147.276 0.549 1949
531.237 147.435 0.549 1949
531.197 147.554 0.550 1965
531.157 147.674 0.549 1965
531.117 147.793 0.550 1981
531.037 147.913 0.550 1981
530.997 148.032 0.550 1981
530.957 148.151 0.550 1997
530.917 148.271 0.549 2014
530.836 148.390 0.550 2014
530.796 148.510 0.549 2014
530.756 148.669 0.550 2030
530.716 148.788 0.550 2030
530.676 148.908 0.550 2030
530.636 149.027 0.549 2046
530.636 149.147 0.550 2062
530.596 149.306 0.550 2062
530.556 149.425 0.550 2063
530.516 149.545 0.550 2078
530.476 149.704 0.550 2078
530.436 149.823 0.550 2094
530.396 149.943 0.550 2094
530.396 150.062 0.550 2110
530.356 150.182 0.550 2110
530.316 150.341 0.550 2126
530.275 150.460 0.550 2126
530.275 150.580 0.550 2126
530.235 150.659 0.551 2142
530.195 150.779 0.552 2142
530.155 150.938 0.551 2158
530.115 151.057 0.551 2158
530.075 151.177 0.551 2174
530.035 151.296 0.552 2174
529.955 151.456 0.552 2174
529.875 151.575 0.552 2190
529.875 151.694 0.552 2206
529.835 151.814 0.552 2206
529.795 151.973 0.552 2206
529.755 152.053 0.552 2222
529.714 152.172 0.552 2222
529.674 152.292 0.552 2222
529.634 152.371 0.552 2240
529.594 152.530 0.552 2256
529.554 152.650 0.552 2256
529.554 152.769 0.553 2256
529.514 152.889 0.553 2272
529.474 153.048 0.553 2272
529.434 153.167 0.553 2288
529.354 153.327 0.553 2288
529.314 153.486 0.553 2304
529.274 153.645 0.554 2304
529.194 153.764 0.554 2304
529.154 153.924 0.554 2320
529.114 154.043 0.554 2320
529.073 154.242 0.554 2336
528.993 154.362 0.555 2336
528.953 154.441 0.554 2336
528.873 154.561 0.555 2352
528.833 154.680 0.555 2368
528.793 154.760 0.555 2368
528.753 154.879 0.555 2368
528.713 154.999 0.555 2384
528.673 155.118 0.555 2400
528.633 155.277 0.556 2400
528.593 155.397 0.556 2400
528.553 155.556 0.556 2417
528.472 155.675 0.556 2417
528.432 155.834 0.556 2417
528.392 155.994 0.556 2433
528.352 156.153 0.556 2433
528.272 156.272 0.556 2449
528.232 156.471 0.556 2449
528.192 156.591 0.556 2465
528.152 156.710 0.556 2465
528.112 156.830 0.556 2481
528.072 156.949 0.557 2481
528.032 157.069 0.556 2481
527.992 157.228 0.557 2497
527.912 157.347 0.557 2497
527.871 157.467 0.557 2513
527.831 157.586 0.557 2513
527.791 157.705 0.557 2529
527.711 157.865 0.557 2529
527.671 157.984 0.557 2529
527.631 158.104 0.557 2545
527.551 158.263 0.557 2561
527.511 158.382 0.558 2561
527.431 158.542 0.557 2561
527.431 158.701 0.557 2577
527.351 158.820 0.557 2577
527.310 158.979 0.557 2577
527.270 159.059 0.557 2594
527.230 159.178 0.558 2610
527.190 159.298 0.557 2610
527.150 159.417 0.558 2610
527.110 159.537 0.558 2626
527.110 159.656 0.558 2626
527.070 159.776 0.558 2642
527.030 159.895 0.558 2642
527.030 160.014 0.558 2642
526.990 160.174 0.558 2658
526.990 160.293 0.558 2674
526.950 160.412 0.558 2674
526.910 160.572 0.558 2674
526.870 160.691 0.558 2690
526.830 160.811 0.559 2690
526.790 160.970 0.559 2690
526.750 161.089 0.558 2706
526.710 161.248 0.558 2722
526.669 161.368 0.558 2722
526.629 161.487 0.559 2722
526.589 161.607 0.559 2739
526.549 161.726 0.558 2755
526.509 161.846 0.558 2755
526.469 161.965 0.558 2755
526.429 162.084 0.559 2771
526.429 162.204 0.559 2771
526.389 162.323 0.558 2771
526.349 162.443 0.558 2787
526.309 162.562 0.558 2787
526.269 162.682 0.559 2803
526.229 162.801 0.558 2803
526.149 162.920 0.559 2819
526.109 163.119 0.559 2819
526.068 163.239 0.558 2835
525.988 163.358 0.559 2835
525.908 163.478 0.559 2835
525.868 163.637 0.559 2851
525.828 163.756 0.559 2867
525.748 163.916 0.559 2867
525.708 164.075 0.559 2867
525.668 164.234 0.559 2884
525.628 164.353 0.559 2884
525.588 164.513 0.559 2884
525.508 164.632 0.559 2900
525.467 164.752 0.559 2916
525.427 164.911 0.560 2916
525.427 165.070 0.559 2916
525.387 165.229 0.559 2932
525.307 165.388 0.560 2932
525.267 165.548 0.559 2948
525.227 165.707 0.559 2948
525.147 165.866 0.560 2964
525.107 165.986 0.560 2964
525.067 166.145 0.560 2964
525.027 166.264 0.560 2980
524.947 166.384 0.560 2980
524.906 166.503 0.560 2996
524.826 166.623 0.560 2996
524.786 166.742 0.560 3013
524.706 166.861 0.561 3013
524.666 166.981 0.560 3029
524.586 167.100 0.560 3029
524.546 167.180 0.561 3029
524.506 167.299 0.561 3045
524.466 167.459 0.561 3045
524.426 167.538 0.562 3045
524.346 167.697 0.561 3061
524.306 167.817 0.561 3077
524.265 167.936 0.562 3077
524.225 168.016 0.563 3077
524.225 168.135 0.562 3093
524.185 168.255 0.563 3109
524.145 168.374 0.563 3109
524.105 168.494 0.564 3109
524.065 168.613 0.564 3125
524.025 168.772 0.565 3125
523.945 168.892 0.565 3125
523.905 169.011 0.565 3141
523.865 169.130 0.566 3157
523.825 169.250 0.567 3157
523.785 169.369 0.567 3157
523.745 169.489 0.568 3173
523.705 169.648 0.569 3173
523.664 169.767 0.570 3189
523.624 169.927 0.570 3189
523.584 170.086 0.571 3189
523.584 170.205 0.571 3206
523.544 170.365 0.572 3222
523.504 170.484 0.573 3222
523.464 170.603 0.572 3222
523.424 170.723 0.573 3238
523.424 170.842 0.574 3238
523.384 170.962 0.574 3238
523.384 171.081 0.575 3254
523.344 171.201 0.575 3270
523.304 171.320 0.576 3270
523.304 171.439 0.577 3270
523.264 171.599 0.577 3286
523.184 171.718 0.578 3302
523.184 171.877 0.579 3302
523.144 171.997 0.578 3302
523.144 172.156 0.580 3318
523.103 172.315 0.580 3318
523.063 172.395 0.580 3318
523.063 172.514 0.580 3335
523.023 172.634 0.580 3335
522.983 172.753 0.581 3351
522.943 172.872 0.581 3351
522.863 172.992 0.581 3367
522.863 173.111 0.581 3367
522.823 173.231 0.581 3383
522.783 173.350 0.581 3383
522.743 173.470 0.581 3383
522.743 173.589 0.582 3399
522.743 173.708 0.582 3399
522.703 173.828 0.582 3399
522.703 173.947 0.583 3415
522.663 174.067 0.583 3431
522.663 174.146 0.582 3431
522.663 174.266 0.582 3431
522.623 174.385 0.583 3447
522.623 174.465 0.583 3463
522.583 174.544 0.582 3463
522.543 174.664 0.582 3463
522.543 174.743 0.583 3479
522.503 174.823 0.584 3479
522.462 174.903 0.583 3479
522.462 174.982 0.584 3495
522.422 175.102 0.584 3511
522.422 175.181 0.584 3511
522.382 175.261 0.584 3511
522.382 175.341 0.584 3527
522.382 175.460 0.585 3543
522.382 175.540 0.585 3543
522.342 175.659 0.586 3543
522.342 175.739 0.585 3560
522.342 175.858 0.585 3560
522.342 175.938 0.585 3560
522.302 176.057 0.586 3576
522.302 176.137 0.586 3576
522.302 176.256 0.586 3592
522.302 176.376 0.586 3592
522.302 176.495 0.587 3608
522.302 176.614 0.587 3608
522.302 176.734 0.587 3624
522.302 176.853 0.587 3624
522.302 176.933 0.587 3624
522.302 177.052 0.587 3640
522.302 177.172 0.588 3656
522.302 177.291 0.588 3656
522.302 177.371 0.589 3657
522.302 177.490 0.589 3672
522.302 177.570 0.590 3672
522.302 177.649 0.591 3688
522.302 177.729 0.591 3688
522.302 177.849 0.593 3704
522.302 177.888 0.593 3704
522.342 177.968 0.594 3705
522.342 178.048 0.594 3720
522.342 178.127 0.595 3720
522.342 178.167 0.595 3736
522.342 178.247 0.596 3736
522.382 178.326 0.597 3737
522.382 178.406 0.596 3752
522.382 178.446 0.597 3768
522.422 178.525 0.597 3768
522.422 178.605 0.598 3769
522.422 178.684 0.597 3785
522.462 178.724 0.597 3785
522.503 178.804 0.598 3785
522.503 178.923 0.597 3801
522.543 179.003 0.597 3817
522.583 179.083 0.598 3817
522.623 179.162 0.598 3817
522.623 179.242 0.598 3833
522.663 179.321 0.598 3849
522.663 179.401 0.598 3849
522.703 179.481 0.598 3849
522.743 179.560 0.598 3865
522.783 179.600 0.598 3865
522.783 179.680 0.598 3865
522.823 179.720 0.599 3882
522.823 179.759 0.598 3882
522.863 179.839 0.598 3898
522.903 179.879 0.598 3898
522.903 179.919 0.598 3898
522.943 179.958 0.599 3914
522.983 180.038 0.599 3930
523.023 180.078 0.599 3930
523.063 180.118 0.599 3930
523.103 180.197 0.599 3946
523.103 180.237 0.599 3962
523.144 180.277 0.600 3962
523.184 180.356 0.599 3962
523.224 180.396 0.599 3978
523.264 180.436 0.599 3978
523.264 180.476 0.599 3978
523.304 180.555 0.599 3994
523.344 180.595 0.600 4010
523.344 180.635 0.600 4010
523.384 180.715 0.600 4010
523.424 180.755 0.600 4026
523.464 180.834 0.600 4042
523.464 180.874 0.600 4042
523.504 180.914 0.600 4042
523.544 180.993 0.600 4058
523.544 181.033 0.601 4058
523.584 181.113 0.600 4058
523.664 181.153 0.600 4074
523.705 181.192 0.601 4074
523.745 181.232 0.602 4090
523.745 181.272 0.601 4090
523.785 181.312 0.602 4106
523.825 181.352 0.602 4106
523.905 181.431 0.602 4122
523.905 181.431 0.603 4122
523.945 181.511 0.603 4122
523.985 181.551 0.604 4138
524.025 181.591 0.604 4138
524.025 181.630 0.604 4138
524.065 181.630 0.604 4154
524.105 181.670 0.604 4171
524.145 181.710 0.604 4171
524.225 181.750 0.605 4171
524.265 181.750 0.605 4187
524.306 181.790 0.605 4203
524.346 181.829 0.605 4203
524.386 181.869 0.605 4203
524.426 181.909 0.606 4219
524.466 181.949 0.606 4219
524.506 181.989 0.606 4219
524.546 182.028 0.607 4235
524.586 182.068 0.607 4251
524.626 182.108 0.607 4251
524.666 182.148 0.608 4251
524.706 182.188 0.608 4267
524.746 182.227 0.608 4267
524.826 182.267 0.608 4283
524.866 182.307 0.608 4283
524.906 182.347 0.609 4283
524.947 182.387 0.609 4299
524.987 182.426 0.609 4315
525.067 182.466 0.609 4315
525.107 182.506 0.610 4315
525.147 182.546 0.610 4331
525.187 182.546 0.610 4347
525.227 182.586 0.610 4347
525.307 182.665 0.611 4347
525.347 182.665 0.611 4363
525.387 182.705 0.612 4363
525.467 182.745 0.612 4363
525.508 182.785 0.613 4379
525.548 182.825 0.613 4395
525.588 182.864 0.613 4395
525.628 182.904 0.613 4395
525.708 182.944 0.613 4411
525.748 182.984 0.614 4411
525.788 183.024 0.614 4428
525.828 183.063 0.614 4428
525.908 183.103 0.614 4428
525.948 183.103 0.614 4444
525.988 183.143 0.614 4444
526.068 183.183 0.615 4444
526.109 183.223 0.615 4460
526.149 183.302 0.615 4476
526.189 183.342 0.616 4476
526.229 183.382 0.615 4476
526.309 183.382 0.616 4492
526.349 183.422 0.616 4508
526.389 183.461 0.616 4508
526.469 183.501 0.616 4508
526.509 183.541 0.616 4525
526.589 183.581 0.616 4525
526.669 183.621 0.617 4541
526.710 183.621 0.617 4541
526.790 183.660 0.617 4542
526.830 183.700 0.617 4557
526.870 183.740 0.618 4573
526.910 183.740 0.618 4573
526.950 183.740 0.618 4574
526.990 183.780 0.618 4589
527.070 183.820 0.619 4589
527.150 183.820 0.619 4590
527.190 183.860 0.619 4605
527.270 183.899 0.619 4621
527.310 183.899 0.619 4621
527.391 183.899 0.619 4622
527.431 183.939 0.619 4637
527.471 183.979 0.620 4637
527.551 183.979 0.619 4653
527.631 183.979 0.620 4653
527.711 184.019 0.620 4654
527.751 184.019 0.620 4669
527.831 184.059 0.620 4685
527.952 184.059 0.620 4685
527.992 184.098 0.621 4686
528.072 184.098 0.621 4701
528.112 184.098 0.621 4701
528.192 184.098 0.621 4702
528.232 184.138 0.621 4717
528.312 184.138 0.621 4733
528.392 184.138 0.621 4733
528.432 184.178 0.622 4734
528.513 184.178 0.622 4749
528.553 184.178 0.622 4765
528.633 184.178 0.622 4765
528.713 184.178 0.622 4766
528.793 184.178 0.623 4781
528.833 184.178 0.623 4781
528.913 184.178 0.623 4781
528.993 184.178 0.624 4797
529.073 184.178 0.624 4813
529.154 184.178 0.624 4813
529.234 184.218 0.624 4813
529.314 184.258 0.624 4829
529.394 184.297 0.624 4829
529.474 184.377 0.625 4845
529.594 184.417 0.625 4845
529.674 184.497 0.625 4861
529.755 184.536 0.625 4861
529.835 184.576 0.625 4861
529.915 184.616 0.625 4877
529.995 184.616 0.625 4877
530.115 184.616 0.625 4893
530.195 184.616 0.626 4893
530.275 184.616 0.626 4910
530.356 184.616 0.626 4910
530.396 184.616 0.626 4926
530.476 184.616 0.626 4926
530.556 184.616 0.626 4926
530.596 184.616 0.626 4942
530.676 184.656 0.626 4958
530.756 184.656 0.626 4958
530.836 184.656 0.626 4959
530.917 184.656 0.626 4974
530.997 184.656 0.626 4974
531.117 184.656 0.626 4974
531.197 184.656 0.626 4990
531.277 184.656 0.627 5006
531.437 184.656 0.627 5006
531.558 184.656 0.627 5006
531.678 184.656 0.627 5022
531.798 184.656 0.627 5022
531.958 184.616 0.627 5038
532.038 184.536 0.628 5038
532.199 184.497 0.627 5054
532.319 184.457 0.628 5054
532.439 184.377 0.628 5054
532.599 184.337 0.628 5071
532.720 184.297 0.628 5071
532.880 184.218 0.628 5087
533.000 184.138 0.628 5087
533.160 184.098 0.628 5087
533.280 184.019 0.628 5103
533.441 183.979 0.628 5119
533.561 183.899 0.629 5119
533.721 183.860 0.628 5119
533.841 183.820 0.629 5135
534.002 183.740 0.629 5135
534.162 183.660 0.629 5135
534.322 183.581 0.629 5151
534.482 183.541 0.629 5167
534.603 183.461 0.629 5167
534.763 183.382 0.629 5167
534.883 183.342 0.629 5183
535.003 183.302 0.629 5199
535.124 183.262 0.629 5199
535.244 183.223 0.630 5199
535.324 183.223 0.629 5215
535.444 183.183 0.630 5215
535.564 183.103 0.629 5231
535.685 183.024 0.629 5231
535.805 182.984 0.630 5247
535.965 182.944 0.630 5247
536.085 182.864 0.630 5248
536.205 182.825 0.630 5263
536.366 182.745 0.630 5263
536.486 182.665 0.630 5280
536.646 182.586 0.630 5280
536.766 182.546 0.630 5280
536.927 182.466 0.630 5297
537.087 182.387 0.630 5313
537.247 182.307 0.630 5313
537.367 182.267 0.630 5313
537.487 182.188 0.630 5329
537.608 182.148 0.630 5329
537.728 182.068 0.630 5329
537.808 182.028 0.630 5345
537.968 181.949 0.630 5361
538.089 181.909 0.630 5361
538.169 181.829 0.630 5361
538.289 181.750 0.630 5377
538.409 181.670 0.630 5377
538.529 181.591 0.630 5393
538.649 181.511 0.630 5393
538.770 181.391 0.630 5393
538.890 181.312 0.630 5409
539.010 181.192 0.630 5425
539.130 181.113 0.630 5425
539.250 180.993 0.630 5425
539.371 180.914 0.630 5441
539.491 180.794 0.630 5441
539.611 180.715 0.630 5441
539.731 180.635 0.630 5457
539.851 180.555 0.630 5474
539.932 180.476 0.630 5474
540.052 180.396 0.630 5474
540.172 180.277 0.630 5491
540.292 180.197 0.630 5491
540.372 180.078 0.630 5491
540.492 179.998 0.630 5507
540.613 179.919 0.630 5523
540.693 179.799 0.630 5523
540.853 179.720 0.630 5523
540.933 179.640 0.630 5539
541.013 179.560 0.630 5539
541.094 179.481 0.631 5555
541.174 179.401 0.631 5555
541.254 179.321 0.630 5571
541.374 179.242 0.630 5571
541.454 179.162 0.631 5587
541.534 179.083 0.631 5587
541.654 179.003 0.631 5587
541.735 178.923 0.631 5603
541.815 178.844 0.630 5603
541.895 178.804 0.631 5603
541.975 178.724 0.631 5619
542.095 178.645 0.631 5635
542.135 178.525 0.631 5635
542.255 178.446 0.631 5635
542.336 178.366 0.631 5651
542.456 178.326 0.631 5667
542.536 178.247 0.631 5667
542.616 178.167 0.631 5667
542.696 178.087 0.631 5683
542.776 178.008 0.631 5683
542.816 177.928 0.631 5683
542.856 177.888 0.631 5699
542.937 177.809 0.631 5715
543.017 177.729 0.631 5715
543.057 177.649 0.631 5715
543.137 177.610 0.631 5731
543.217 177.570 0.631 5731
543.297 177.490 0.631 5747
543.377 177.411 0.631 5747
543.457 177.371 0.631 5764
543.538 177.291 0.631 5764
543.658 177.212 0.631 5764
543.698 177.172 0.631 5780
543.778 177.092 0.631 5780
543.818 177.052 0.631 5796
543.898 176.973 0.631 5796
543.938 176.893 0.631 5812
543.978 176.814 0.632 5812
544.058 176.774 0.632 5828
544.139 176.694 0.631 5828
544.219 176.614 0.631 5829
544.299 176.535 0.632 5844
544.379 176.455 0.631 5860
544.459 176.376 0.631 5860
544.539 176.256 0.631 5861
544.579 176.177 0.631 5876
544.659 176.137 0.632 5876
544.780 176.057 0.631 5877
544.860 176.017 0.632 5892
544.940 175.978 0.631 5908
545.060 175.898 0.631 5908
545.220 175.818 0.619 5908
545.381 175.699 0.572 5924
545.621 175.500 0.483 5940
545.982 175.142 0.323 5940

