% x_coordinate y_coordinate pressure time
% shape 0, 1145 points
842.536 220.573 0.140 0
842.336 220.573 0.178 16
842.095 220.613 0.205 16
841.855 220.652 0.230 16
841.534 220.732 0.242 32
841.254 220.851 0.260 32
840.933 221.011 0.271 48
840.613 221.170 0.278 48
840.252 221.329 0.284 64
839.891 221.528 0.293 64
839.531 221.727 0.305 81
839.170 221.966 0.314 81
838.850 222.205 0.323 81
838.449 222.444 0.331 97
838.169 222.643 0.340 97
837.848 222.802 0.352 97
837.568 223.001 0.361 113
837.327 223.160 0.367 129
837.047 223.320 0.371 129
836.806 223.479 0.376 129
836.566 223.638 0.379 145
836.285 223.837 0.384 161
836.005 223.996 0.385 161
835.725 224.235 0.389 161
835.404 224.514 0.392 177
835.083 224.753 0.392 177
834.803 224.992 0.394 194
834.523 225.270 0.395 194
834.282 225.509 0.395 210
834.002 225.708 0.396 210
833.801 225.907 0.397 210
833.601 226.066 0.397 226
833.441 226.265 0.402 226
833.281 226.425 0.404 242
833.080 226.624 0.407 242
832.920 226.823 0.412 242
832.679 227.062 0.417 258
832.479 227.261 0.420 274
832.279 227.499 0.426 274
832.038 227.738 0.427 274
831.838 228.017 0.430 290
831.598 228.335 0.431 290
831.317 228.614 0.432 290
831.077 228.972 0.433 307
830.796 229.331 0.434 323
830.516 229.649 0.433 323
830.195 229.928 0.435 323
829.955 230.246 0.437 339
829.755 230.485 0.439 355
829.514 230.724 0.444 355
829.354 230.923 0.449 355
829.154 231.122 0.455 371
828.993 231.281 0.463 371
828.833 231.520 0.467 371
828.673 231.719 0.471 388
828.472 231.958 0.473 388
828.272 232.157 0.473 405
828.072 232.396 0.475 405
827.871 232.635 0.476 421
827.671 232.874 0.476 421
827.431 233.152 0.478 437
827.270 233.391 0.480 437
827.110 233.590 0.481 437
826.990 233.869 0.484 453
826.870 234.068 0.486 453
826.790 234.267 0.487 453
826.669 234.426 0.489 469
826.589 234.585 0.489 486
826.469 234.745 0.490 486
826.389 234.904 0.492 486
826.309 235.103 0.492 502
826.189 235.262 0.493 518
826.109 235.421 0.495 518
825.988 235.581 0.496 518
825.908 235.740 0.498 534
825.788 235.899 0.500 534
825.708 236.098 0.500 534
825.628 236.257 0.502 550
825.508 236.417 0.502 566
825.427 236.576 0.502 566
825.347 236.695 0.504 566
825.267 236.854 0.503 583
825.187 236.974 0.503 583
825.147 237.093 0.505 599
825.067 237.173 0.504 599
825.027 237.292 0.505 615
824.987 237.412 0.505 615
824.947 237.531 0.505 615
824.906 237.651 0.506 631
824.866 237.730 0.508 631
824.826 237.889 0.507 647
824.826 238.009 0.509 647
824.786 238.128 0.510 647
824.746 238.248 0.510 664
824.746 238.407 0.510 680
824.746 238.526 0.510 680
824.706 238.646 0.511 680
824.706 238.765 0.512 696
824.706 238.885 0.511 696
824.706 239.004 0.511 712
824.706 239.084 0.512 712
824.706 239.163 0.511 728
824.706 239.243 0.512 728
824.706 239.323 0.513 728
824.706 239.402 0.513 744
824.706 239.482 0.514 744
824.706 239.561 0.515 760
824.706 239.641 0.515 760
824.706 239.760 0.516 776
824.706 239.880 0.516 776
824.706 239.999 0.516 792
824.706 240.119 0.517 792
824.746 240.278 0.517 792
824.826 240.437 0.516 809
824.866 240.636 0.517 809
824.947 240.795 0.516 809
825.027 240.955 0.517 825
825.107 241.114 0.517 841
825.187 241.273 0.517 841
825.267 241.393 0.517 841
825.347 241.512 0.518 857
825.427 241.671 0.517 874
825.548 241.791 0.518 874
825.628 241.910 0.518 874
825.708 242.029 0.517 890
825.788 242.149 0.518 890
825.908 242.268 0.518 906
825.988 242.388 0.518 906
826.109 242.507 0.519 906
826.229 242.587 0.518 922
826.349 242.706 0.519 922
826.469 242.865 0.519 938
826.589 242.985 0.518 938
826.710 243.104 0.519 954
826.830 243.264 0.520 954
826.910 243.383 0.519 954
827.070 243.463 0.520 970
827.150 243.582 0.520 987
827.270 243.701 0.519 987
827.431 243.821 0.521 987
827.591 243.940 0.521 1003
827.791 244.060 0.520 1003
827.992 244.179 0.521 1003
828.152 244.299 0.520 1019
828.352 244.418 0.520 1035
828.553 244.537 0.521 1035
828.753 244.657 0.520 1035
828.993 244.736 0.520 1051
829.234 244.856 0.521 1067
829.474 244.936 0.520 1067
829.715 245.015 0.521 1067
829.955 245.135 0.521 1084
830.195 245.214 0.522 1084
830.436 245.334 0.524 1084
830.716 245.413 0.525 1100
830.957 245.493 0.526 1100
831.197 245.612 0.528 1116
831.477 245.692 0.528 1116
831.758 245.811 0.528 1132
832.038 245.891 0.530 1132
832.319 246.010 0.529 1148
832.599 246.090 0.530 1148
832.920 246.170 0.530 1148
833.200 246.249 0.530 1164
833.481 246.329 0.530 1164
833.761 246.369 0.531 1164
834.042 246.408 0.531 1181
834.362 246.448 0.531 1197
834.683 246.448 0.532 1197
835.003 246.448 0.533 1197
835.364 246.448 0.536 1213
835.685 246.448 0.537 1229
836.085 246.448 0.539 1229
836.446 246.448 0.542 1229
836.846 246.448 0.542 1245
837.207 246.448 0.543 1245
837.568 246.448 0.544 1245
837.928 246.528 0.543 1261
838.289 246.528 0.544 1278
838.690 246.607 0.545 1278
839.090 246.647 0.545 1278
839.451 246.687 0.546 1294
839.932 246.687 0.548 1294
840.332 246.687 0.549 1310
840.773 246.687 0.554 1310
841.254 246.687 0.556 1327
841.694 246.687 0.560 1327
842.135 246.687 0.564 1327
842.576 246.687 0.566 1343
843.017 246.687 0.569 1343
843.457 246.687 0.572 1359
843.858 246.687 0.572 1359
844.219 246.687 0.575 1359
844.619 246.687 0.577 1375
844.980 246.687 0.578 1391
845.381 246.647 0.580 1391
845.781 246.568 0.581 1391
846.182 246.488 0.582 1407
846.583 246.369 0.584 1407
847.023 246.249 0.585 1407
847.384 246.130 0.586 1423
847.785 246.010 0.587 1439
848.145 245.891 0.587 1439
848.506 245.732 0.588 1439
848.866 245.612 0.590 1455
849.227 245.453 0.590 1472
849.548 245.334 0.591 1472
849.948 245.174 0.592 1472
850.269 245.055 0.591 1488
850.629 244.896 0.593 1488
850.990 244.697 0.594 1488
851.391 244.537 0.593 1504
851.791 244.338 0.594 1504
852.192 244.139 0.594 1520
852.633 243.940 0.594 1520
853.114 243.701 0.595 1536
853.554 243.502 0.595 1536
853.955 243.303 0.595 1552
854.356 243.104 0.596 1552
854.756 242.865 0.595 1552
855.117 242.706 0.595 1569
855.518 242.428 0.596 1569
855.878 242.229 0.595 1569
856.239 242.029 0.596 1585
856.599 241.830 0.597 1601
856.920 241.592 0.595 1601
857.240 241.393 0.596 1601
857.561 241.194 0.597 1617
857.881 241.034 0.596 1633
858.162 240.835 0.597 1633
858.442 240.636 0.597 1633
858.723 240.477 0.596 1649
859.003 240.278 0.598 1649
859.324 240.079 0.597 1666
859.604 239.880 0.596 1666
859.885 239.681 0.598 1682
860.165 239.482 0.597 1682
860.486 239.243 0.597 1682
860.766 239.044 0.598 1698
861.047 238.845 0.597 1698
861.327 238.606 0.598 1714
861.568 238.407 0.598 1714
861.808 238.248 0.597 1714
862.048 238.049 0.598 1730
862.289 237.889 0.599 1747
862.489 237.690 0.597 1747
862.689 237.491 0.599 1747
862.890 237.292 0.599 1763
863.090 237.093 0.598 1763
863.291 236.894 0.599 1763
863.531 236.695 0.598 1779
863.731 236.456 0.599 1795
863.972 236.217 0.599 1795
864.212 235.939 0.599 1795
864.412 235.700 0.600 1811
864.653 235.342 0.601 1827
864.933 235.063 0.600 1827
865.214 234.784 0.600 1827
865.454 234.506 0.601 1844
865.695 234.267 0.600 1844
865.895 234.028 0.601 1844
866.095 233.789 0.601 1860
866.295 233.590 0.601 1860
866.456 233.391 0.603 1876
866.616 233.192 0.603 1876
866.776 232.953 0.602 1892
866.937 232.754 0.603 1892
867.097 232.475 0.603 1908
867.297 232.237 0.604 1908
867.497 231.958 0.605 1908
867.698 231.679 0.605 1925
867.898 231.361 0.606 1925
868.058 231.082 0.607 1925
868.219 230.764 0.606 1941
868.339 230.445 0.608 1957
868.459 230.087 0.608 1957
868.539 229.769 0.608 1957
868.659 229.410 0.610 1973
868.740 229.012 0.610 1989
868.860 228.654 0.611 1989
868.940 228.216 0.613 1989
869.060 227.898 0.613 2005
869.180 227.539 0.614 2005
869.341 227.261 0.615 2005
869.421 226.982 0.614 2021
869.461 226.743 0.617 2037
869.501 226.504 0.618 2037
869.541 226.305 0.618 2037
869.541 226.106 0.620 2054
869.541 225.947 0.621 2054
869.541 225.788 0.621 2070
869.541 225.628 0.623 2070
869.541 225.469 0.624 2070
869.541 225.310 0.624 2086
869.541 225.111 0.626 2086
869.541 224.872 0.627 2102
869.541 224.673 0.628 2102
869.541 224.514 0.630 2118
869.541 224.315 0.630 2118
869.541 224.116 0.630 2118
869.501 223.877 0.632 2134
869.421 223.678 0.632 2151
869.381 223.479 0.634 2151
869.300 223.280 0.635 2151
869.220 223.121 0.634 2167
869.140 222.961 0.636 2183
869.060 222.802 0.636 2183
869.020 222.683 0.635 2183
868.940 222.523 0.637 2199
868.860 222.364 0.637 2199
868.780 222.205 0.638 2199
868.700 222.046 0.639 2215
868.579 221.926 0.639 2215
868.499 221.767 0.640 2231
868.379 221.568 0.641 2231
868.259 221.449 0.640 2247
868.139 221.289 0.642 2247
867.978 221.210 0.642 2264
867.818 221.090 0.641 2264
867.658 221.011 0.642 2264
867.457 220.931 0.641 2280
867.257 220.851 0.642 2280
867.017 220.772 0.643 2296
866.816 220.732 0.642 2296
866.616 220.652 0.642 2312
866.416 220.613 0.644 2312
866.215 220.573 0.643 2312
866.015 220.493 0.644 2328
865.855 220.453 0.644 2345
865.695 220.374 0.643 2345
865.534 220.334 0.644 2345
865.334 220.294 0.645 2361
865.174 220.294 0.644 2361
865.013 220.294 0.644 2361
864.813 220.294 0.642 2377
864.653 220.294 0.641 2393
864.452 220.294 0.642 2393
864.212 220.294 0.641 2393
864.012 220.294 0.641 2409
863.771 220.294 0.642 2409
863.571 220.374 0.641 2426
863.291 220.453 0.642 2426
863.050 220.533 0.642 2442
862.810 220.613 0.642 2442
862.569 220.692 0.642 2442
862.289 220.772 0.643 2458
862.008 220.851 0.642 2458
861.728 220.971 0.643 2474
861.447 221.051 0.643 2474
861.167 221.210 0.641 2474
860.927 221.329 0.642 2490
860.646 221.488 0.642 2506
860.406 221.648 0.641 2506
860.125 221.807 0.642 2506
859.885 222.046 0.641 2522
859.684 222.205 0.640 2522
859.444 222.404 0.641 2522
859.244 222.603 0.640 2538
859.003 222.762 0.640 2554
858.803 222.961 0.642 2554
858.563 223.160 0.640 2554
858.322 223.320 0.641 2571
858.082 223.519 0.641 2587
857.841 223.718 0.640 2587
857.641 223.917 0.642 2587
857.401 224.116 0.641 2603
857.160 224.355 0.640 2603
856.960 224.554 0.641 2603
856.760 224.753 0.641 2619
856.559 224.912 0.641 2635
856.359 225.111 0.641 2635
856.159 225.310 0.641 2635
855.958 225.509 0.641 2651
855.758 225.748 0.641 2651
855.518 225.987 0.640 2667
855.317 226.226 0.641 2667
855.117 226.504 0.642 2667
854.876 226.743 0.640 2684
854.676 227.022 0.641 2684
854.476 227.221 0.641 2700
854.276 227.420 0.641 2700
854.115 227.619 0.642 2716
853.955 227.778 0.641 2716
853.835 227.977 0.641 2716
853.674 228.136 0.642 2732
853.514 228.296 0.642 2748
853.394 228.455 0.642 2748
853.274 228.654 0.643 2748
853.114 228.893 0.642 2764
852.953 229.132 0.642 2781
852.793 229.370 0.643 2781
852.593 229.649 0.642 2781
852.432 229.888 0.643 2797
852.232 230.167 0.643 2797
852.032 230.405 0.642 2797
851.871 230.644 0.643 2813
851.751 230.843 0.643 2813
851.631 231.042 0.642 2829
851.511 231.281 0.644 2829
851.391 231.440 0.643 2845
851.310 231.640 0.643 2845
851.230 231.799 0.644 2861
851.110 231.958 0.643 2861
851.030 232.117 0.643 2861
850.910 232.276 0.644 2877
850.830 232.436 0.643 2877
850.709 232.595 0.643 2877
850.629 232.794 0.644 2894
850.549 232.953 0.643 2910
850.429 233.152 0.644 2910
850.389 233.311 0.644 2910
850.269 233.550 0.643 2926
850.189 233.749 0.644 2942
850.068 233.909 0.644 2942
849.948 234.108 0.644 2942
849.828 234.307 0.645 2958
849.708 234.466 0.644 2958
849.628 234.665 0.644 2958
849.548 234.824 0.645 2974
849.427 234.983 0.644 2991
849.347 235.143 0.645 2991
849.227 235.302 0.646 2991
849.107 235.461 0.644 3007
849.027 235.620 0.645 3007
848.906 235.819 0.646 3023
848.826 235.979 0.644 3023
848.746 236.098 0.647 3023
848.666 236.257 0.646 3039
848.586 236.417 0.645 3039
848.546 236.576 0.646 3055
848.466 236.735 0.646 3055
848.386 236.934 0.645 3071
848.305 237.133 0.647 3071
848.265 237.292 0.646 3071
848.185 237.491 0.647 3087
848.105 237.690 0.648 3103
848.025 237.850 0.646 3103
847.945 237.969 0.647 3103
847.865 238.168 0.648 3120
847.785 238.288 0.647 3120
847.705 238.447 0.648 3120
847.584 238.606 0.648 3136
847.544 238.725 0.647 3152
847.464 238.885 0.649 3152
847.424 239.004 0.648 3152
847.344 239.163 0.648 3168
847.304 239.323 0.649 3184
847.224 239.482 0.648 3184
847.184 239.641 0.648 3184
847.104 239.800 0.649 3200
847.063 239.959 0.648 3200
847.023 240.119 0.649 3200
846.983 240.318 0.649 3217
846.943 240.477 0.648 3217
846.903 240.676 0.649 3233
846.863 240.835 0.649 3233
846.823 240.994 0.648 3249
846.783 241.114 0.649 3249
846.743 241.273 0.649 3265
846.743 241.432 0.648 3265
846.703 241.592 0.650 3265
846.663 241.711 0.649 3281
846.623 241.830 0.649 3281
846.623 241.990 0.650 3281
846.623 242.109 0.649 3297
846.583 242.229 0.650 3313
846.583 242.348 0.650 3313
846.543 242.507 0.649 3313
846.543 242.666 0.650 3330
846.503 242.786 0.650 3346
846.503 242.945 0.649 3346
846.462 243.065 0.650 3346
846.462 243.184 0.650 3362
846.462 243.303 0.649 3362
846.462 243.423 0.651 3362
846.422 243.542 0.650 3378
846.382 243.701 0.650 3394
846.382 243.861 0.652 3394
846.342 243.980 0.651 3394
846.302 244.179 0.652 3410
846.302 244.338 0.653 3410
846.302 244.498 0.652 3427
846.302 244.657 0.653 3427
846.302 244.856 0.654 3427
846.302 245.055 0.653 3443
846.262 245.254 0.654 3459
846.262 245.413 0.654 3459
846.262 245.612 0.653 3459
846.262 245.771 0.655 3475
846.262 245.971 0.655 3475
846.262 246.170 0.654 3475
846.262 246.329 0.655 3491
846.262 246.488 0.655 3507
846.262 246.647 0.655 3507
846.262 246.846 0.657 3507
846.262 247.005 0.657 3523
846.262 247.205 0.658 3540
846.262 247.404 0.659 3540
846.262 247.563 0.658 3540
846.262 247.762 0.660 3556
846.262 247.961 0.661 3556
846.262 248.120 0.660 3556
846.302 248.319 0.661 3572
846.302 248.518 0.661 3572
846.382 248.677 0.660 3588
846.422 248.837 0.662 3588
846.462 248.996 0.661 3604
846.503 249.155 0.661 3604
846.583 249.314 0.663 3620
846.623 249.513 0.662 3620
846.703 249.673 0.663 3620
846.743 249.832 0.665 3637
846.783 249.991 0.664 3637
846.863 250.150 0.665 3637
846.903 250.310 0.665 3653
846.983 250.469 0.665 3669
847.023 250.628 0.666 3669
847.104 250.787 0.666 3669
847.184 250.947 0.666 3685
847.264 251.106 0.668 3701
847.304 251.265 0.667 3701
847.384 251.384 0.667 3701
847.464 251.544 0.669 3718
847.544 251.703 0.669 3718
847.584 251.862 0.669 3734
847.664 251.982 0.672 3734
847.745 252.141 0.671 3734
847.825 252.260 0.673 3750
847.905 252.419 0.674 3750
847.985 252.539 0.673 3766
848.065 252.698 0.674 3766
848.145 252.857 0.674 3782
848.225 253.017 0.674 3782
848.305 253.176 0.675 3782
848.426 253.295 0.674 3798
848.546 253.454 0.674 3815
848.626 253.534 0.675 3815
848.786 253.654 0.675 3815
848.906 253.773 0.674 3831
849.027 253.853 0.676 3831
849.187 253.972 0.675 3831
849.387 254.131 0.676 3847
849.548 254.251 0.677 3865
849.668 254.410 0.676 3866
849.788 254.529 0.677 3866
849.908 254.649 0.678 3866
850.028 254.768 0.677 3881
850.149 254.927 0.679 3897
850.269 255.087 0.679 3897
850.389 255.206 0.678 3897
850.509 255.405 0.680 3913
850.629 255.525 0.679 3929
850.750 255.684 0.679 3929
850.870 255.803 0.680 3929
851.030 255.923 0.680 3945
851.190 256.042 0.680 3945
851.351 256.122 0.681 3961
851.551 256.201 0.681 3961
851.751 256.241 0.683 3961
851.952 256.361 0.686 3977
852.192 256.440 0.688 3977
852.432 256.520 0.693 3994
852.633 256.599 0.696 3994
852.873 256.679 0.696 4010
853.073 256.759 0.699 4010
853.314 256.878 0.699 4010
853.554 256.918 0.699 4026
853.755 256.997 0.701 4042
854.075 257.077 0.701 4042
854.316 257.157 0.702 4042
854.556 257.196 0.705 4058
854.796 257.236 0.705 4058
855.077 257.276 0.707 4058
855.317 257.276 0.709 4074
855.558 257.316 0.709 4090
855.798 257.316 0.710 4090
856.038 257.356 0.712 4090
856.239 257.356 0.711 4107
856.479 257.356 0.712 4107
856.680 257.356 0.712 4123
856.880 257.356 0.712 4123
857.080 257.356 0.714 4123
857.321 257.356 0.714 4139
857.521 257.356 0.714 4155
857.761 257.316 0.717 4155
857.922 257.236 0.716 4155
858.082 257.157 0.717 4171
858.202 257.077 0.718 4171
858.322 256.958 0.717 4171
858.442 256.838 0.720 4187
858.563 256.719 0.721 4203
858.683 256.560 0.721 4203
858.803 256.400 0.723 4203
858.923 256.241 0.724 4219
859.083 256.002 0.723 4236
859.204 255.803 0.724 4236
859.324 255.604 0.724 4236
859.444 255.405 0.724 4252
859.564 255.206 0.725 4252
859.644 255.047 0.725 4252
859.684 254.888 0.725 4268
859.725 254.728 0.727 4268
859.765 254.569 0.726 4284
859.765 254.450 0.727 4284
859.765 254.330 0.729 4284
859.765 254.171 0.728 4300
859.765 254.012 0.729 4316
859.765 253.853 0.731 4316
859.725 253.733 0.730 4316
859.604 253.614 0.732 4332
859.444 253.494 0.732 4349
859.284 253.375 0.732 4349
859.124 253.255 0.734 4349
858.963 253.096 0.733 4365
858.763 252.977 0.733 4365
858.563 252.897 0.735 4365
858.322 252.778 0.734 4381
858.122 252.698 0.735 4381
857.922 252.618 0.736 4397
857.721 252.539 0.735 4397
857.521 252.459 0.735 4413
857.321 252.419 0.736 4413
857.120 252.419 0.735 4429
856.920 252.380 0.737 4429
856.680 252.380 0.738 4429
856.479 252.380 0.737 4446
856.239 252.380 0.739 4462
855.958 252.380 0.740 4462
855.758 252.380 0.740 4462
855.518 252.380 0.742 4478
855.277 252.380 0.742 4478
855.037 252.380 0.741 4478
854.796 252.380 0.743 4494
854.596 252.380 0.742 4510
854.396 252.419 0.743 4510
854.155 252.459 0.744 4510
853.955 252.539 0.743 4526
853.795 252.579 0.744 4526
853.594 252.658 0.745 4542
853.394 252.738 0.744 4542
853.194 252.857 0.745 4558
853.033 252.937 0.744 4558
852.833 253.056 0.743 4558
852.593 253.136 0.745 4575
852.392 253.255 0.745 4575
852.232 253.335 0.744 4591
852.032 253.375 0.746 4591
851.871 253.454 0.745 4591
851.711 253.534 0.745 4607
851.551 253.574 0.746 4623
851.391 253.614 0.745 4623
851.230 253.693 0.746 4623
851.110 253.733 0.747 4639
850.910 253.773 0.746 4639
850.750 253.853 0.746 4639
850.549 253.932 0.746 4655
850.389 254.052 0.746 4672
850.189 254.131 0.747 4672
850.028 254.251 0.746 4672
849.828 254.330 0.746 4688
849.668 254.410 0.747 4704
849.467 254.490 0.746 4704
849.227 254.569 0.746 4704
849.067 254.649 0.747 4720
848.906 254.689 0.746 4720
848.746 254.768 0.747 4720
848.546 254.848 0.747 4736
848.386 254.927 0.746 4753
848.225 255.007 0.747 4753
848.065 255.126 0.748 4753
847.905 255.206 0.746 4769
847.745 255.286 0.747 4769
847.584 255.405 0.746 4785
847.464 255.485 0.745 4785
847.304 255.604 0.747 4785
847.184 255.684 0.746 4801
847.063 255.803 0.745 4801
846.903 255.883 0.747 4817
846.823 256.002 0.746 4817
846.663 256.082 0.746 4833
846.543 256.201 0.747 4833
846.422 256.281 0.746 4833
846.222 256.440 0.746 4849
846.062 256.560 0.747 4866
845.901 256.639 0.746 4866
845.741 256.759 0.747 4866
845.621 256.838 0.747 4882
845.461 256.958 0.746 4882
845.341 257.037 0.748 4882
845.260 257.117 0.747 4898
845.140 257.196 0.746 4914
845.020 257.276 0.747 4914
844.900 257.356 0.747 4914
844.820 257.475 0.746 4930
844.740 257.555 0.748 4930
844.619 257.674 0.746 4946
844.539 257.794 0.747 4946
844.419 257.873 0.747 4962
844.339 257.993 0.746 4962
844.219 258.072 0.746 4962
844.099 258.152 0.747 4978
844.018 258.271 0.746 4978
843.938 258.351 0.747 4995
843.818 258.470 0.747 4995
843.738 258.590 0.746 5011
843.658 258.749 0.747 5011
843.538 258.829 0.746 5027
843.417 258.948 0.746 5027
843.297 259.107 0.747 5027
843.217 259.227 0.746 5043
843.097 259.346 0.746 5059
843.017 259.505 0.747 5059
842.896 259.665 0.745 5059
842.776 259.784 0.746 5075
842.656 259.943 0.747 5075
842.536 260.063 0.746 5075
842.416 260.222 0.747 5091
842.296 260.381 0.747 5107
842.175 260.580 0.746 5107
842.055 260.739 0.747 5107
841.975 260.899 0.747 5124
841.855 261.138 0.746 5124
841.735 261.297 0.747 5140
841.614 261.456 0.746 5140
841.534 261.615 0.746 5156
841.454 261.774 0.747 5156
841.334 261.894 0.746 5156
841.254 262.013 0.746 5172
841.214 262.133 0.747 5172
841.134 262.292 0.746 5188
841.013 262.411 0.747 5188
840.933 262.571 0.747 5188
840.853 262.690 0.746 5204
840.773 262.849 0.747 5221
840.693 262.969 0.747 5221
840.613 263.088 0.746 5221
840.492 263.247 0.747 5237
840.412 263.327 0.747 5237
840.332 263.446 0.746 5237
840.252 263.566 0.748 5253
840.172 263.685 0.746 5269
840.092 263.765 0.747 5269
840.012 263.884 0.747 5269
839.932 264.004 0.746 5285
839.851 264.123 0.747 5301
839.731 264.243 0.748 5301
839.651 264.362 0.746 5301
839.571 264.481 0.747 5318
839.491 264.601 0.747 5318
839.411 264.720 0.746 5318
839.331 264.840 0.748 5334
839.290 264.959 0.747 5334
839.210 265.078 0.746 5350
839.170 265.198 0.748 5350
839.130 265.278 0.746 5366
839.090 265.357 0.747 5366
839.010 265.477 0.748 5382
838.970 265.596 0.746 5382
838.930 265.755 0.747 5382
838.850 265.875 0.748 5398
838.810 266.034 0.746 5398
838.770 266.153 0.747 5414
838.649 266.273 0.747 5414
838.609 266.392 0.746 5430
838.569 266.512 0.748 5430
838.529 266.631 0.747 5430
838.489 266.750 0.746 5447
838.409 266.910 0.747 5463
838.369 266.989 0.747 5463
838.289 267.109 0.746 5463
838.249 267.228 0.748 5479
838.169 267.348 0.746 5479
838.129 267.427 0.747 5479
838.089 267.547 0.747 5495
838.048 267.626 0.746 5511
838.008 267.746 0.747 5511
837.968 267.865 0.748 5511
837.928 267.945 0.746 5527
837.888 268.104 0.748 5527
837.848 268.223 0.747 5543
837.808 268.343 0.746 5543
837.768 268.462 0.748 5560
837.728 268.542 0.747 5560
837.688 268.661 0.747 5560
837.648 268.741 0.748 5576
837.608 268.820 0.747 5576
837.568 268.940 0.747 5592
837.528 269.020 0.748 5592
837.487 269.139 0.747 5592
837.407 269.219 0.747 5608
837.367 269.298 0.748 5624
837.327 269.418 0.747 5624
837.287 269.537 0.748 5624
837.247 269.656 0.749 5641
837.207 269.776 0.748 5657
837.167 269.935 0.750 5657
837.127 270.055 0.748 5657
837.087 270.214 0.748 5673
837.087 270.413 0.750 5673
837.047 270.572 0.749 5673
837.007 270.731 0.748 5689
836.967 270.891 0.750 5705
836.967 271.010 0.748 5705
836.886 271.169 0.749 5705
836.846 271.328 0.750 5722
836.726 271.488 0.749 5722
836.686 271.647 0.750 5738
836.606 271.806 0.751 5738
836.526 272.005 0.749 5738
836.446 272.164 0.751 5754
836.406 272.363 0.750 5754
836.285 272.563 0.749 5770
836.245 272.841 0.751 5770
836.165 273.040 0.750 5786
836.125 273.199 0.750 5786
836.085 273.398 0.751 5786
836.005 273.558 0.750 5802
836.005 273.717 0.750 5818
835.965 273.836 0.751 5818
835.925 273.996 0.749 5818
835.885 274.155 0.750 5835
835.845 274.314 0.751 5835
835.765 274.473 0.749 5835
835.765 274.633 0.751 5851
835.685 274.832 0.751 5867
835.644 275.031 0.749 5867
835.604 275.190 0.751 5867
835.524 275.349 0.750 5883
835.484 275.469 0.750 5883
835.444 275.628 0.751 5899
835.404 275.787 0.750 5899
835.364 275.946 0.750 5915
835.324 276.066 0.751 5915
835.284 276.225 0.750 5931
835.244 276.344 0.750 5931
835.244 276.504 0.751 5931
835.204 276.623 0.750 5947
835.204 276.782 0.750 5947
835.164 276.941 0.751 5947
835.164 277.061 0.750 5963
835.124 277.220 0.751 5980
835.083 277.379 0.750 5980
835.083 277.499 0.750 5980
835.043 277.618 0.751 5996
835.043 277.738 0.750 5996
835.043 277.857 0.750 6012
835.003 277.976 0.751 6012
835.003 278.096 0.750 6028
835.003 278.255 0.750 6028
835.003 278.374 0.751 6028
835.003 278.534 0.750 6044
835.003 278.653 0.750 6044
835.003 278.812 0.751 6060
835.003 278.972 0.750 6060
834.963 279.091 0.751 6076
834.963 279.250 0.751 6076
834.923 279.410 0.750 6093
834.923 279.569 0.751 6093
834.923 279.768 0.751 6093
834.883 279.927 0.750 6109
834.883 280.086 0.751 6109
834.883 280.206 0.750 6109
834.883 280.365 0.750 6125
834.883 280.484 0.751 6141
834.883 280.604 0.750 6141
834.883 280.763 0.750 6141
834.843 280.882 0.751 6157
834.803 281.042 0.750 6174
834.803 281.161 0.751 6174
834.803 281.281 0.751 6174
834.803 281.400 0.750 6190
834.803 281.519 0.751 6190
834.803 281.639 0.750 6190
834.803 281.718 0.750 6206
834.803 281.838 0.751 6222
834.803 281.997 0.750 6222
834.803 282.116 0.749 6222
834.803 282.236 0.751 6238
834.803 282.355 0.750 6238
834.803 282.475 0.750 6255
834.843 282.594 0.751 6255
834.843 282.714 0.750 6255
834.883 282.833 0.750 6271
834.883 282.952 0.751 6287
834.923 283.032 0.749 6287
834.963 283.151 0.751 6287
835.003 283.271 0.751 6303
835.043 283.390 0.750 6303
835.083 283.510 0.751 6303
835.124 283.629 0.750 6319
835.124 283.749 0.750 6335
835.164 283.828 0.751 6335
835.204 283.948 0.750 6335
835.244 284.027 0.750 6351
835.284 284.107 0.751 6351
835.324 284.187 0.750 6368
835.364 284.266 0.750 6368
835.404 284.346 0.751 6368
835.444 284.425 0.749 6384
835.524 284.545 0.750 6400
835.564 284.624 0.750 6400
835.685 284.744 0.749 6400
835.725 284.903 0.751 6416
835.845 285.022 0.750 6416
835.925 285.182 0.749 6416
836.005 285.341 0.751 6432
836.085 285.460 0.750 6448
836.165 285.620 0.750 6448
836.205 285.739 0.751 6448
836.245 285.819 0.750 6465
836.326 285.898 0.751 6465
836.366 285.978 0.751 6481
836.406 286.057 0.750 6481
836.486 286.137 0.750 6497
836.526 286.217 0.751 6497
836.606 286.296 0.750 6497
836.646 286.376 0.751 6513
836.726 286.416 0.751 6513
836.806 286.495 0.750 6529
836.886 286.615 0.751 6529
836.967 286.694 0.751 6546
837.047 286.814 0.750 6546
837.087 286.893 0.752 6562
837.167 287.013 0.751 6562
837.247 287.093 0.751 6562
837.287 287.212 0.752 6578
837.367 287.292 0.751 6594
837.447 287.371 0.751 6594
837.487 287.451 0.752 6594
837.568 287.530 0.751 6610
837.648 287.570 0.752 6610
837.688 287.650 0.752 6610
837.768 287.729 0.751 6626
837.808 287.809 0.752 6626
837.888 287.889 0.752 6642
837.968 287.968 0.751 6642
838.048 288.048 0.753 6659
838.129 288.088 0.752 6659
838.169 288.167 0.752 6675
838.249 288.247 0.753 6675
838.289 288.287 0.752 6675
838.369 288.327 0.753 6691
838.449 288.406 0.754 6691
838.529 288.446 0.753 6708
838.569 288.526 0.754 6708
838.649 288.565 0.755 6724
838.730 288.605 0.753 6724
838.810 288.685 0.755 6724
838.890 288.725 0.754 6740
838.970 288.764 0.754 6756
839.010 288.804 0.755 6756
839.130 288.884 0.754 6756
839.210 288.924 0.754 6772
839.290 288.964 0.755 6772
839.371 288.964 0.754 6788
839.451 289.003 0.755 6788
839.531 289.003 0.756 6804
839.651 289.043 0.754 6804
839.771 289.043 0.755 6804
839.932 289.083 0.756 6821
840.052 289.083 0.754 6821
840.172 289.123 0.756 6837
840.292 289.163 0.756 6837
840.412 289.202 0.755 6837
840.533 289.242 0.756 6853
840.613 289.282 0.756 6869
840.693 289.322 0.755 6869
840.773 289.362 0.756 6869
840.853 289.401 0.756 6885
840.933 289.441 0.756 6885
841.013 289.481 0.757 6885
841.094 289.521 0.755 6901
841.174 289.561 0.756 6917
841.294 289.600 0.757 6917
841.374 289.640 0.755 6917
841.494 289.640 0.756 6933
841.614 289.680 0.757 6949
841.735 289.720 0.755 6949
841.855 289.720 0.757 6949
841.975 289.760 0.756 6966
842.095 289.760 0.756 6966
842.215 289.799 0.757 6966
842.336 289.839 0.756 6982
842.456 289.879 0.756 6998
842.536 289.919 0.757 6998
842.656 289.919 0.756 6998
842.776 289.959 0.757 7014
842.896 289.959 0.757 7014
843.057 289.959 0.756 7030
843.217 289.959 0.756 7030
843.377 289.959 0.757 7030
843.497 289.959 0.755 7046
843.698 289.959 0.758 7046
843.818 289.959 0.758 7063
843.978 289.959 0.757 7063
844.139 289.919 0.759 7079
844.259 289.879 0.759 7079
844.379 289.839 0.758 7079
844.499 289.799 0.760 7095
844.579 289.799 0.759 7111
844.700 289.799 0.758 7111
844.820 289.799 0.760 7111
844.900 289.799 0.758 7127
845.020 289.799 0.759 7127
845.140 289.799 0.760 7127
845.260 289.799 0.759 7144
845.381 289.799 0.759 7160
845.501 289.799 0.760 7160
845.661 289.799 0.759 7160
845.741 289.760 0.760 7176
845.861 289.720 0.760 7192
845.982 289.680 0.759 7192
846.102 289.640 0.760 7192
846.222 289.561 0.759 7209
846.302 289.481 0.759 7209
846.422 289.401 0.761 7209
846.623 289.362 0.760 7225
846.743 289.282 0.760 7225
846.863 289.202 0.760 7241
847.023 289.123 0.759 7241
847.184 289.043 0.760 7257
847.304 289.003 0.761 7257
847.464 288.924 0.760 7273
847.584 288.884 0.761 7273
847.745 288.804 0.761 7273
847.865 288.764 0.760 7289
847.985 288.685 0.761 7289
848.105 288.605 0.761 7289
848.225 288.565 0.760 7305
848.346 288.486 0.761 7322
848.466 288.446 0.760 7322
848.586 288.366 0.761 7322
848.746 288.287 0.761 7338
848.906 288.207 0.760 7354
849.027 288.128 0.761 7354
849.187 288.088 0.761 7354
849.307 288.048 0.760 7370
849.427 287.968 0.761 7370
849.548 287.968 0.761 7370
849.628 287.929 0.760 7386
849.788 287.889 0.761 7403
849.868 287.849 0.760 7403
849.988 287.769 0.760 7403
850.068 287.729 0.761 7419
850.149 287.690 0.761 7419
850.269 287.650 0.760 7435
850.389 287.570 0.761 7435
850.469 287.530 0.760 7435
850.549 287.491 0.761 7451
850.669 287.411 0.761 7451
850.750 287.331 0.760 7467
850.870 287.212 0.760 7467
850.950 287.132 0.761 7483
851.070 287.053 0.760 7483
851.190 286.933 0.761 7483
851.310 286.854 0.761 7499
851.431 286.774 0.761 7515
851.551 286.655 0.761 7515
851.671 286.575 0.761 7515
851.791 286.495 0.761 7531
851.912 286.416 0.762 7548
851.992 286.296 0.761 7548
852.112 286.217 0.761 7548
852.232 286.137 0.761 7564
852.312 286.057 0.761 7564
852.432 285.938 0.761 7564
852.513 285.858 0.761 7580
852.633 285.739 0.761 7580
852.753 285.659 0.761 7597
852.833 285.580 0.761 7597
852.913 285.500 0.761 7613
852.993 285.421 0.762 7613
853.073 285.341 0.761 7613
853.154 285.221 0.761 7629
853.234 285.102 0.762 7629
853.314 284.983 0.761 7645
853.394 284.863 0.761 7645
853.474 284.784 0.762 7661
853.594 284.664 0.761 7661
853.674 284.545 0.762 7678
853.755 284.425 0.762 7678
853.835 284.306 0.761 7678
853.915 284.187 0.762 7694
853.995 284.067 0.763 7694
854.075 283.908 0.761 7694
854.155 283.828 0.763 7710
854.235 283.749 0.762 7726
854.316 283.629 0.762 7726
854.356 283.550 0.763 7726
854.436 283.470 0.762 7742
854.556 283.390 0.762 7759
854.636 283.311 0.763 7759
854.716 283.231 0.762 7759
854.796 283.112 0.762 7775
854.876 283.032 0.763 7775
854.997 282.952 0.762 7791
855.037 282.873 0.762 7791
855.117 282.793 0.763 7791
855.197 282.753 0.762 7807
855.237 282.674 0.763 7807
855.277 282.634 0.763 7823
855.397 282.554 0.762 7823
855.437 282.475 0.763 7839
855.477 282.395 0.763 7839
855.518 282.315 0.762 7839
855.558 282.276 0.763 7856
855.598 282.196 0.762 7872
855.678 282.116 0.762 7872
855.718 282.077 0.764 7872
855.758 281.997 0.762 7888
855.798 281.957 0.763 7888
855.838 281.917 0.764 7888
855.878 281.917 0.762 7904
855.878 281.878 0.763 7920
855.918 281.798 0.764 7920
855.958 281.718 0.762 7920
856.038 281.599 0.764 7936
856.078 281.519 0.763 7953
856.159 281.400 0.762 7953
856.239 281.281 0.764 7953
856.319 281.161 0.763 7969
856.399 281.081 0.763 7969
856.439 281.002 0.764 7969
856.479 280.922 0.763 7985
856.559 280.882 0.764 7985
856.599 280.803 0.765 8001
856.639 280.763 0.763 8001
856.639 280.683 0.764 8017
856.720 280.644 0.765 8017
856.720 280.564 0.764 8034
856.760 280.484 0.765 8034
856.800 280.445 0.765 8034
856.880 280.365 0.763 8050
856.880 280.285 0.765 8050
856.920 280.245 0.765 8050
856.960 280.166 0.764 8066
856.960 280.166 0.766 8082
856.960 280.126 0.764 8082
856.960 280.126 0.765 8082
856.960 280.126 0.766 8098
856.960 280.086 0.755 8115
856.960 280.007 0.702 8115
856.960 279.887 0.602 8115
856.960 279.648 0.471 8131
856.960 279.211 0.220 8131

