% x_coordinate y_coordinate pressure time
% shape 0, 1013 points

893.213 114.989 0.418 388.000 
893.213 115.149 0.421 404.000 
893.173 115.348 0.425 404.000 
893.133 115.507 0.427 404.000 
893.052 115.666 0.431 420.000 
893.012 115.825 0.436 420.000 
892.972 115.985 0.438 420.000 
892.932 116.184 0.441 436.000 
892.892 116.343 0.444 452.000 
892.812 116.502 0.445 452.000 
892.692 116.701 0.447 452.000 

892.735 116.761 0.385 291
892.654 116.881 0.388 291
892.574 117.080 0.391 307
892.454 117.239 0.392 307
892.374 117.398 0.394 323
892.254 117.597 0.396 323
892.174 117.756 0.398 340
892.094 117.916 0.401 340
892.013 118.115 0.403 340
891.933 118.274 0.405 356
891.853 118.473 0.408 356
891.773 118.672 0.411 372
891.733 118.831 0.413 372
891.693 119.030 0.416 372
891.613 119.189 0.418 388
891.613 119.349 0.421 404
891.573 119.548 0.425 404
891.533 119.707 0.427 404
891.452 119.866 0.431 420
891.412 120.025 0.436 420
891.372 120.185 0.438 420
891.332 120.384 0.441 436
891.292 120.543 0.444 452
891.212 120.702 0.445 452
891.092 120.901 0.447 452
891.052 121.060 0.449 468
890.972 121.220 0.450 485
890.932 121.379 0.452 485
890.811 121.538 0.453 485
890.771 121.697 0.456 501
890.731 121.817 0.457 501
890.651 122.016 0.458 501
890.571 122.175 0.461 517
890.491 122.334 0.463 533
890.451 122.494 0.464 533
890.371 122.653 0.466 533
890.291 122.812 0.466 549
890.210 122.971 0.467 549
890.170 123.170 0.468 565
890.130 123.290 0.468 565
890.090 123.449 0.468 581
890.050 123.568 0.469 581
890.050 123.688 0.469 581
890.010 123.807 0.469 598
890.010 123.927 0.469 598
889.970 124.046 0.469 614
889.970 124.165 0.469 614
889.930 124.285 0.470 614
889.930 124.365 0.470 630
889.890 124.484 0.470 647
889.810 124.643 0.470 647
889.770 124.723 0.470 647
889.730 124.842 0.470 663
889.690 124.962 0.470 663
889.649 125.081 0.471 663
889.609 125.201 0.471 679
889.569 125.320 0.471 695
889.529 125.479 0.471 695
889.489 125.599 0.473 695
889.449 125.718 0.473 714
889.449 125.837 0.473 714
889.409 125.957 0.473 714
889.369 126.076 0.473 730
889.329 126.156 0.474 730
889.249 126.275 0.474 747
889.209 126.355 0.474 747
889.169 126.435 0.475 763
889.129 126.554 0.475 763
889.129 126.634 0.476 779
889.088 126.713 0.478 779
889.048 126.793 0.478 779
889.008 126.912 0.479 795
888.968 126.992 0.480 795
888.928 127.072 0.480 795
888.888 127.191 0.481 811
888.848 127.271 0.481 827
888.848 127.390 0.481 827
888.808 127.509 0.482 827
888.768 127.629 0.482 844
888.728 127.708 0.482 860
888.688 127.828 0.482 860
888.688 127.947 0.483 860
888.648 128.027 0.483 876
888.608 128.107 0.483 876
888.608 128.226 0.483 876
888.568 128.306 0.483 892
888.528 128.425 0.484 908
888.487 128.505 0.483 908
888.447 128.584 0.483 908
888.407 128.664 0.484 924
888.407 128.743 0.484 924
888.407 128.823 0.484 940
888.367 128.903 0.484 940
888.367 128.982 0.484 940
888.367 129.062 0.484 957
888.367 129.142 0.484 973
888.327 129.181 0.484 973
888.327 129.301 0.484 973
888.327 129.380 0.485 989
888.287 129.460 0.484 989
888.287 129.579 0.485 989
888.247 129.659 0.485 1005
888.207 129.778 0.485 1021
888.167 129.858 0.485 1021
888.127 129.938 0.485 1021
888.127 130.017 0.485 1038
888.087 130.097 0.485 1054
888.047 130.216 0.485 1054
888.007 130.296 0.485 1054
888.007 130.336 0.486 1070
887.967 130.415 0.485 1070
887.967 130.495 0.486 1070
887.967 130.535 0.486 1086
887.927 130.614 0.485 1103
887.927 130.694 0.486 1103
887.886 130.774 0.486 1103
887.886 130.853 0.485 1119
887.846 130.973 0.486 1119
887.766 131.052 0.486 1135
887.766 131.172 0.486 1135
887.686 131.291 0.486 1135
887.686 131.371 0.486 1151
887.606 131.450 0.486 1151
887.526 131.570 0.486 1151
887.486 131.649 0.486 1167
887.486 131.729 0.486 1183
887.446 131.809 0.486 1183
887.406 131.888 0.486 1183
887.366 131.968 0.486 1199
887.326 132.048 0.486 1216
887.326 132.127 0.486 1216
887.285 132.207 0.486 1216
887.285 132.326 0.486 1232
887.245 132.406 0.486 1232
887.205 132.525 0.486 1232
887.205 132.605 0.486 1248
887.165 132.685 0.486 1264
887.125 132.764 0.486 1264
887.085 132.844 0.486 1264
887.045 132.923 0.486 1280
887.005 133.003 0.487 1280
886.965 133.083 0.486 1297
886.965 133.162 0.487 1297
886.925 133.242 0.487 1297
886.885 133.321 0.486 1313
886.885 133.401 0.487 1329
886.845 133.481 0.487 1329
886.805 133.560 0.486 1329
886.765 133.600 0.487 1345
886.765 133.680 0.487 1345
886.724 133.759 0.486 1345
886.684 133.839 0.487 1361
886.684 133.919 0.486 1377
886.644 134.038 0.486 1377
886.644 134.157 0.487 1377
886.604 134.277 0.486 1393
886.604 134.356 0.487 1393
886.604 134.476 0.487 1410
886.564 134.555 0.486 1410
886.524 134.675 0.487 1426
886.484 134.755 0.487 1426
886.444 134.874 0.487 1426
886.404 134.993 0.487 1442
886.364 135.073 0.487 1442
886.324 135.153 0.487 1458
886.324 135.232 0.487 1458
886.284 135.312 0.487 1458
886.244 135.391 0.487 1474
886.204 135.471 0.487 1490
886.164 135.551 0.487 1490
886.164 135.670 0.487 1490
886.124 135.750 0.487 1507
886.083 135.829 0.487 1507
886.083 135.949 0.487 1507
886.043 136.028 0.487 1523
886.003 136.148 0.487 1539
886.003 136.227 0.487 1539
886.003 136.307 0.487 1539
886.003 136.387 0.487 1555
886.003 136.466 0.487 1555
886.003 136.546 0.487 1571
885.963 136.626 0.487 1571
885.963 136.665 0.487 1588
885.923 136.745 0.487 1588
885.883 136.825 0.487 1604
885.843 136.904 0.487 1604
885.843 137.024 0.487 1604
885.803 137.103 0.487 1620
885.763 137.223 0.487 1620
885.723 137.302 0.487 1636
885.683 137.382 0.487 1636
885.683 137.461 0.487 1652
885.643 137.541 0.487 1652
885.643 137.621 0.487 1652
885.603 137.661 0.487 1669
885.563 137.740 0.487 1685
885.523 137.820 0.487 1685
885.523 137.899 0.487 1685
885.482 137.939 0.487 1701
885.442 138.019 0.488 1701
885.442 138.098 0.487 1701
885.442 138.178 0.487 1717
885.402 138.258 0.487 1734
885.362 138.337 0.487 1734
885.322 138.417 0.487 1734
885.282 138.496 0.487 1750
885.242 138.576 0.488 1750
885.202 138.616 0.488 1766
885.162 138.695 0.488 1766
885.082 138.775 0.487 1766
885.082 138.855 0.488 1782
885.002 138.934 0.488 1782
885.002 139.054 0.487 1798
884.962 139.133 0.488 1798
884.922 139.253 0.487 1814
884.881 139.332 0.487 1814
884.841 139.452 0.488 1814
884.801 139.531 0.487 1831
884.761 139.651 0.488 1847
884.761 139.691 0.488 1847
884.721 139.770 0.488 1847
884.721 139.850 0.488 1863
884.681 139.930 0.487 1863
884.681 139.969 0.488 1863
884.641 140.049 0.488 1879
884.601 140.129 0.487 1895
884.601 140.208 0.487 1895
884.561 140.288 0.488 1895
884.521 140.407 0.488 1911
884.481 140.487 0.488 1927
884.481 140.606 0.488 1927
884.441 140.686 0.488 1927
884.401 140.805 0.488 1943
884.361 140.885 0.488 1943
884.320 140.965 0.488 1960
884.280 141.084 0.488 1960
884.240 141.164 0.488 1960
884.200 141.283 0.488 1976
884.200 141.363 0.488 1976
884.120 141.482 0.488 1976
884.120 141.562 0.488 1992
884.080 141.641 0.488 2008
884.040 141.761 0.488 2008
884.000 141.840 0.488 2008
883.960 142.000 0.488 2024
883.880 142.079 0.488 2041
883.880 142.159 0.488 2041
883.840 142.278 0.488 2041
883.800 142.358 0.488 2057
883.760 142.477 0.488 2057
883.760 142.557 0.488 2057
883.720 142.637 0.488 2073
883.679 142.716 0.489 2089
883.639 142.836 0.488 2089
883.639 142.915 0.488 2089
883.599 142.995 0.489 2106
883.519 143.114 0.489 2106
883.519 143.194 0.488 2122
883.439 143.313 0.489 2122
883.399 143.393 0.488 2122
883.319 143.512 0.489 2138
883.279 143.632 0.489 2138
883.239 143.711 0.488 2138
883.159 143.831 0.489 2154
883.119 143.910 0.489 2171
883.078 144.030 0.489 2171
883.078 144.109 0.489 2171
883.038 144.189 0.489 2187
882.998 144.348 0.489 2203
882.998 144.428 0.489 2203
882.958 144.508 0.489 2203
882.918 144.627 0.489 2219
882.878 144.707 0.489 2219
882.838 144.786 0.489 2219
882.798 144.906 0.489 2235
882.758 145.065 0.490 2235
882.718 145.184 0.489 2252
882.638 145.304 0.489 2252
882.598 145.463 0.490 2268
882.558 145.582 0.490 2268
882.477 145.742 0.490 2284
882.437 145.861 0.490 2284
882.357 145.980 0.490 2284
882.317 146.100 0.490 2300
882.237 146.219 0.490 2316
882.197 146.339 0.490 2316
882.157 146.418 0.491 2316
882.117 146.538 0.491 2333
882.077 146.697 0.491 2333
882.037 146.777 0.492 2333
881.997 146.896 0.493 2349
881.917 147.015 0.493 2365
881.876 147.095 0.494 2365
881.836 147.214 0.494 2365
881.796 147.374 0.494 2381
881.716 147.493 0.495 2397
881.676 147.613 0.495 2397
881.636 147.732 0.496 2397
881.596 147.851 0.496 2413
881.556 147.971 0.496 2413
881.476 148.090 0.496 2413
881.436 148.210 0.496 2430
881.396 148.329 0.496 2430
881.316 148.449 0.497 2446
881.316 148.528 0.497 2446
881.235 148.648 0.497 2462
881.195 148.727 0.497 2462
881.155 148.847 0.498 2478
881.115 148.966 0.498 2478
881.075 149.086 0.499 2478
881.035 149.205 0.499 2494
880.995 149.324 0.500 2494
880.955 149.404 0.500 2494
880.915 149.523 0.500 2510
880.875 149.603 0.500 2526
880.835 149.722 0.500 2526
880.795 149.802 0.500 2526
880.755 149.922 0.501 2543
880.715 150.001 0.501 2559
880.674 150.121 0.502 2559
880.674 150.200 0.503 2559
880.634 150.320 0.503 2575
880.594 150.399 0.503 2575
880.554 150.479 0.504 2575
880.514 150.598 0.504 2591
880.474 150.678 0.505 2607
880.434 150.797 0.506 2607
880.394 150.877 0.507 2607
880.354 150.956 0.508 2623
880.314 151.076 0.508 2623
880.314 151.195 0.508 2639
880.274 151.315 0.509 2639
880.234 151.434 0.509 2639
880.194 151.554 0.509 2656
880.154 151.673 0.509 2656
880.154 151.753 0.509 2672
880.114 151.832 0.510 2672
880.073 151.912 0.510 2688
879.993 151.992 0.510 2688
879.993 152.111 0.511 2688
879.913 152.191 0.511 2704
879.913 152.270 0.511 2720
879.873 152.350 0.512 2720
879.793 152.429 0.512 2720
879.753 152.549 0.512 2737
879.713 152.628 0.512 2737
879.673 152.748 0.512 2737
879.633 152.867 0.512 2753
879.593 152.947 0.513 2769
879.593 153.027 0.512 2769
879.513 153.106 0.513 2769
879.513 153.186 0.513 2785
879.472 153.265 0.513 2801
879.432 153.385 0.513 2801
879.392 153.464 0.513 2801
879.352 153.544 0.513 2817
879.352 153.663 0.513 2817
879.312 153.783 0.513 2817
879.272 153.902 0.513 2833
879.272 154.022 0.514 2833
879.232 154.141 0.513 2850
879.152 154.221 0.514 2850
879.112 154.340 0.514 2866
879.112 154.420 0.514 2866
879.032 154.539 0.514 2882
878.992 154.619 0.514 2882
878.952 154.698 0.514 2882
878.911 154.818 0.514 2898
878.911 154.898 0.514 2898
878.871 154.977 0.514 2898
878.871 155.057 0.514 2914
878.871 155.176 0.514 2930
878.871 155.256 0.514 2930
878.831 155.335 0.514 2930
878.791 155.415 0.514 2946
878.791 155.534 0.514 2962
878.751 155.614 0.515 2962
878.711 155.734 0.514 2962
878.671 155.853 0.514 2978
878.671 155.972 0.515 2978
878.631 156.092 0.514 2978
878.631 156.211 0.514 2995
878.591 156.331 0.515 3011
878.591 156.410 0.514 3011
878.591 156.530 0.515 3011
878.551 156.609 0.515 3027
878.511 156.729 0.515 3027
878.471 156.848 0.515 3043
878.431 156.928 0.515 3043
878.391 157.007 0.515 3059
878.351 157.127 0.515 3059
878.351 157.206 0.515 3059
878.311 157.246 0.515 3075
878.311 157.326 0.515 3075
878.190 157.405 0.515 3091
878.190 157.485 0.515 3091
878.190 157.525 0.515 3091
878.150 157.604 0.515 3108
878.110 157.684 0.515 3124
878.070 157.724 0.516 3124
878.030 157.804 0.515 3124
877.990 157.883 0.515 3140
877.950 157.923 0.515 3140
877.910 158.003 0.515 3140
877.910 158.042 0.515 3156
877.870 158.122 0.516 3172
877.830 158.202 0.515 3172
877.830 158.241 0.515 3172
877.790 158.321 0.515 3188
877.750 158.401 0.515 3188
877.750 158.440 0.516 3205
877.709 158.560 0.515 3205
877.669 158.640 0.515 3221
877.629 158.719 0.516 3221
877.589 158.799 0.515 3237
877.589 158.878 0.515 3237
877.549 158.958 0.516 3237
877.509 159.038 0.515 3253
877.469 159.117 0.516 3253
877.469 159.157 0.515 3269
877.429 159.237 0.515 3269
877.389 159.316 0.516 3286
877.349 159.396 0.516 3286
877.349 159.436 0.516 3286
877.309 159.515 0.516 3302
877.269 159.595 0.516 3318
877.229 159.714 0.516 3318
877.189 159.794 0.516 3318
877.189 159.874 0.516 3334
877.149 159.953 0.516 3334
877.109 160.073 0.516 3334
877.109 160.152 0.515 3350
877.068 160.232 0.516 3366
877.028 160.311 0.516 3366
876.988 160.391 0.515 3366
876.988 160.471 0.516 3383
876.988 160.550 0.516 3383
876.948 160.630 0.515 3399
876.908 160.710 0.516 3399
876.908 160.789 0.516 3415
876.908 160.909 0.516 3415
876.868 160.988 0.516 3415
876.828 161.068 0.516 3431
876.788 161.147 0.516 3431
876.788 161.227 0.516 3447
876.748 161.307 0.516 3447
876.708 161.426 0.516 3447
876.668 161.506 0.516 3463
876.628 161.585 0.516 3479
876.628 161.665 0.516 3479
876.588 161.745 0.516 3479
876.548 161.824 0.516 3496
876.548 161.904 0.516 3496
876.508 161.983 0.516 3496
876.508 162.103 0.516 3512
876.467 162.182 0.516 3528
876.427 162.262 0.516 3528
876.387 162.381 0.516 3528
876.307 162.501 0.516 3544
876.267 162.581 0.516 3560
876.187 162.700 0.516 3560
876.187 162.780 0.516 3560
876.147 162.899 0.516 3577
876.107 163.018 0.516 3577
876.067 163.098 0.516 3577
876.067 163.257 0.516 3593
876.027 163.337 0.516 3593
875.987 163.456 0.516 3609
875.947 163.576 0.516 3609
875.907 163.655 0.516 3625
875.907 163.775 0.516 3625
875.866 163.854 0.516 3641
875.826 163.974 0.516 3641
875.786 164.093 0.516 3641
875.746 164.173 0.516 3657
875.706 164.292 0.517 3657
875.666 164.372 0.516 3657
875.626 164.491 0.516 3673
875.586 164.611 0.517 3690
875.546 164.690 0.516 3690
875.506 164.770 0.516 3690
875.466 164.889 0.516 3706
875.426 164.969 0.516 3722
875.386 165.088 0.516 3722
875.346 165.168 0.517 3722
875.305 165.248 0.516 3738
875.265 165.327 0.517 3755
875.225 165.407 0.517 3755
875.145 165.526 0.516 3755
875.105 165.646 0.517 3771
875.065 165.725 0.516 3771
875.025 165.845 0.517 3771
874.985 165.924 0.517 3788
874.945 166.004 0.516 3788
874.905 166.123 0.517 3804
874.865 166.243 0.517 3804
874.825 166.362 0.516 3804
874.785 166.482 0.517 3820
874.705 166.601 0.517 3836
874.664 166.721 0.516 3836
874.624 166.840 0.517 3836
874.584 166.959 0.517 3853
874.544 167.079 0.516 3853
874.504 167.198 0.517 3853
874.464 167.318 0.516 3869
874.384 167.397 0.517 3885
874.344 167.517 0.517 3885
874.304 167.636 0.517 3885
874.264 167.756 0.517 3901
874.224 167.875 0.517 3901
874.184 168.034 0.516 3917
874.144 168.154 0.517 3917
874.104 168.273 0.517 3917
874.063 168.393 0.517 3933
873.983 168.512 0.517 3949
873.943 168.631 0.517 3949
873.863 168.751 0.517 3949
873.863 168.870 0.517 3966
873.783 168.990 0.517 3966
873.743 169.109 0.517 3966
873.703 169.229 0.517 3982
873.663 169.348 0.517 3998
873.623 169.507 0.517 3998
873.583 169.627 0.517 3998
873.503 169.746 0.517 4014
873.462 169.905 0.517 4030
873.382 170.025 0.517 4030
873.342 170.144 0.517 4030
873.262 170.303 0.517 4046
873.222 170.463 0.517 4046
873.142 170.622 0.517 4046
873.102 170.741 0.517 4063
873.022 170.861 0.517 4063
872.982 171.020 0.517 4079
872.942 171.139 0.517 4079
872.861 171.219 0.517 4079
872.821 171.338 0.517 4095
872.741 171.498 0.517 4111
872.661 171.617 0.517 4111
872.581 171.776 0.517 4111
872.501 171.935 0.517 4128
872.421 172.055 0.517 4144
872.300 172.214 0.517 4144
872.260 172.373 0.517 4144
872.180 172.493 0.517 4160
872.100 172.652 0.517 4160
872.020 172.811 0.517 4160
871.940 172.931 0.517 4176
871.900 173.010 0.517 4192
871.780 173.130 0.517 4192
871.740 173.249 0.517 4192
871.659 173.329 0.518 4209
871.579 173.448 0.517 4209
871.499 173.568 0.518 4225
871.419 173.687 0.518 4225
871.379 173.806 0.517 4225
871.299 173.926 0.517 4241
871.219 174.085 0.517 4241
871.139 174.205 0.517 4241
871.058 174.324 0.518 4257
870.978 174.483 0.517 4273
870.898 174.603 0.518 4273
870.858 174.762 0.518 4273
870.738 174.881 0.517 4289
870.698 175.041 0.518 4306
870.578 175.200 0.518 4306
870.497 175.319 0.517 4306
870.417 175.439 0.518 4322
870.297 175.558 0.519 4322
870.217 175.717 0.517 4322
870.137 175.837 0.518 4338
870.057 175.956 0.518 4354
869.937 176.115 0.517 4354
869.816 176.195 0.518 4354
869.736 176.314 0.518 4370
869.616 176.434 0.517 4370
869.536 176.553 0.518 4386
869.416 176.673 0.518 4386
869.336 176.792 0.518 4386
869.255 176.912 0.518 4403
869.175 177.031 0.517 4403
869.095 177.150 0.518 4420
868.975 177.270 0.518 4420
868.935 177.349 0.518 4436
868.855 177.469 0.518 4436
868.775 177.588 0.518 4436
868.694 177.708 0.517 4452
868.614 177.748 0.518 4468
868.534 177.867 0.518 4468
868.454 177.947 0.517 4468
868.374 178.066 0.518 4484
868.294 178.146 0.518 4484
868.214 178.265 0.517 4484
868.134 178.345 0.519 4500
868.053 178.464 0.517 4516
867.973 178.544 0.518 4516
867.853 178.663 0.518 4516
867.733 178.743 0.518 4533
867.653 178.862 0.518 4533
867.533 178.982 0.519 4549
867.452 179.061 0.517 4549
867.292 179.181 0.518 4565
867.212 179.260 0.518 4565
867.132 179.340 0.518 4565
867.052 179.419 0.518 4581
866.972 179.539 0.518 4581
866.932 179.618 0.518 4597
866.851 179.658 0.518 4597
866.771 179.738 0.518 4597
866.731 179.778 0.518 4613
866.651 179.857 0.518 4629
866.611 179.897 0.518 4629
866.531 180.017 0.518 4629
866.451 180.096 0.518 4646
866.411 180.176 0.518 4662
866.331 180.216 0.518 4662
866.250 180.335 0.519 4662
866.170 180.375 0.518 4678
866.090 180.454 0.519 4678
866.010 180.534 0.518 4678
865.890 180.574 0.518 4694
865.810 180.654 0.519 4710
865.730 180.733 0.518 4710
865.649 180.813 0.518 4710
865.529 180.892 0.518 4727
865.449 180.972 0.518 4727
865.369 181.012 0.518 4743
865.289 181.091 0.519 4743
865.209 181.171 0.518 4743
865.129 181.211 0.519 4759
865.048 181.251 0.518 4759
864.928 181.290 0.518 4775
864.888 181.370 0.518 4775
864.808 181.410 0.518 4791
864.688 181.490 0.518 4791
864.608 181.569 0.518 4791
864.487 181.649 0.518 4807
864.407 181.728 0.518 4823
864.287 181.768 0.519 4823
864.207 181.848 0.519 4823
864.127 181.888 0.518 4839
864.087 181.967 0.519 4839
864.007 182.007 0.518 4839
863.927 182.087 0.519 4856
863.846 182.166 0.519 4872
863.766 182.206 0.519 4872
863.686 182.246 0.519 4872
863.606 182.286 0.519 4888
863.526 182.365 0.518 4888
863.486 182.405 0.518 4904
863.366 182.405 0.518 4904
863.326 182.445 0.518 4920
863.245 182.485 0.519 4920
863.205 182.525 0.518 4920
863.125 182.564 0.518 4937
863.045 182.604 0.519 4937
862.965 182.644 0.519 4953
862.885 182.684 0.519 4953
862.845 182.763 0.519 4969
862.765 182.763 0.519 4969
862.725 182.843 0.519 4985
862.644 182.883 0.519 4985
862.604 182.923 0.519 4985
862.524 182.962 0.519 5002
862.444 183.042 0.519 5018
862.404 183.082 0.519 5018
862.324 183.122 0.519 5018
862.284 183.161 0.519 5034
862.204 183.201 0.519 5034
862.124 183.241 0.520 5034
862.083 183.241 0.520 5050
862.003 183.360 0.520 5067
861.963 183.400 0.521 5067
861.883 183.400 0.520 5067
861.803 183.440 0.522 5083
861.723 183.440 0.523 5083
861.643 183.480 0.522 5099
861.563 183.480 0.523 5099
861.402 183.480 0.524 5099
861.322 183.520 0.525 5115
861.242 183.520 0.528 5115
861.162 183.560 0.529 5131
861.082 183.599 0.530 5131
861.002 183.639 0.530 5147
860.962 183.679 0.532 5147
860.841 183.719 0.532 5147
860.761 183.759 0.532 5164
860.681 183.798 0.532 5180
860.601 183.838 0.533 5180
860.561 183.878 0.533 5180
860.481 183.878 0.533 5196
860.441 183.918 0.534 5196
860.361 183.918 0.535 5196
860.321 183.958 0.535 5212
860.240 183.958 0.537 5228
860.160 183.997 0.538 5228
860.120 184.037 0.538 5228
860.000 184.077 0.539 5244
859.920 184.117 0.539 5244
859.800 184.157 0.539 5261
859.760 184.236 0.540 5261
859.679 184.276 0.540 5277
859.599 184.316 0.540 5277
859.559 184.356 0.541 5277
859.479 184.395 0.541 5293
859.439 184.435 0.541 5293
859.359 184.475 0.542 5309
859.319 184.515 0.542 5309
859.239 184.555 0.543 5325
859.159 184.594 0.543 5325
859.119 184.634 0.543 5342
859.038 184.634 0.544 5342
858.998 184.674 0.545 5342
858.918 184.674 0.546 5359
858.838 184.674 0.547 5359
858.798 184.714 0.547 5359
858.718 184.794 0.548 5375
858.678 184.794 0.549 5391
858.598 184.833 0.550 5391
858.518 184.873 0.552 5391
858.437 184.873 0.554 5407
858.397 184.913 0.554 5407
858.317 184.913 0.556 5407
858.237 184.913 0.558 5423
858.157 184.953 0.559 5439
858.077 184.953 0.561 5439
857.997 184.953 0.562 5439
857.917 184.953 0.564 5455
857.836 184.953 0.565 5472
857.756 184.953 0.566 5472
857.676 184.993 0.567 5472
857.596 184.993 0.568 5488
857.516 184.993 0.569 5488
857.436 185.032 0.569 5504
857.356 185.032 0.571 5504
857.275 185.072 0.571 5504
857.195 185.072 0.571 5520
857.115 185.072 0.572 5520
857.075 185.112 0.572 5520
856.995 185.112 0.573 5537
856.915 185.112 0.575 5553
856.835 185.112 0.576 5553
856.795 185.112 0.578 5553
856.714 185.072 0.580 5569
856.634 185.072 0.581 5585
856.554 185.072 0.583 5585
856.474 185.072 0.584 5585
856.394 185.112 0.584 5601
856.314 185.112 0.585 5601
856.194 185.112 0.585 5601
856.114 185.112 0.586 5618
856.033 185.152 0.587 5634
855.993 185.152 0.587 5634
855.913 185.152 0.587 5634
855.833 185.152 0.587 5650
855.793 185.192 0.587 5650
855.713 185.192 0.588 5667
855.673 185.192 0.589 5667
855.593 185.152 0.590 5667
855.513 185.192 0.591 5683
855.432 185.192 0.592 5683
855.352 185.231 0.592 5699
855.272 185.231 0.594 5699
855.152 185.231 0.593 5715
855.112 185.271 0.594 5715
854.992 185.271 0.595 5715
854.912 185.271 0.595 5731
854.791 185.271 0.596 5748
854.751 185.231 0.597 5748
854.671 185.231 0.598 5748
854.631 185.231 0.599 5764
854.511 185.231 0.601 5764
854.431 185.192 0.601 5764
854.391 185.192 0.603 5780
854.270 185.192 0.604 5796
854.230 185.192 0.605 5796
854.150 185.192 0.607 5796
854.070 185.192 0.608 5813
854.030 185.231 0.609 5829
853.950 185.231 0.610 5829
853.870 185.192 0.611 5829
853.790 185.192 0.611 5845
853.710 185.192 0.613 5845
853.629 185.152 0.613 5845
853.549 185.152 0.614 5861
853.429 185.152 0.616 5861
853.349 185.112 0.616 5877
853.269 185.112 0.617 5877
853.149 185.112 0.618 5893
853.068 185.112 0.619 5893
853.028 185.072 0.620 5909
852.948 185.072 0.621 5909
852.868 185.072 0.621 5909
852.788 185.032 0.622 5926
852.748 185.032 0.622 5926
852.668 185.032 0.623 5926
852.588 185.032 0.624 5942
852.548 184.993 0.624 5958
852.467 184.993 0.625 5958
852.387 184.993 0.626 5958
852.307 184.993 0.627 5974
852.267 184.953 0.628 5990
852.187 184.953 0.628 5990
852.107 184.953 0.629 5990
852.027 184.953 0.630 6006
851.947 184.953 0.630 6006
851.866 184.913 0.630 6006
851.786 184.873 0.632 6023
851.746 184.833 0.632 6023
851.666 184.754 0.633 6039
851.586 184.714 0.634 6039
851.506 184.634 0.634 6055
851.426 184.594 0.635 6055
851.386 184.515 0.636 6071
851.306 184.475 0.636 6071
851.225 184.395 0.637 6071
851.145 184.316 0.638 6087
851.065 184.276 0.638 6087
850.985 184.196 0.638 6103
850.905 184.157 0.639 6103
850.825 184.117 0.639 6120
850.705 184.037 0.639 6120
850.624 183.997 0.639 6120
850.544 183.958 0.640 6136
850.464 183.958 0.641 6152
850.384 183.918 0.641 6152
850.304 183.838 0.642 6152
850.184 183.798 0.643 6168
850.103 183.759 0.642 6168
850.023 183.719 0.643 6168
849.903 183.679 0.644 6185
849.823 183.599 0.644 6201
849.743 183.560 0.644 6201
849.623 183.480 0.645 6201
849.583 183.400 0.645 6217
849.462 183.321 0.647 6217
849.422 183.241 0.647 6233
849.342 183.161 0.647 6233
849.302 183.082 0.648 6249
849.262 183.002 0.648 6249
849.182 182.923 0.649 6249
849.142 182.843 0.649 6266
849.102 182.763 0.649 6266
849.062 182.724 0.650 6282
849.022 182.684 0.650 6282
848.942 182.604 0.650 6282
848.901 182.564 0.651 6298
848.861 182.525 0.651 6314
848.821 182.405 0.651 6314
848.741 182.365 0.652 6314
848.701 182.286 0.652 6330
848.661 182.246 0.652 6347
848.581 182.166 0.652 6347
848.541 182.087 0.652 6347
848.461 182.047 0.652 6363
848.421 181.967 0.653 6363
848.341 181.888 0.653 6363
848.260 181.848 0.653 6379
848.220 181.768 0.654 6379
848.180 181.689 0.653 6395
848.140 181.609 0.654 6395
848.100 181.529 0.654 6411
848.060 181.450 0.654 6411
848.020 181.370 0.654 6427
847.980 181.290 0.655 6427
847.940 181.211 0.655 6427
847.900 181.091 0.656 6443
847.900 181.012 0.655 6460
847.860 180.932 0.655 6460
847.820 180.813 0.656 6460
847.820 180.733 0.656 6476
847.780 180.614 0.656 6476
847.780 180.534 0.656 6476
847.740 180.454 0.656 6492
847.740 180.375 0.656 6508
847.699 180.295 0.657 6508
847.699 180.216 0.656 6508
847.659 180.136 0.657 6524
847.659 180.017 0.657 6524
847.619 179.897 0.657 6540
847.579 179.818 0.657 6540
847.579 179.738 0.657 6540
847.539 179.658 0.657 6556
847.499 179.579 0.657 6556
847.459 179.499 0.657 6573
847.459 179.419 0.657 6573
847.419 179.340 0.658 6589
847.379 179.260 0.658 6589
847.379 179.141 0.657 6589
847.379 179.061 0.658 6605
847.339 178.942 0.657 6621
847.339 178.822 0.658 6621
847.299 178.703 0.658 6621
847.299 178.623 0.658 6637
847.259 178.504 0.658 6637
847.219 178.424 0.658 6637
847.179 178.345 0.658 6653
847.179 178.225 0.658 6669
847.139 178.146 0.658 6669
847.139 178.066 0.658 6669
847.139 177.986 0.658 6686
847.139 177.907 0.658 6686
847.139 177.867 0.659 6702
847.139 177.787 0.659 6702
847.139 177.668 0.659 6702
847.139 177.588 0.659 6718
847.139 177.469 0.659 6734
847.139 177.349 0.659 6734
847.139 177.190 0.659 6750
847.139 177.071 0.659 6750
847.139 176.951 0.660 6750
847.139 176.832 0.660 6766
847.139 176.713 0.659 6783
847.139 176.633 0.660 6783
847.139 176.553 0.659 6783
847.139 176.434 0.660 6799
847.139 176.354 0.660 6815
847.139 176.235 0.660 6815
847.139 176.115 0.660 6815
847.139 175.956 0.660 6831
847.139 175.837 0.660 6831
847.139 175.717 0.660 6831
847.139 175.598 0.660 6848
847.139 175.518 0.660 6848
847.139 175.319 0.660 6864
847.139 175.200 0.660 6864
847.179 175.080 0.660 6880
847.179 174.961 0.660 6880
847.179 174.802 0.660 6896
847.179 174.722 0.660 6896
847.179 174.603 0.660 6896
847.179 174.523 0.660 6912
847.179 174.443 0.660 6912
847.179 174.364 0.660 6912
847.179 174.284 0.660 6929
847.179 174.165 0.660 6945
847.179 174.085 0.661 6945
847.219 173.966 0.660 6945
847.219 173.886 0.660 6961
847.259 173.806 0.660 6977
847.259 173.727 0.660 6977
847.299 173.647 0.660 6977
847.299 173.528 0.660 6993
847.339 173.448 0.660 6993
847.339 173.369 0.661 7009
847.339 173.249 0.660 7009
847.379 173.130 0.660 7025
847.379 173.010 0.660 7025
847.419 172.851 0.660 7025
847.459 172.732 0.660 7041
847.499 172.612 0.661 7041
847.499 172.493 0.660 7058
847.539 172.373 0.660 7058
847.539 172.254 0.661 7058
847.579 172.095 0.660 7074
847.579 171.975 0.661 7090
847.619 171.816 0.660 7090
847.619 171.697 0.660 7090


% x_coordinate y_coordinate pressure time
% shape 1, 622 points

871.539 121.575 0.330 113.000 
871.459 121.575 0.338 113.000 
871.419 121.575 0.344 113.000 
871.339 121.615 0.350 129.000 
871.299 121.615 0.357 129.000 
871.219 121.655 0.364 145.000 
871.139 121.655 0.370 145.000 
871.058 121.655 0.375 161.000 
870.938 121.655 0.383 161.000 
870.858 121.695 0.392 177.000 
870.738 121.695 0.398 177.000 
870.618 121.695 0.405 177.000 
870.497 121.695 0.413 194.000 
870.377 121.695 0.420 194.000 
870.257 121.695 0.428 194.000 
870.137 121.695 0.436 210.000 
870.017 121.695 0.443 226.000 
869.896 121.695 0.447 226.000 
869.776 121.695 0.450 226.000 
869.616 121.695 0.451 242.000 
869.496 121.695 0.454 258.000 
869.376 121.695 0.457 258.000 
869.215 121.655 0.458 258.000 
869.095 121.575 0.465 274.000 
868.935 121.535 0.472 274.000 
868.815 121.456 0.478 274.000 
868.694 121.376 0.486 292.000 
868.614 121.257 0.492 292.000 
868.494 121.177 0.496 308.000 
868.414 121.058 0.500 308.000 
868.334 120.978 0.505 325.000 
868.254 120.898 0.509 325.000 
868.174 120.819 0.512 325.000 
868.053 120.739 0.514 341.000 
867.973 120.660 0.517 341.000 
867.853 120.580 0.521 357.000 
867.773 120.500 0.524 357.000 
867.693 120.421 0.527 373.000 
867.613 120.261 0.531 373.000 
867.573 120.182 0.533 389.000 
867.492 120.102 0.536 389.000 
867.412 119.983 0.538 389.000 
867.372 119.903 0.539 406.000 
867.292 119.823 0.540 406.000 
867.212 119.744 0.541 406.000 
867.172 119.624 0.541 422.000 
867.092 119.505 0.542 438.000 
867.052 119.386 0.543 438.000 
867.012 119.266 0.543 438.000 
866.972 119.147 0.544 454.000 
866.932 119.027 0.545 470.000 
866.932 118.908 0.547 470.000 
866.891 118.788 0.548 470.000 
866.891 118.709 0.548 487.000 
866.891 118.589 0.549 487.000 
866.851 118.510 0.550 487.000 
866.851 118.390 0.551 503.000 
866.851 118.311 0.552 503.000 
866.851 118.231 0.552 519.000 
866.851 118.152 0.553 519.000 
866.851 117.992 0.554 535.000 
866.851 117.913 0.554 535.000 
866.851 117.793 0.555 551.000 
866.851 117.674 0.555 551.000 
866.851 117.594 0.556 551.000 
866.851 117.515 0.556 567.000 
866.891 117.395 0.557 583.000 
866.972 117.276 0.557 583.000 
867.052 117.196 0.558 583.000 
867.092 117.117 0.560 599.000 
867.172 117.037 0.560 599.000 
867.212 116.957 0.561 599.000 
867.252 116.878 0.561 616.000 
867.332 116.838 0.561 632.000 
867.372 116.798 0.562 632.000 
867.412 116.718 0.562 632.000 
867.533 116.679 0.561 648.000 
867.613 116.599 0.561 648.000 
867.653 116.559 0.562 664.000 
867.773 116.480 0.562 664.000 
867.853 116.400 0.562 680.000 
867.933 116.320 0.562 680.000 
868.053 116.281 0.561 680.000 
868.134 116.201 0.563 697.000 
868.214 116.161 0.562 697.000 
868.294 116.161 0.561 713.000 
868.374 116.121 0.562 713.000 
868.454 116.121 0.562 713.000 
868.534 116.121 0.562 729.000 
868.614 116.121 0.562 745.000 
868.735 116.082 0.562 745.000 
868.815 116.082 0.563 745.000 
868.935 116.042 0.562 761.000 
869.015 116.002 0.562 761.000 
869.095 115.922 0.562 761.000 
869.215 115.882 0.562 778.000 
869.296 115.803 0.562 794.000 
869.416 115.723 0.562 794.000 
869.496 115.644 0.562 794.000 
869.616 115.564 0.562 810.000 
869.696 115.524 0.563 810.000 
869.776 115.484 0.563 826.000 
869.896 115.484 0.563 826.000 
869.977 115.445 0.562 842.000 
870.057 115.445 0.562 842.000 
870.137 115.405 0.563 858.000 
870.217 115.405 0.562 858.000 
870.337 115.365 0.562 858.000 
870.417 115.365 0.563 874.000 
870.497 115.325 0.562 874.000 
870.618 115.285 0.563 874.000 
870.738 115.246 0.564 890.000 
870.858 115.206 0.563 907.000 
870.938 115.166 0.563 907.000 
871.058 115.126 0.563 907.000 
871.139 115.086 0.563 923.000 
871.259 115.086 0.564 939.000 
871.339 115.086 0.563 939.000 
871.459 115.086 0.563 939.000 
871.579 115.086 0.563 955.000 
871.659 115.086 0.563 955.000 
871.740 115.086 0.563 955.000 
871.860 115.086 0.563 971.000 
871.980 115.086 0.563 987.000 
872.100 115.086 0.563 987.000 
872.260 115.046 0.563 987.000 
872.421 115.046 0.563 1004.000 
872.541 115.000 0.563 1004.000 
872.701 115.000 0.563 1020.000 
872.821 115.000 0.563 1020.000 
872.942 115.000 0.563 1020.000 
873.102 115.000 0.563 1036.000 
873.222 115.000 0.563 1036.000 
873.342 115.000 0.563 1052.000 
873.462 115.000 0.563 1052.000 
873.583 115.000 0.563 1068.000 
873.703 115.000 0.563 1068.000 
873.863 115.000 0.564 1068.000 
873.983 115.000 0.563 1085.000 
874.063 115.000 0.564 1101.000 
874.224 115.000 0.564 1101.000 
874.344 115.000 0.563 1101.000 
874.464 115.000 0.564 1117.000 
874.584 115.000 0.564 1117.000 
874.705 115.000 0.564 1117.000 
874.785 115.000 0.564 1133.000 
874.905 115.000 0.563 1149.000 
874.985 115.000 0.563 1149.000 
875.105 115.000 0.564 1149.000 
875.225 115.000 0.564 1166.000 
875.386 115.000 0.564 1166.000 
875.506 115.000 0.564 1182.000 
875.666 115.000 0.563 1182.000 
875.826 115.000 0.564 1198.000 
875.987 115.000 0.564 1198.000 
876.147 115.000 0.564 1214.000 
876.347 115.000 0.564 1214.000 
876.508 115.000 0.564 1214.000 
876.668 115.000 0.564 1230.000 
876.828 115.000 0.564 1230.000 
876.948 115.000 0.564 1230.000 
877.109 115.000 0.564 1246.000 
877.269 115.000 0.564 1262.000 
877.389 115.000 0.564 1262.000 
877.549 115.000 0.564 1262.000 
877.709 115.000 0.564 1278.000 
877.870 115.000 0.564 1295.000 
878.030 115.000 0.564 1295.000 
878.230 115.000 0.564 1295.000 
878.391 115.000 0.564 1311.000 
878.591 115.000 0.564 1311.000 
878.791 115.000 0.564 1311.000 
878.992 115.000 0.564 1327.000 
879.192 115.000 0.565 1343.000 
879.352 115.000 0.565 1343.000 
879.513 115.000 0.565 1343.000 
879.673 115.000 0.565 1359.000 
879.833 115.000 0.565 1359.000 
879.953 115.000 0.565 1375.000 
880.073 115.000 0.566 1375.000 
880.194 115.000 0.565 1375.000 
880.274 115.000 0.566 1392.000 
880.394 115.000 0.565 1392.000 
880.474 115.000 0.565 1408.000 
880.594 115.000 0.566 1408.000 
880.674 115.000 0.565 1424.000 
880.795 115.000 0.565 1424.000 
880.915 115.000 0.566 1424.000 
880.995 115.000 0.565 1440.000 
881.155 115.000 0.566 1456.000 
881.275 115.000 0.566 1456.000 
881.436 115.000 0.566 1456.000 
881.556 115.000 0.566 1472.000 
881.716 115.000 0.566 1472.000 
881.876 115.000 0.566 1472.000 
882.037 115.000 0.566 1489.000 
882.157 115.000 0.566 1505.000 
882.317 115.000 0.566 1505.000 
882.437 115.000 0.566 1505.000 
882.558 115.000 0.566 1521.000 
882.678 115.000 0.566 1537.000 
882.798 115.000 0.566 1537.000 
882.878 115.000 0.566 1537.000 
882.958 115.000 0.566 1553.000 
883.078 115.000 0.567 1553.000 
883.159 115.000 0.566 1553.000 
883.279 115.000 0.567 1570.000 
883.359 115.000 0.567 1570.000 
883.479 115.000 0.567 1586.000 
883.599 115.000 0.566 1586.000 
883.720 115.000 0.567 1602.000 
883.840 115.000 0.566 1602.000 
883.920 115.000 0.567 1618.000 
884.040 115.000 0.567 1618.000 
884.120 115.000 0.566 1618.000 
884.240 115.000 0.567 1634.000 
884.320 115.000 0.567 1634.000 
884.401 115.000 0.567 1634.000 
884.521 115.000 0.567 1650.000 
884.641 115.000 0.566 1666.000 
884.761 115.000 0.567 1666.000 
884.881 115.000 0.567 1666.000 
885.002 115.000 0.567 1682.000 
885.082 115.000 0.567 1699.000 
885.202 115.000 0.567 1699.000 
885.282 115.000 0.567 1699.000 
885.402 115.000 0.567 1715.000 
885.442 115.000 0.567 1715.000 
885.563 115.000 0.567 1715.000 
885.643 115.000 0.567 1731.000 
885.683 115.000 0.567 1747.000 
885.763 115.000 0.567 1747.000 
885.803 115.000 0.567 1747.000 
885.883 115.000 0.567 1764.000 
886.003 115.000 0.567 1764.000 
886.083 115.000 0.567 1780.000 
886.164 115.000 0.567 1780.000 
886.284 115.000 0.567 1780.000 
886.364 115.000 0.567 1796.000 
886.484 115.000 0.567 1796.000 
886.604 115.000 0.567 1812.000 
886.724 115.000 0.567 1812.000 
886.805 115.000 0.567 1828.000 
886.925 115.000 0.567 1828.000 
887.045 115.000 0.567 1828.000 
887.165 115.000 0.567 1845.000 
887.245 115.000 0.567 1861.000 
887.366 115.000 0.567 1861.000 
887.486 115.000 0.567 1861.000 
887.566 115.000 0.567 1877.000 
887.686 115.000 0.567 1877.000 
887.766 115.000 0.567 1877.000 
887.886 115.000 0.568 1893.000 
887.967 115.000 0.567 1909.000 
888.087 115.000 0.567 1909.000 
888.167 115.000 0.568 1909.000 
888.247 115.000 0.567 1926.000 
888.327 115.000 0.567 1926.000 
888.407 115.000 0.567 1942.000 
888.487 115.000 0.567 1942.000 
888.608 115.000 0.567 1958.000 
888.688 115.000 0.567 1958.000 
888.768 115.000 0.567 1958.000 
888.888 115.000 0.567 1974.000 
888.968 115.000 0.567 1974.000 
889.048 115.000 0.567 1990.000 
889.169 115.000 0.567 1990.000 
889.249 115.000 0.567 1990.000 
889.369 115.000 0.567 2006.000 
889.449 115.000 0.568 2022.000 
889.529 115.000 0.567 2022.000 
889.609 115.000 0.568 2022.000 
889.690 115.000 0.568 2039.000 
889.770 115.000 0.567 2055.000 
889.810 115.000 0.568 2055.000 
889.850 115.000 0.568 2055.000 
889.930 115.000 0.567 2071.000 
890.010 115.000 0.568 2071.000 
890.090 115.000 0.567 2071.000 
890.170 115.000 0.567 2087.000 
890.250 115.000 0.568 2103.000 
890.331 115.000 0.568 2103.000 
890.411 115.000 0.568 2103.000 
890.491 115.000 0.568 2119.000 
890.571 115.000 0.568 2119.000 
890.651 115.000 0.568 2136.000 
890.771 115.000 0.568 2136.000 
890.811 115.000 0.568 2136.000 
890.891 115.000 0.569 2152.000 
890.972 115.000 0.569 2152.000 
891.052 115.000 0.569 2168.000 
891.092 115.000 0.570 2168.000 
891.172 115.000 0.569 2184.000 
891.252 115.000 0.569 2184.000 
891.292 115.000 0.570 2184.000 
891.372 115.000 0.570 2200.000 
891.412 115.000 0.570 2217.000 
891.492 115.000 0.570 2217.000 
891.533 115.000 0.570 2217.000 
891.613 115.000 0.570 2233.000 
891.693 115.000 0.570 2233.000 
891.733 115.000 0.570 2233.000 
891.853 115.000 0.570 2249.000 
891.893 115.000 0.570 2265.000 
891.973 115.000 0.570 2265.000 
892.053 115.000 0.570 2265.000 
892.174 115.000 0.570 2282.000 
892.254 115.000 0.570 2282.000 
892.294 115.000 0.571 2298.000 
892.374 115.000 0.570 2298.000 
892.454 115.000 0.570 2314.000 
892.534 115.000 0.571 2314.000 
892.574 115.000 0.571 2314.000 
892.654 115.000 0.571 2330.000 
892.695 115.000 0.571 2330.000 
892.775 115.000 0.571 2346.000 
892.855 115.000 0.571 2346.000 
892.895 115.000 0.571 2346.000 
892.975 115.000 0.570 2362.000 
893.055 115.000 0.571 2379.000 
893.135 115.000 0.571 2379.000 
893.215 115.000 0.571 2379.000 
893.295 115.000 0.571 2395.000 
893.376 115.000 0.571 2411.000 
893.456 115.000 0.571 2411.000 
893.536 115.000 0.571 2411.000 
893.576 115.000 0.571 2427.000 
893.696 115.000 0.571 2427.000 
893.776 115.000 0.571 2427.000 
893.816 115.000 0.571 2443.000 
893.896 115.000 0.571 2459.000 
893.977 115.000 0.571 2459.000 
894.057 115.000 0.571 2459.000 
894.137 115.000 0.571 2476.000 
894.217 115.000 0.571 2476.000 
894.337 115.000 0.571 2492.000 
894.417 115.000 0.571 2492.000 
894.457 115.000 0.571 2492.000 
894.538 115.000 0.571 2508.000 
894.618 115.000 0.571 2508.000 
894.698 115.000 0.571 2508.000 
894.818 115.000 0.571 2524.000 
894.898 115.000 0.572 2541.000 
894.978 115.000 0.571 2541.000 
895.058 115.000 0.572 2541.000 
895.179 115.000 0.572 2557.000 
895.259 115.000 0.572 2573.000 
895.339 115.000 0.572 2573.000 
895.419 115.000 0.572 2573.000 
895.539 115.000 0.571 2589.000 
895.619 115.000 0.572 2589.000 
895.699 115.000 0.572 2589.000 
895.780 115.000 0.572 2606.000 
895.900 115.000 0.572 2622.000 
895.980 115.000 0.572 2622.000 
896.060 115.000 0.572 2622.000 
896.180 115.000 0.572 2638.000 
896.260 115.000 0.572 2638.000 
896.381 115.000 0.572 2654.000 
896.501 115.000 0.572 2654.000 
896.621 115.000 0.572 2654.000 
896.701 115.000 0.572 2671.000 
896.821 115.000 0.572 2671.000 
896.942 115.000 0.572 2687.000 
897.022 115.000 0.572 2687.000 
897.182 115.000 0.572 2703.000 
897.302 115.000 0.571 2703.000 
897.422 115.000 0.572 2703.000 
897.583 115.000 0.572 2719.000 
897.703 115.000 0.571 2735.000 
897.823 115.000 0.572 2735.000 
897.903 115.000 0.572 2735.000 
898.063 115.000 0.572 2752.000 
898.184 115.000 0.572 2752.000 
898.304 115.000 0.571 2752.000 
898.424 115.000 0.573 2768.000 
898.544 115.000 0.572 2784.000 
898.664 115.000 0.572 2784.000 
898.785 115.000 0.572 2784.000 
898.905 115.000 0.572 2800.000 
898.985 115.000 0.572 2816.000 
899.105 115.000 0.573 2816.000 
899.225 115.000 0.572 2816.000 
899.346 115.000 0.572 2832.000 
899.466 115.000 0.572 2832.000 
899.586 115.000 0.572 2832.000 
899.706 115.000 0.572 2849.000 
899.826 115.000 0.573 2849.000 
899.947 115.000 0.572 2865.000 
900.067 115.000 0.572 2865.000 
900.187 115.000 0.573 2865.000 
900.307 115.000 0.572 2881.000 
900.427 115.000 0.573 2897.000 
900.548 115.000 0.572 2897.000 
900.628 115.000 0.573 2897.000 
900.748 115.000 0.572 2913.000 
900.868 115.000 0.572 2913.000 
900.988 115.000 0.572 2913.000 
901.149 115.000 0.573 2930.000 
901.229 115.000 0.573 2946.000 
901.389 115.000 0.572 2946.000 
901.469 115.000 0.572 2946.000 
901.589 115.000 0.573 2962.000 
901.710 115.000 0.573 2962.000 
901.830 115.000 0.573 2978.000 
901.950 115.000 0.573 2978.000 
902.030 115.000 0.573 2994.000 
902.150 115.000 0.573 2994.000 
902.230 115.000 0.573 3010.000 
902.351 115.000 0.573 3010.000 
902.471 115.000 0.574 3010.000 
902.591 115.000 0.573 3026.000 
902.711 115.000 0.573 3026.000 
902.791 115.000 0.573 3026.000 
902.952 115.000 0.573 3043.000 
903.072 115.000 0.573 3059.000 
903.192 115.000 0.573 3059.000 
903.312 115.000 0.573 3059.000 
903.432 115.000 0.573 3075.000 
903.553 115.000 0.573 3091.000 
903.673 115.000 0.573 3091.000 
903.793 115.000 0.573 3091.000 
903.873 115.000 0.573 3107.000 
903.993 115.000 0.573 3107.000 
904.114 115.000 0.573 3107.000 
904.194 115.000 0.573 3123.000 
904.314 115.000 0.573 3140.000 
904.434 115.000 0.573 3140.000 
904.554 115.000 0.573 3140.000 
904.674 115.000 0.573 3156.000 
904.755 115.000 0.574 3156.000 
904.915 115.000 0.573 3172.000 
905.035 115.000 0.574 3172.000 
905.155 115.000 0.574 3188.000 
905.235 115.000 0.574 3188.000 
905.356 115.000 0.574 3188.000 
905.476 115.000 0.574 3204.000 
905.596 115.000 0.574 3204.000 
905.716 115.000 0.573 3220.000 
905.796 115.000 0.574 3220.000 
905.957 115.000 0.574 3236.000 
906.037 115.000 0.574 3236.000 
906.157 115.000 0.574 3253.000 
906.277 115.000 0.574 3253.000 
906.437 115.000 0.574 3253.000 
906.558 115.000 0.574 3269.000 
906.678 115.000 0.574 3269.000 
906.838 115.000 0.574 3269.000 
906.958 115.000 0.574 3285.000 
907.078 115.000 0.574 3301.000 
907.199 115.000 0.574 3301.000 
907.279 115.000 0.574 3301.000 
907.439 115.000 0.574 3317.000 
907.519 115.000 0.574 3333.000 
907.639 115.000 0.574 3333.000 
907.719 115.000 0.574 3333.000 
907.800 115.000 0.574 3349.000 
907.920 115.000 0.574 3349.000 
908.000 115.000 0.574 3366.000 
908.120 115.000 0.574 3366.000 
908.200 115.000 0.575 3366.000 
908.321 115.000 0.574 3382.000 
908.441 115.000 0.574 3382.000 
908.561 115.000 0.575 3398.000 
908.681 115.000 0.575 3398.000 
908.801 115.000 0.575 3414.000 
908.962 115.000 0.575 3414.000 
909.042 115.000 0.575 3414.000 
909.162 115.000 0.574 3430.000 
909.282 115.000 0.575 3447.000 
909.362 115.000 0.575 3447.000 
909.482 115.000 0.575 3447.000 
909.563 115.000 0.575 3463.000 
909.683 115.000 0.575 3463.000 
909.803 115.000 0.574 3463.000 
909.923 115.000 0.575 3479.000 
910.043 115.000 0.574 3495.000 
910.164 115.000 0.575 3495.000 
910.284 115.000 0.575 3495.000 
910.364 115.000 0.574 3511.000 
910.484 115.000 0.575 3511.000 
910.564 115.000 0.574 3527.000 
910.684 115.000 0.575 3527.000 
910.765 115.000 0.575 3527.000 
910.885 115.000 0.575 3544.000 
911.005 115.000 0.575 3560.000 
911.085 115.000 0.575 3560.000 
911.245 115.000 0.575 3560.000 
911.326 115.000 0.575 3576.000 
911.446 115.000 0.575 3576.000 
911.566 115.000 0.574 3576.000 
911.646 115.000 0.575 3592.000 
911.766 115.000 0.575 3609.000 
911.846 115.000 0.574 3609.000 
911.967 115.000 0.575 3609.000 
912.087 115.000 0.575 3625.000 
912.207 115.000 0.575 3625.000 
912.367 115.000 0.576 3641.000 
912.487 115.000 0.575 3641.000 
912.608 115.000 0.575 3657.000 
912.688 115.000 0.576 3657.000 
912.808 115.000 0.575 3657.000 
912.928 115.000 0.575 3673.000 
913.048 115.000 0.575 3673.000 
913.129 115.000 0.575 3689.000 
913.249 115.000 0.576 3689.000 
913.329 115.000 0.575 3689.000 
913.449 115.000 0.575 3705.000 
913.569 115.000 0.576 3722.000 
913.649 115.000 0.575 3722.000 
913.770 115.000 0.575 3722.000 
913.850 115.000 0.576 3738.000 
913.970 115.000 0.575 3738.000 
914.090 115.000 0.575 3738.000 
914.170 115.000 0.575 3754.000 
914.331 115.000 0.575 3770.000 
914.451 115.000 0.575 3770.000 
914.571 115.000 0.575 3770.000 
914.651 115.000 0.575 3786.000 
914.771 115.000 0.575 3802.000 
914.892 115.000 0.576 3802.000 

914.972 114.960 0.575 3802.000 
915.092 114.920 0.575 3819.000 
915.172 114.881 0.575 3819.000 
915.292 114.841 0.575 3835.000 
915.372 114.801 0.575 3835.000 
915.492 114.761 0.575 3835.000 
915.573 114.721 0.575 3851.000 
915.733 114.721 0.575 3851.000 
915.813 114.682 0.575 3867.000 
915.933 114.642 0.575 3867.000 
916.053 114.642 0.575 3883.000 
916.174 114.602 0.575 3883.000 
916.254 114.602 0.575 3883.000 
916.374 114.562 0.575 3899.000 
916.454 114.522 0.575 3916.000 
916.574 114.522 0.576 3916.000 
916.695 114.482 0.575 3916.000 
916.775 114.443 0.575 3932.000 
916.895 114.403 0.576 3932.000 
917.015 114.403 0.575 3932.000 
917.095 114.363 0.575 3948.000 
917.215 114.283 0.576 3964.000 
917.336 114.244 0.575 3964.000 
917.416 114.204 0.576 3964.000 
917.496 114.164 0.576 3980.000 
917.616 114.124 0.575 3996.000 
917.696 114.084 0.576 3996.000 
917.816 114.045 0.576 3996.000 
917.937 113.965 0.576 4012.000 
918.017 113.925 0.576 4012.000 
918.137 113.846 0.576 4028.000 
918.257 113.806 0.576 4028.000 
918.377 113.726 0.576 4028.000 
918.457 113.686 0.576 4045.000 
918.578 113.607 0.576 4045.000 

% x_coordinate y_coordinate pressure time
% shape 2, 228 points
870.297 151.116 0.024 0
870.337 151.156 0.055 0
870.337 151.195 0.078 16
870.337 151.195 0.098 16
870.337 151.235 0.112 32
870.337 151.275 0.124 32
870.337 151.275 0.137 32
870.337 151.235 0.157 48
870.377 151.195 0.185 65
870.377 151.156 0.210 65
870.417 151.076 0.234 65
870.457 150.996 0.253 81
870.538 150.917 0.268 81
870.578 150.797 0.280 81
870.658 150.757 0.289 97
870.738 150.678 0.296 113
870.858 150.598 0.302 113
870.978 150.519 0.305 113
871.058 150.479 0.308 129
871.179 150.399 0.312 145
871.259 150.280 0.317 145
871.379 150.200 0.324 145
871.499 150.081 0.331 161
871.659 149.961 0.339 161
871.860 149.922 0.347 161
872.020 149.802 0.356 178
872.220 149.643 0.363 178
872.421 149.523 0.367 194
872.581 149.404 0.370 194
872.781 149.324 0.370 210
872.901 149.245 0.370 210
873.062 149.165 0.372 226
873.222 149.165 0.372 226
873.382 149.125 0.372 226
873.543 149.125 0.373 242
873.703 149.046 0.374 242
873.823 149.046 0.374 242
873.983 149.006 0.375 258
874.104 148.966 0.378 275
874.264 148.926 0.382 275
874.384 148.926 0.386 275
874.544 148.847 0.390 291
874.664 148.807 0.394 307
874.785 148.767 0.397 307
874.945 148.727 0.401 307
875.065 148.727 0.403 323
875.265 148.687 0.406 323
875.386 148.608 0.408 323
875.506 148.608 0.410 339
875.626 148.648 0.411 355
875.746 148.687 0.412 355
875.907 148.727 0.413 355
876.027 148.767 0.413 372
876.187 148.807 0.413 372

876.307 148.807 0.415 388.000 
876.467 148.807 0.416 388.000 
876.628 148.807 0.418 404.000 
876.788 148.807 0.421 404.000 
876.908 148.807 0.425 404.000 
877.068 148.807 0.429 420.000 
877.229 148.807 0.435 420.000 
877.349 148.807 0.439 436.000 
877.469 148.807 0.443 436.000 
877.589 148.807 0.446 452.000 
877.709 148.807 0.448 452.000 
877.790 148.807 0.449 469.000 
877.870 148.807 0.450 469.000 
877.990 148.807 0.450 469.000 
878.070 148.807 0.451 485.000 
878.190 148.807 0.451 485.000 
878.311 148.807 0.451 485.000 
878.431 148.807 0.452 501.000 
878.511 148.807 0.452 517.000 
878.671 148.807 0.454 517.000 
878.791 148.807 0.456 517.000 
878.911 148.807 0.457 533.000 
879.112 148.807 0.460 549.000 
879.232 148.807 0.462 549.000 
879.392 148.807 0.464 549.000 
879.513 148.807 0.466 565.000 
879.633 148.807 0.468 565.000 
879.753 148.807 0.469 565.000 
879.873 148.807 0.470 581.000 
879.993 148.807 0.471 581.000 
880.073 148.807 0.471 597.000 
880.194 148.807 0.473 597.000 
880.314 148.807 0.473 613.000 
880.434 148.807 0.474 613.000 
880.554 148.807 0.475 630.000 
880.674 148.807 0.477 630.000 
880.795 148.807 0.480 630.000 
880.955 148.807 0.484 646.000 
881.035 148.807 0.486 662.000 
881.155 148.807 0.488 662.000 
881.275 148.807 0.490 662.000 
881.356 148.807 0.490 678.000 
881.436 148.807 0.491 678.000 
881.556 148.807 0.491 678.000 
881.636 148.807 0.492 694.000 
881.756 148.807 0.492 710.000 
881.836 148.807 0.492 710.000 
881.957 148.807 0.493 710.000 
882.077 148.807 0.493 726.000 
882.197 148.807 0.493 726.000 
882.317 148.807 0.495 743.000 
882.437 148.807 0.497 743.000 
882.558 148.807 0.498 743.000 
882.678 148.807 0.500 759.000 
882.798 148.807 0.501 775.000 
882.998 148.807 0.502 775.000 
883.078 148.807 0.504 775.000 
883.239 148.807 0.505 791.000 
883.359 148.807 0.505 791.000 
883.479 148.807 0.506 791.000 
883.559 148.807 0.507 807.000 
883.679 148.807 0.508 824.000 
883.800 148.807 0.509 824.000 
883.880 148.807 0.510 824.000 
884.000 148.807 0.511 840.000 
884.120 148.807 0.512 856.000 
884.240 148.807 0.513 856.000 
884.361 148.807 0.515 856.000 
884.521 148.807 0.516 872.000 
884.641 148.807 0.518 872.000 
884.761 148.807 0.520 872.000 
884.881 148.807 0.523 888.000 
884.962 148.807 0.524 888.000 
885.082 148.807 0.526 905.000 
885.202 148.807 0.527 905.000 
885.282 148.807 0.527 905.000 
885.402 148.807 0.528 921.000 
885.482 148.807 0.528 937.000 
885.603 148.807 0.529 937.000 
885.683 148.807 0.529 937.000 
885.803 148.807 0.529 953.000 
885.923 148.807 0.529 953.000 
886.043 148.807 0.529 953.000 
886.164 148.807 0.529 969.000 
886.284 148.807 0.530 986.000 
886.404 148.807 0.530 986.000 
886.484 148.807 0.531 986.000 
886.604 148.807 0.533 1002.000 
886.765 148.807 0.534 1018.000 
886.845 148.807 0.535 1018.000 
886.965 148.807 0.537 1018.000 
887.045 148.807 0.537 1034.000 
887.125 148.807 0.538 1034.000 
887.205 148.807 0.538 1034.000 
887.285 148.807 0.538 1050.000 
887.366 148.807 0.538 1050.000 
887.446 148.807 0.539 1066.000 
887.526 148.807 0.538 1066.000 
887.606 148.807 0.539 1066.000 
887.686 148.807 0.539 1083.000 
887.766 148.807 0.539 1099.000 
887.886 148.807 0.539 1099.000 
887.967 148.807 0.539 1099.000 
888.087 148.807 0.539 1115.000 
888.207 148.807 0.539 1131.000 
888.327 148.807 0.539 1131.000 
888.447 148.807 0.539 1131.000 
888.568 148.807 0.540 1147.000 
888.688 148.807 0.539 1147.000 
888.768 148.807 0.540 1147.000 
888.888 148.807 0.540 1163.000 
888.968 148.807 0.539 1180.000 
889.088 148.807 0.540 1180.000 
889.209 148.807 0.540 1180.000 
889.289 148.807 0.539 1196.000 
889.409 148.807 0.540 1196.000 
889.529 148.807 0.540 1212.000 
889.649 148.807 0.540 1212.000 
889.770 148.807 0.540 1228.000 
889.850 148.807 0.540 1228.000 
889.970 148.807 0.540 1228.000 
890.090 148.807 0.540 1245.000 
890.210 148.807 0.540 1245.000 
890.331 148.807 0.540 1261.000 
890.451 148.807 0.540 1261.000 
890.531 148.807 0.540 1261.000 
890.651 148.807 0.540 1277.000 
890.811 148.807 0.540 1293.000 
890.932 148.807 0.540 1293.000 
891.052 148.807 0.540 1293.000 
891.132 148.807 0.541 1310.000 
891.252 148.807 0.540 1310.000 
891.372 148.807 0.541 1310.000 
891.492 148.807 0.540 1326.000 
891.613 148.807 0.540 1342.000 
891.733 148.807 0.541 1342.000 
891.853 148.807 0.540 1342.000 
891.973 148.807 0.541 1358.000 

892.094 148.800 0.541 1358.000 
892.214 148.760 0.541 1374.000 
892.334 148.721 0.541 1374.000 
892.454 148.681 0.541 1390.000 
892.574 148.601 0.540 1390.000 
892.695 148.561 0.541 1390.000 
892.815 148.561 0.541 1407.000 
892.935 148.522 0.541 1407.000 
893.095 148.482 0.541 1423.000 
893.215 148.442 0.541 1423.000 
893.336 148.402 0.541 1423.000 
893.456 148.362 0.542 1439.000 
893.576 148.322 0.541 1455.000 
893.696 148.283 0.541 1455.000 
893.816 148.243 0.542 1455.000 
893.937 148.163 0.541 1471.000 
894.097 148.123 0.541 1471.000 
894.257 148.084 0.542 1471.000 
894.337 148.044 0.541 1488.000 
894.457 147.964 0.541 1504.000 
894.538 147.924 0.541 1504.000 
894.658 147.885 0.541 1504.000 
894.778 147.845 0.542 1520.000 
894.858 147.765 0.542 1536.000 
894.978 147.725 0.541 1536.000 
895.099 147.646 0.542 1536.000 
895.179 147.606 0.541 1552.000 
895.299 147.526 0.542 1552.000 
895.379 147.447 0.542 1552.000 
895.499 147.367 0.541 1568.000 
895.619 147.327 0.541 1568.000 
895.860 147.327 0.537 1585.000 
896.100 147.327 0.513 1585.000 
896.300 147.327 0.453 1601.000 
896.541 147.287 0.339 1601.000 
896.901 147.248 0.050 1617.000 

