% x_coordinate y_coordinate pressure time
% shape 0, 875 points
524.886 395.928 0.066 0
524.927 395.889 0.110 0
524.967 395.849 0.140 16
525.047 395.809 0.166 16
525.127 395.729 0.192 33
525.207 395.690 0.207 33
525.287 395.610 0.219 49
525.367 395.530 0.231 49
525.447 395.491 0.241 49
525.528 395.451 0.253 65
525.568 395.451 0.268 65
525.648 395.451 0.280 65
525.728 395.451 0.290 81
525.848 395.411 0.300 98
526.008 395.371 0.310 98
526.249 395.292 0.317 98
526.489 395.212 0.322 114
526.850 394.933 0.326 130
527.290 394.615 0.331 130
527.731 394.217 0.334 130
528.212 393.739 0.337 146
528.693 393.261 0.341 146
529.214 392.784 0.344 146
529.694 392.226 0.348 163
530.215 391.709 0.354 179
530.656 391.271 0.358 179
531.097 390.833 0.361 179
531.538 390.395 0.364 195
531.978 389.957 0.366 195
532.379 389.599 0.368 211
532.820 389.201 0.369 211
533.301 388.763 0.370 211
533.741 388.365 0.370 227
534.262 387.887 0.371 227
534.783 387.370 0.372 244
535.304 386.852 0.375 244
535.945 386.335 0.376 260
536.506 385.777 0.379 260
537.107 385.220 0.382 260
537.628 384.703 0.383 276
538.189 384.265 0.385 292
538.710 383.787 0.387 292
539.230 383.389 0.387 292
539.671 382.991 0.388 308
540.112 382.633 0.388 308
540.513 382.274 0.389 308
540.873 381.956 0.389 325
541.274 381.637 0.391 341
541.674 381.279 0.394 341
542.115 380.921 0.397 341
542.516 380.443 0.401 357
542.997 380.005 0.404 357
543.437 379.488 0.406 374
543.918 378.930 0.408 374
544.439 378.373 0.409 390
545.000 377.736 0.410 390
545.521 377.179 0.411 390
546.042 376.621 0.412 406
546.523 376.104 0.413 406
546.963 375.547 0.413 422
547.444 375.109 0.415 422
547.885 374.631 0.415 422
548.285 374.193 0.416 438
548.686 373.715 0.417 454
549.127 373.238 0.418 454
549.568 372.760 0.419 454
550.048 372.243 0.420 470
550.569 371.725 0.420 470
551.090 371.128 0.421 470
551.571 370.610 0.421 487
552.052 370.053 0.421 503
552.533 369.536 0.422 503
552.933 369.018 0.422 503
553.374 368.501 0.422 519
553.735 368.023 0.423 519
554.055 367.545 0.424 535
554.416 367.068 0.427 535
554.736 366.630 0.431 552
555.097 366.152 0.435 552
555.457 365.714 0.437 568
555.898 365.316 0.439 568
556.299 364.878 0.440 568
556.700 364.440 0.442 584
557.100 363.923 0.444 584
557.541 363.485 0.445 584
557.942 363.007 0.446 600
558.422 362.490 0.446 617
558.903 362.012 0.447 617
559.344 361.454 0.448 617
559.825 360.937 0.448 633
560.305 360.459 0.449 649
560.706 359.982 0.453 649
561.147 359.504 0.456 649
561.548 359.026 0.458 665
561.908 358.628 0.464 665
562.229 358.190 0.469 665
562.589 357.792 0.473 682
562.910 357.314 0.477 698
563.270 356.837 0.479 698
563.671 356.319 0.481 698
564.112 355.841 0.483 714
564.513 355.284 0.484 714
564.913 354.767 0.486 731
565.354 354.170 0.488 731
565.755 353.612 0.491 731
566.195 353.095 0.493 747
566.676 352.577 0.494 747
567.077 352.020 0.496 747
567.437 351.542 0.497 763
567.798 351.064 0.497 779
568.119 350.627 0.498 779
568.399 350.149 0.500 779
568.679 349.711 0.501 795
568.960 349.273 0.504 812
569.280 348.835 0.507 812
569.561 348.397 0.510 812
569.841 347.999 0.512 828
570.082 347.522 0.514 828
570.362 347.084 0.516 828
570.683 346.646 0.518 844
570.963 346.208 0.519 860
571.244 345.770 0.522 860
571.564 345.332 0.525 860
571.885 344.854 0.529 876
572.165 344.377 0.533 876
572.446 343.939 0.538 893
572.686 343.501 0.541 893
572.967 343.063 0.543 893
573.207 342.585 0.544 909
573.407 342.147 0.545 909
573.608 341.749 0.548 909
573.848 341.391 0.549 925
574.008 341.033 0.551 941
574.209 340.675 0.552 941
574.409 340.316 0.553 941
574.569 340.038 0.554 957
574.690 339.719 0.555 973
574.850 339.440 0.555 973
574.970 339.122 0.556 973
575.090 338.843 0.558 990
575.170 338.525 0.560 990
575.250 338.206 0.562 990
575.371 337.888 0.566 1006
575.411 337.530 0.569 1022
575.491 337.211 0.573 1022
575.531 336.853 0.575 1022
575.611 336.495 0.576 1038
575.651 336.136 0.578 1038
575.731 335.778 0.578 1054
575.771 335.460 0.579 1054
575.851 335.141 0.579 1071
575.932 334.823 0.579 1071
576.012 334.584 0.579 1071
576.092 334.305 0.580 1087
576.172 334.066 0.580 1087
576.212 333.788 0.580 1103
576.252 333.549 0.581 1103
576.292 333.270 0.581 1103
576.292 333.031 0.582 1119
576.332 332.753 0.583 1136
576.332 332.514 0.584 1136
576.332 332.275 0.585 1136
576.332 332.076 0.586 1152
576.332 331.837 0.587 1152
576.332 331.638 0.589 1152
576.332 331.399 0.591 1168
576.332 331.200 0.591 1184
576.332 330.961 0.593 1184
576.332 330.722 0.594 1184
576.292 330.523 0.594 1200
576.212 330.285 0.595 1216
576.132 330.086 0.596 1216
576.092 329.847 0.597 1216
576.012 329.648 0.597 1233
575.932 329.449 0.598 1233
575.891 329.250 0.598 1249
575.851 329.050 0.599 1249
575.811 328.891 0.599 1249
575.771 328.692 0.600 1265
575.691 328.533 0.600 1265
575.651 328.374 0.601 1281
575.611 328.214 0.601 1281
575.571 328.095 0.601 1297
575.491 327.976 0.603 1297
575.411 327.856 0.604 1297
575.331 327.737 0.604 1314
575.250 327.657 0.605 1330
575.170 327.578 0.606 1330
575.050 327.458 0.607 1330
574.970 327.379 0.608 1346
574.850 327.299 0.608 1346
574.730 327.219 0.609 1346
574.609 327.140 0.610 1362
574.489 327.060 0.612 1379
574.369 326.980 0.614 1379
574.249 326.901 0.616 1379
574.129 326.821 0.617 1395
573.968 326.742 0.618 1411
573.848 326.662 0.618 1411
573.728 326.582 0.618 1411
573.608 326.543 0.619 1427
573.487 326.423 0.619 1427
573.367 326.383 0.619 1427
573.247 326.344 0.619 1444
573.127 326.304 0.619 1444
573.007 326.264 0.619 1460
572.886 326.224 0.620 1460
572.766 326.184 0.619 1460
572.686 326.184 0.620 1476
572.566 326.145 0.620 1492
572.486 326.105 0.620 1492
572.366 326.065 0.622 1492
572.245 326.025 0.625 1509
572.125 325.945 0.627 1509
572.005 325.906 0.629 1509
571.845 325.866 0.630 1525
571.724 325.826 0.630 1541
571.564 325.826 0.631 1541
571.444 325.707 0.631 1541
571.324 325.707 0.631 1558
571.204 325.707 0.631 1574
571.043 325.746 0.631 1574
570.923 325.746 0.631 1574
570.803 325.786 0.631 1590
570.643 325.826 0.631 1590
570.523 325.866 0.632 1590
570.362 325.906 0.632 1606
570.202 325.906 0.632 1606
570.082 325.945 0.632 1623
569.962 325.985 0.633 1623
569.841 326.025 0.632 1639
569.681 326.065 0.633 1639
569.561 326.105 0.633 1655
569.441 326.145 0.633 1655
569.280 326.264 0.633 1655
569.120 326.383 0.633 1671
568.960 326.503 0.632 1671
568.840 326.582 0.633 1671
568.679 326.742 0.632 1688
568.519 326.901 0.632 1704
568.359 327.060 0.633 1704
568.239 327.219 0.633 1704
568.078 327.379 0.633 1720
567.918 327.578 0.633 1736
567.758 327.737 0.633 1736
567.638 327.936 0.633 1736
567.477 328.135 0.633 1753
567.317 328.334 0.633 1753
567.157 328.533 0.633 1753
567.037 328.692 0.633 1769
566.876 328.931 0.633 1785
566.756 329.130 0.633 1785
566.636 329.289 0.633 1785
566.516 329.488 0.633 1801
566.396 329.648 0.633 1801
566.275 329.847 0.633 1817
566.155 330.046 0.633 1817
566.035 330.245 0.633 1817
565.915 330.444 0.633 1834
565.755 330.683 0.633 1834
565.634 330.882 0.633 1850
565.514 331.121 0.633 1850
565.394 331.359 0.632 1866
565.314 331.598 0.633 1866
565.194 331.837 0.633 1866
565.114 332.036 0.633 1882
565.033 332.275 0.632 1898
564.953 332.514 0.632 1898
564.913 332.753 0.633 1898
564.793 332.952 0.632 1915
564.713 333.191 0.632 1915
564.673 333.390 0.633 1915
564.593 333.668 0.632 1931
564.472 333.867 0.633 1947
564.392 334.066 0.633 1947
564.272 334.305 0.632 1947
564.192 334.504 0.632 1963
564.112 334.743 0.632 1979
563.992 334.942 0.633 1979
563.911 335.181 0.632 1979
563.831 335.380 0.632 1996
563.751 335.619 0.632 1996
563.671 335.818 0.633 1996
563.591 336.097 0.632 2012
563.511 336.296 0.633 2028
563.431 336.534 0.632 2028
563.351 336.773 0.632 2028
563.270 336.972 0.632 2044
563.190 337.211 0.633 2044
563.110 337.450 0.632 2061
563.030 337.689 0.632 2061
562.950 337.928 0.632 2061
562.830 338.167 0.632 2077
562.669 338.405 0.632 2077
562.589 338.604 0.633 2077
562.509 338.804 0.633 2093
562.389 339.003 0.633 2110
562.269 339.202 0.632 2110
562.189 339.401 0.632 2110
562.068 339.560 0.633 2126
561.988 339.759 0.632 2142
561.908 339.958 0.632 2142
561.828 340.157 0.632 2142
561.748 340.356 0.632 2158
561.708 340.515 0.632 2158
561.668 340.754 0.632 2158
561.588 340.953 0.632 2175
561.548 341.152 0.632 2191
561.467 341.351 0.632 2191
561.427 341.510 0.632 2191
561.347 341.710 0.632 2207
561.267 341.909 0.632 2207
561.187 342.068 0.632 2223
561.107 342.227 0.632 2223
561.027 342.426 0.632 2223
560.907 342.585 0.633 2240
560.826 342.784 0.633 2240
560.706 342.983 0.633 2256
560.626 343.182 0.633 2256
560.466 343.381 0.633 2272
560.426 343.581 0.633 2272
560.305 343.740 0.633 2272
560.265 343.939 0.633 2288
560.185 344.098 0.632 2304
560.145 344.257 0.633 2304
560.105 344.417 0.633 2304
560.065 344.576 0.632 2321
559.985 344.735 0.632 2321
559.945 344.894 0.632 2321
559.905 345.053 0.632 2337
559.825 345.253 0.632 2353
559.785 345.491 0.632 2353
559.705 345.690 0.632 2353
559.624 345.889 0.633 2369
559.584 346.088 0.632 2369
559.504 346.287 0.633 2385
559.424 346.487 0.633 2385
559.344 346.686 0.633 2402
559.264 346.845 0.633 2402
559.184 347.044 0.633 2402
559.104 347.243 0.632 2418
559.063 347.402 0.633 2418
559.023 347.561 0.632 2434
558.983 347.760 0.632 2434
558.903 347.920 0.633 2434
558.863 348.079 0.633 2450
558.783 348.278 0.632 2467
558.743 348.437 0.633 2467
558.663 348.636 0.633 2467
558.583 348.795 0.633 2483
558.503 348.995 0.633 2483
558.382 349.194 0.633 2483
558.342 349.393 0.633 2499
558.262 349.592 0.633 2515
558.182 349.791 0.633 2515
558.102 349.950 0.633 2515
558.062 350.189 0.633 2532
557.982 350.348 0.633 2548
557.942 350.547 0.633 2548
557.861 350.706 0.633 2548
557.821 350.865 0.633 2564
557.741 351.064 0.633 2564
557.701 351.264 0.633 2564
557.621 351.423 0.633 2580
557.581 351.622 0.633 2580
557.541 351.821 0.633 2597
557.461 352.020 0.633 2597
557.381 352.219 0.634 2613
557.300 352.458 0.633 2613
557.220 352.657 0.634 2629
557.140 352.856 0.634 2629
557.060 353.055 0.634 2629
556.980 353.294 0.635 2645
556.940 353.493 0.635 2645
556.860 353.692 0.635 2645
556.780 353.931 0.636 2661
556.740 354.130 0.636 2677
556.659 354.329 0.636 2677
556.579 354.568 0.637 2677
556.499 354.806 0.637 2693
556.379 355.045 0.637 2709
556.299 355.244 0.638 2709
556.259 355.443 0.638 2709
556.179 355.642 0.638 2726
556.099 355.841 0.639 2726
556.018 356.041 0.639 2726
555.938 356.240 0.640 2742
555.858 356.478 0.640 2758
555.778 356.717 0.640 2758
555.698 356.916 0.641 2758
555.658 357.195 0.641 2774
555.578 357.434 0.641 2774
555.497 357.673 0.641 2791
555.457 357.872 0.641 2791
555.377 358.111 0.641 2807
555.337 358.310 0.641 2807
555.257 358.509 0.641 2807
555.217 358.708 0.641 2823
555.177 358.907 0.641 2823
555.097 359.106 0.641 2839
555.017 359.305 0.641 2839
554.937 359.583 0.641 2839
554.856 359.783 0.641 2855
554.776 360.021 0.642 2871
554.696 360.220 0.642 2871
554.616 360.419 0.642 2871
554.536 360.618 0.642 2887
554.496 360.778 0.642 2887
554.376 360.937 0.642 2887
554.296 361.096 0.642 2903
554.255 361.216 0.642 2920
554.175 361.335 0.642 2920
554.095 361.494 0.643 2920
554.055 361.654 0.642 2936
553.975 361.813 0.642 2952
553.935 361.972 0.642 2952
553.855 362.171 0.642 2952
553.775 362.330 0.642 2968
553.694 362.529 0.642 2968
553.614 362.689 0.642 2968
553.574 362.888 0.643 2984
553.494 363.087 0.643 2984
553.414 363.286 0.643 3000
553.334 363.485 0.643 3000
553.254 363.684 0.643 3017
553.174 363.883 0.643 3017
553.094 364.082 0.643 3033
553.013 364.281 0.643 3033
552.933 364.480 0.643 3033
552.893 364.679 0.643 3049
552.813 364.838 0.643 3049
552.733 365.037 0.643 3049
552.653 365.196 0.643 3065
552.613 365.356 0.643 3082
552.533 365.555 0.643 3082
552.452 365.714 0.643 3082
552.372 365.873 0.643 3098
552.332 366.032 0.643 3114
552.252 366.192 0.643 3114
552.132 366.351 0.643 3114
552.052 366.550 0.643 3130
552.012 366.709 0.643 3130
551.932 366.868 0.643 3130
551.891 366.988 0.643 3147
551.851 367.147 0.643 3163
551.811 367.267 0.643 3163
551.771 367.386 0.643 3163
551.731 367.545 0.643 3179
551.691 367.665 0.643 3179
551.611 367.784 0.643 3195
551.611 367.903 0.643 3195
551.571 368.023 0.643 3195
551.531 368.182 0.643 3212
551.491 368.302 0.643 3228
551.451 368.461 0.643 3228
551.371 368.620 0.643 3228
551.331 368.779 0.643 3244
551.331 368.978 0.643 3244
551.250 369.137 0.643 3244
551.250 369.336 0.643 3261
551.210 369.496 0.643 3277
551.170 369.695 0.643 3277
551.130 369.854 0.643 3277
551.090 370.053 0.643 3293
551.090 370.252 0.643 3293
551.050 370.411 0.643 3309
551.010 370.610 0.643 3309
550.930 370.770 0.643 3325
550.890 370.969 0.643 3325
550.850 371.128 0.643 3325
550.810 371.367 0.643 3342
550.770 371.526 0.643 3342
550.689 371.725 0.643 3358
550.649 371.884 0.643 3358
550.569 372.044 0.644 3358
550.489 372.243 0.644 3374
550.449 372.402 0.644 3390
550.369 372.561 0.644 3390
550.249 372.720 0.643 3390
550.209 372.879 0.644 3406
550.129 373.039 0.644 3406
550.089 373.198 0.644 3406
550.048 373.317 0.644 3423
550.048 373.477 0.643 3439
550.008 373.676 0.643 3439
549.968 373.795 0.644 3439
549.928 373.954 0.643 3456
549.888 374.114 0.643 3456
549.848 374.273 0.644 3472
549.808 374.432 0.644 3472
549.768 374.591 0.643 3472
549.728 374.750 0.643 3488
549.688 374.950 0.643 3488
549.608 375.149 0.644 3504
549.568 375.348 0.643 3504
549.528 375.547 0.643 3521
549.447 375.746 0.644 3521
549.407 375.945 0.643 3521
549.327 376.144 0.644 3537
549.287 376.303 0.644 3553
549.247 376.462 0.643 3553
549.167 376.621 0.644 3553
549.087 376.781 0.644 3570
549.047 376.900 0.644 3570
548.967 377.059 0.644 3570
548.927 377.258 0.644 3586
548.846 377.418 0.644 3603
548.806 377.577 0.644 3603
548.726 377.776 0.644 3603
548.646 377.935 0.644 3619
548.566 378.094 0.644 3619
548.486 378.214 0.644 3635
548.406 378.413 0.644 3635
548.326 378.572 0.644 3651
548.205 378.691 0.644 3651
548.165 378.851 0.644 3651
548.085 378.970 0.644 3668
548.045 379.129 0.644 3668
548.045 379.289 0.644 3684
548.005 379.408 0.644 3684
547.965 379.527 0.644 3684
547.885 379.687 0.644 3700
547.845 379.846 0.644 3716
547.805 379.965 0.644 3716
547.725 380.085 0.644 3716
547.685 380.244 0.644 3733
547.644 380.403 0.644 3733
547.604 380.523 0.644 3733
547.564 380.682 0.644 3749
547.524 380.801 0.644 3765
547.524 380.921 0.644 3765
547.484 381.000 0.644 3765
547.444 381.120 0.644 3781
547.404 381.239 0.644 3798
547.364 381.359 0.644 3798
547.284 381.478 0.644 3798
547.244 381.597 0.644 3814
547.204 381.717 0.644 3814
547.164 381.836 0.644 3814
547.124 381.996 0.644 3830
547.083 382.115 0.644 3830
547.043 382.274 0.644 3846
547.003 382.433 0.644 3846
546.923 382.593 0.644 3846
546.883 382.752 0.644 3862
546.843 382.911 0.644 3878
546.803 383.110 0.644 3878
546.723 383.269 0.644 3878
546.723 383.429 0.644 3894
546.683 383.588 0.644 3910
546.643 383.747 0.644 3910
546.603 383.906 0.644 3910
546.563 384.105 0.644 3910
546.523 384.265 0.644 3926
546.482 384.424 0.644 3942
546.442 384.583 0.644 3942
546.442 384.742 0.644 3942
546.322 384.902 0.644 3958
546.242 385.061 0.644 3974
546.162 385.220 0.644 3974
546.082 385.419 0.644 3974
546.002 385.618 0.644 3990
545.881 385.777 0.644 3990
545.841 385.937 0.644 4006
545.761 386.136 0.644 4006
545.681 386.295 0.644 4006
545.601 386.494 0.644 4022
545.561 386.653 0.644 4038
545.481 386.812 0.644 4038
545.441 386.972 0.644 4038
545.361 387.131 0.644 4054
545.321 387.290 0.644 4054
545.280 387.449 0.645 4070
545.200 387.609 0.644 4070
545.160 387.728 0.644 4086
545.120 387.927 0.645 4086
545.080 388.086 0.644 4086
545.000 388.245 0.645 4103
544.960 388.405 0.644 4103
544.880 388.604 0.644 4119
544.840 388.763 0.645 4119
544.760 388.882 0.644 4119
544.720 389.042 0.644 4135
544.720 389.161 0.644 4152
544.679 389.320 0.644 4152
544.639 389.440 0.644 4152
544.599 389.559 0.645 4168
544.519 389.718 0.645 4168
544.479 389.878 0.645 4168
544.399 389.997 0.645 4184
544.359 390.196 0.644 4201
544.279 390.316 0.645 4201
544.159 390.475 0.645 4201
544.119 390.634 0.644 4217
544.038 390.753 0.645 4217
543.998 390.913 0.645 4233
543.958 391.032 0.644 4233
543.878 391.191 0.645 4250
543.838 391.351 0.644 4250
543.758 391.470 0.644 4250
543.718 391.629 0.645 4266
543.638 391.749 0.644 4266
543.598 391.908 0.644 4282
543.518 392.067 0.645 4282
543.437 392.226 0.645 4282
543.397 392.385 0.645 4298
543.317 392.585 0.645 4315
543.237 392.744 0.645 4315
543.197 392.863 0.645 4315
543.117 393.022 0.645 4331
543.077 393.142 0.644 4331
543.037 393.301 0.645 4331
542.997 393.421 0.644 4347
542.957 393.540 0.644 4363
542.917 393.699 0.644 4363
542.876 393.859 0.644 4363
542.836 393.978 0.645 4379
542.756 394.137 0.645 4396
542.716 394.296 0.645 4396
542.676 394.495 0.645 4396
542.596 394.655 0.645 4412
542.556 394.854 0.645 4412
542.476 395.093 0.645 4412
542.436 395.252 0.645 4428
542.356 395.451 0.645 4444
542.316 395.650 0.645 4444
542.235 395.849 0.645 4444
542.155 396.048 0.644 4461
542.075 396.247 0.645 4461
541.995 396.406 0.644 4477
541.955 396.605 0.645 4477
541.875 396.764 0.645 4477
541.795 396.924 0.645 4493
541.755 397.083 0.645 4493
541.674 397.322 0.645 4493
541.594 397.481 0.645 4510
541.514 397.680 0.645 4526
541.474 397.839 0.645 4526
541.394 398.038 0.644 4526
541.314 398.237 0.645 4542
541.274 398.436 0.645 4558
541.194 398.596 0.644 4558
541.114 398.795 0.645 4558
541.033 398.954 0.645 4575
540.913 399.153 0.645 4575
540.833 399.312 0.645 4591
540.753 399.471 0.645 4591
540.713 399.710 0.645 4591
540.593 399.870 0.645 4607
540.513 400.069 0.645 4607
540.432 400.228 0.645 4623
540.392 400.427 0.645 4623
540.312 400.586 0.645 4639
540.232 400.785 0.645 4639
540.152 400.944 0.645 4639
540.112 401.143 0.645 4656
540.032 401.303 0.645 4672
539.992 401.502 0.645 4672
539.871 401.661 0.645 4672
539.791 401.860 0.645 4688
539.751 402.099 0.645 4688
539.671 402.298 0.645 4688
539.591 402.457 0.645 4704
539.511 402.656 0.645 4720
539.431 402.815 0.645 4720
539.351 403.014 0.645 4720
539.270 403.213 0.645 4737
539.190 403.373 0.645 4753
539.070 403.572 0.645 4753
539.030 403.771 0.645 4753
538.950 403.970 0.645 4769
538.870 404.169 0.645 4769
538.790 404.368 0.645 4769
538.710 404.607 0.645 4785
538.629 404.806 0.645 4785
538.549 404.965 0.645 4802
538.469 405.164 0.645 4802
538.389 405.363 0.645 4818
538.309 405.562 0.645 4818
538.189 405.761 0.645 4834
538.109 406.000 0.645 4834
538.028 406.199 0.645 4834
537.948 406.438 0.645 4850
537.868 406.677 0.645 4850
537.788 406.916 0.645 4850
537.628 407.115 0.645 4866
537.588 407.314 0.645 4882
537.508 407.473 0.645 4882
537.427 407.672 0.645 4882
537.347 407.831 0.645 4899
537.267 408.030 0.645 4915
537.227 408.229 0.645 4915
537.107 408.428 0.645 4915
537.027 408.667 0.645 4931
536.947 408.906 0.645 4931
536.826 409.105 0.645 4931
536.746 409.384 0.645 4947
536.626 409.623 0.645 4964
536.546 409.822 0.645 4964
536.466 410.021 0.645 4964
536.346 410.259 0.645 4980
536.265 410.458 0.645 4980
536.145 410.658 0.645 4996
536.065 410.857 0.645 4996
535.985 411.056 0.645 4996
535.905 411.215 0.645 5012
535.825 411.414 0.645 5012
535.745 411.613 0.645 5028
535.664 411.812 0.645 5028
535.624 412.011 0.645 5049
535.544 412.210 0.645 5049
535.424 412.409 0.645 5049
535.384 412.568 0.645 5065
535.304 412.767 0.645 5065
535.224 412.927 0.645 5065
535.184 413.126 0.645 5081
535.103 413.285 0.645 5097
535.023 413.484 0.645 5097
534.903 413.643 0.645 5097
534.823 413.842 0.645 5113
534.743 414.041 0.645 5113
534.663 414.201 0.645 5113
534.583 414.400 0.645 5129
534.503 414.599 0.645 5145
534.382 414.758 0.645 5145
534.302 414.957 0.645 5145
534.222 415.156 0.645 5162
534.142 415.355 0.645 5178
534.062 415.514 0.645 5178
534.022 415.713 0.645 5178
533.942 415.872 0.645 5194
533.901 416.032 0.645 5194
533.821 416.151 0.645 5194
533.741 416.310 0.645 5210
533.701 416.470 0.645 5226
533.621 416.629 0.645 5226
533.581 416.748 0.645 5226
533.541 416.908 0.645 5243
533.461 417.027 0.645 5243
533.381 417.186 0.645 5259
533.301 417.345 0.645 5259
533.220 417.505 0.645 5259
533.100 417.704 0.645 5275
533.060 417.863 0.645 5291
533.020 417.982 0.645 5291
532.940 418.142 0.645 5291
532.900 418.301 0.645 5307
532.820 418.420 0.645 5307
532.780 418.540 0.645 5307
532.699 418.659 0.645 5324
532.659 418.858 0.645 5340
532.579 418.938 0.645 5340
532.539 419.097 0.646 5340
532.459 419.216 0.645 5356
532.419 419.376 0.645 5356
532.379 419.495 0.646 5373
532.299 419.654 0.646 5373
532.259 419.774 0.645 5389
532.219 419.933 0.645 5389
532.179 420.052 0.645 5389
532.139 420.212 0.645 5405
532.099 420.371 0.645 5405
532.058 420.530 0.645 5421
532.018 420.689 0.645 5421
531.978 420.849 0.645 5421
531.938 421.048 0.645 5437
531.898 421.207 0.645 5454
531.858 421.366 0.644 5454
531.818 421.525 0.644 5454
531.778 421.645 0.645 5470
531.698 421.764 0.644 5470
531.698 421.844 0.645 5470
531.658 421.963 0.645 5486
531.658 422.043 0.645 5502
531.618 422.122 0.645 5502
531.578 422.242 0.645 5502
531.538 422.361 0.645 5518
531.457 422.441 0.645 5535
531.417 422.560 0.645 5535
531.377 422.680 0.645 5535
531.337 422.759 0.645 5551
531.257 422.879 0.645 5551
531.217 422.958 0.645 5551
531.177 423.038 0.645 5567
531.177 423.078 0.645 5584
531.097 423.157 0.645 5584
531.017 423.237 0.645 5584
530.977 423.317 0.645 5600
530.937 423.436 0.645 5600
530.856 423.595 0.645 5616
530.856 423.675 0.645 5616
530.816 423.755 0.645 5616
530.816 423.834 0.645 5632
530.776 423.954 0.645 5632
530.776 423.993 0.645 5648
530.776 424.073 0.645 5648
530.736 424.113 0.646 5664
530.696 424.192 0.646 5664
530.656 424.272 0.645 5664
530.616 424.352 0.645 5681
530.576 424.431 0.645 5697
530.536 424.551 0.646 5697
530.496 424.670 0.645 5697
530.456 424.790 0.645 5713
530.456 424.909 0.645 5713
530.416 425.028 0.645 5713
530.376 425.148 0.645 5729
530.336 425.227 0.645 5746
530.295 425.307 0.646 5746
530.255 425.347 0.645 5746
530.215 425.426 0.645 5762
530.175 425.466 0.645 5762
530.095 425.546 0.646 5778
530.055 425.625 0.645 5778
530.015 425.705 0.647 5795
529.935 425.785 0.646 5795
529.895 425.864 0.645 5795
529.855 425.984 0.646 5811
529.855 426.063 0.645 5811
529.855 426.143 0.646 5827
529.815 426.223 0.645 5827
529.815 426.302 0.645 5827
529.815 426.382 0.645 5843
529.775 426.501 0.645 5860
529.775 426.581 0.645 5860
529.775 426.661 0.645 5860
529.735 426.740 0.644 5876
529.735 426.860 0.645 5876
529.694 426.939 0.645 5876
529.694 427.019 0.644 5892
529.654 427.098 0.644 5908
529.654 427.178 0.645 5908
529.614 427.258 0.645 5908
529.574 427.337 0.645 5925
529.574 427.417 0.646 5925
529.534 427.497 0.645 5941
529.494 427.576 0.645 5941
529.454 427.656 0.645 5941
529.454 427.735 0.645 5957
529.414 427.815 0.645 5957
529.374 427.895 0.645 5973
529.374 427.974 0.645 5973
529.334 428.014 0.646 5989
529.294 428.094 0.645 5989
529.294 428.173 0.645 5989
529.294 428.213 0.645 6005
529.254 428.253 0.646 6021
529.254 428.293 0.645 6021
529.214 428.372 0.645 6021
529.174 428.412 0.646 6038
529.134 428.452 0.647 6054
529.094 428.492 0.647 6054
529.094 428.571 0.647 6054
529.053 428.651 0.647 6070
529.013 428.731 0.648 6070
529.013 428.770 0.648 6070
528.973 428.850 0.648 6086
528.973 428.890 0.648 6086
528.893 428.969 0.648 6102
528.893 429.009 0.648 6102
528.813 429.049 0.648 6102
528.813 429.129 0.649 6118
528.773 429.208 0.649 6134
528.773 429.288 0.648 6134
528.733 429.367 0.648 6134
528.733 429.487 0.648 6150
528.733 429.567 0.647 6167
528.733 429.686 0.648 6167
528.733 429.766 0.648 6167
528.733 429.805 0.648 6183
528.733 429.885 0.647 6183
528.733 429.845 0.635 6183
528.973 429.567 0.588 6199
529.254 429.129 0.503 6199
529.494 428.571 0.337 6215

% x_coordinate y_coordinate pressure time
% shape 1, 206 points
531.457 390.355 0.587 0.000 
531.698 390.395 0.591 0.000 
531.898 390.435 0.595 16.000 
532.099 390.515 0.597 16.000 
532.259 390.634 0.599 16.000 
532.419 390.714 0.601 32.000 
532.539 390.793 0.602 32.000 
532.699 390.913 0.605 49.000 
532.860 391.032 0.608 49.000 
533.020 391.112 0.611 49.000 
533.180 391.191 0.617 65.000 
533.381 391.271 0.621 81.000 
533.581 391.351 0.625 81.000 
533.781 391.430 0.629 81.000 
533.942 391.510 0.631 97.000 
534.142 391.589 0.634 97.000 
534.342 391.669 0.637 97.000 
534.543 391.749 0.639 113.000 
534.743 391.828 0.642 130.000 
534.943 391.908 0.644 130.000 
535.103 392.027 0.645 130.000 
535.224 392.107 0.648 146.000 
535.384 392.186 0.651 146.000 
535.544 392.266 0.653 162.000 
535.705 392.346 0.656 162.000 
535.865 392.385 0.659 179.000 
536.025 392.425 0.662 179.000 
536.185 392.505 0.666 179.000 
536.346 392.545 0.668 195.000 
536.546 392.624 0.670 195.000 
536.706 392.664 0.671 211.000 
536.866 392.704 0.673 211.000 
537.067 392.784 0.673 211.000 
537.227 392.823 0.674 227.000 
537.387 392.903 0.674 244.000 
537.628 392.983 0.674 244.000 
537.828 393.062 0.675 244.000 
537.988 393.142 0.675 260.000 
538.149 393.222 0.675 260.000 
538.309 393.301 0.675 260.000 
538.469 393.381 0.675 276.000 
538.589 393.460 0.676 292.000 
538.750 393.500 0.676 292.000 
538.910 393.540 0.676 292.000 
539.070 393.620 0.677 309.000 
539.230 393.659 0.679 325.000 
539.391 393.739 0.681 325.000 
539.551 393.779 0.683 325.000 
539.711 393.859 0.685 341.000 
539.912 393.898 0.687 341.000 
540.032 393.938 0.688 341.000 
540.232 394.018 0.689 358.000 
540.392 394.058 0.691 358.000 
540.593 394.097 0.691 374.000 
540.753 394.137 0.692 374.000 
540.953 394.177 0.692 390.000 
541.114 394.177 0.693 390.000 
541.274 394.296 0.693 406.000 
541.434 394.336 0.694 406.000 
541.634 394.336 0.695 406.000 
541.795 394.376 0.696 423.000 
541.915 394.416 0.697 423.000 
542.075 394.456 0.698 423.000 
542.235 394.495 0.700 439.000 
542.356 394.535 0.701 455.000 
542.516 394.575 0.701 455.000 
542.676 394.655 0.702 455.000 
542.836 394.734 0.703 471.000 
542.997 394.774 0.703 488.000 
543.157 394.854 0.703 488.000 
543.317 394.933 0.703 488.000 
543.437 394.973 0.703 504.000 
543.598 395.013 0.704 504.000 
543.718 395.013 0.704 504.000 
543.878 395.053 0.704 520.000 
544.078 395.053 0.704 536.000 
544.199 395.053 0.705 536.000 
544.359 395.053 0.705 536.000 
544.519 395.093 0.706 552.000 
544.679 395.132 0.706 552.000 
544.840 395.132 0.705 569.000 
545.000 395.172 0.707 569.000 
545.160 395.212 0.706 585.000 
545.361 395.212 0.707 585.000 
545.561 395.252 0.706 585.000 
545.721 395.252 0.706 601.000 
545.922 395.252 0.707 601.000 
546.082 395.252 0.707 617.000 
546.242 395.252 0.706 617.000 
546.402 395.252 0.708 617.000 
546.523 395.212 0.708 633.000 
546.683 395.212 0.708 650.000 
546.843 395.212 0.708 650.000 
547.003 395.212 0.708 650.000 
547.204 395.252 0.708 666.000 
547.364 395.252 0.708 666.000 
547.564 395.252 0.708 666.000 
547.685 395.252 0.708 682.000 
547.885 395.292 0.708 699.000 
548.045 395.331 0.708 699.000 
548.205 395.331 0.708 699.000 
548.366 395.331 0.708 715.000 
548.566 395.331 0.708 731.000 
548.726 395.292 0.709 731.000 
548.886 395.252 0.708 731.000 
549.087 395.212 0.709 747.000 
549.287 395.172 0.709 747.000 
549.447 395.093 0.709 747.000 
549.608 395.013 0.709 764.000 
549.768 394.933 0.709 764.000 
549.928 394.814 0.709 780.000 
550.089 394.774 0.709 780.000 
550.249 394.694 0.710 780.000 
550.409 394.655 0.709 796.000 
550.609 394.615 0.710 812.000 
550.770 394.575 0.709 812.000 
550.930 394.535 0.709 812.000 
551.090 394.535 0.710 829.000 
551.250 394.495 0.710 829.000 
551.411 394.456 0.710 829.000 
551.571 394.416 0.710 845.000 
551.731 394.376 0.710 861.000 
551.891 394.296 0.710 861.000 
552.052 394.257 0.710 861.000 
552.252 394.177 0.710 877.000 
552.452 394.058 0.710 893.000 
552.653 393.938 0.709 893.000 
552.853 393.819 0.710 893.000 
553.013 393.699 0.710 910.000 
553.174 393.620 0.710 910.000 
553.294 393.500 0.710 926.000 
553.454 393.421 0.711 926.000 
553.614 393.301 0.710 926.000 
553.775 393.222 0.710 942.000 
553.975 393.142 0.711 942.000 
554.135 393.102 0.710 958.000 
554.336 392.943 0.710 958.000 
554.576 392.784 0.711 974.000 
554.816 392.585 0.710 974.000 
555.057 392.346 0.710 974.000 
555.337 392.107 0.711 991.000 
555.658 391.828 0.710 1007.000 
556.018 391.550 0.710 1007.000 
556.419 391.231 0.707 1007.000 
556.980 390.753 0.678 1023.000 
557.661 390.196 0.618 1023.000 
558.543 389.440 0.513 1023.000 
559.584 388.524 0.349 1040.000 
