% x_coordinate y_coordinate pressure time
% shape 0, 1423 points
1190.952 220.940 0.071 0
1190.952 220.940 0.108 0
1190.912 220.940 0.140 16
1190.912 220.940 0.167 16
1190.831 220.979 0.190 33
1190.791 221.019 0.205 33
1190.711 221.019 0.223 33
1190.671 221.099 0.239 49
1190.551 221.139 0.259 49
1190.471 221.218 0.277 65
1190.351 221.298 0.295 65
1190.351 221.417 0.310 65
1190.190 221.497 0.323 81
1190.030 221.616 0.333 97
1189.870 221.736 0.345 97
1189.750 221.736 0.354 97
1189.589 221.895 0.361 113
1189.429 222.054 0.367 130
1189.229 222.253 0.370 130
1189.068 222.492 0.374 130
1188.908 222.731 0.379 146
1188.708 223.010 0.383 146
1188.508 223.288 0.386 146
1188.347 223.567 0.390 162
1188.187 223.846 0.392 162
1187.987 224.164 0.394 178
1187.826 224.443 0.396 178
1187.706 224.721 0.396 194
1187.546 225.000 0.397 194
1187.426 225.279 0.399 210
1187.306 225.597 0.399 210
1187.225 225.836 0.400 210
1187.065 226.115 0.401 226
1186.945 226.353 0.401 226
1186.825 226.592 0.403 243
1186.704 226.831 0.405 243
1186.584 227.070 0.407 259
1186.424 227.309 0.409 259
1186.304 227.548 0.411 259
1186.184 227.866 0.411 275
1186.063 228.105 0.413 291
1185.983 228.384 0.413 291
1185.863 228.623 0.415 291
1185.823 228.861 0.418 308
1185.703 229.100 0.419 308
1185.623 229.339 0.420 308
1185.583 229.578 0.422 324
1185.503 229.817 0.422 340
1185.462 230.056 0.424 340
1185.382 230.334 0.426 340
1185.342 230.573 0.427 356
1185.262 230.812 0.428 356
1185.222 231.051 0.429 372
1185.182 231.290 0.430 372
1185.142 231.568 0.431 389
1185.102 231.847 0.431 389
1185.022 232.126 0.431 389
1185.022 232.444 0.434 405
1184.942 232.763 0.434 405
1184.942 233.041 0.433 421
1184.901 233.320 0.435 421
1184.861 233.559 0.434 437
1184.741 233.837 0.434 437
1184.701 234.076 0.435 454
1184.701 234.315 0.435 454
1184.661 234.554 0.436 454
1184.621 234.793 0.437 470
1184.621 235.032 0.438 470
1184.581 235.310 0.441 470
1184.581 235.509 0.442 486
1184.541 235.748 0.441 503
1184.541 235.987 0.444 503
1184.581 236.226 0.444 503
1184.581 236.465 0.444 519
1184.621 236.743 0.445 535
1184.621 237.022 0.445 535
1184.661 237.301 0.446 535
1184.661 237.659 0.446 551
1184.661 237.938 0.447 551
1184.661 238.256 0.447 551
1184.701 238.535 0.449 567
1184.701 238.813 0.448 583
1184.741 239.052 0.449 583
1184.781 239.291 0.449 583
1184.781 239.570 0.449 600
1184.821 239.809 0.450 600
1184.861 240.087 0.449 616
1184.901 240.286 0.449 616
1184.982 240.485 0.450 616
1185.022 240.685 0.450 632
1185.102 240.884 0.450 632
1185.142 241.083 0.451 648
1185.222 241.282 0.451 648
1185.302 241.481 0.452 664
1185.342 241.680 0.452 664
1185.422 241.879 0.452 664
1185.503 242.038 0.453 680
1185.583 242.237 0.453 697
1185.663 242.436 0.453 697
1185.783 242.635 0.454 697
1185.863 242.834 0.453 713
1185.983 243.033 0.453 713
1186.063 243.232 0.454 713
1186.184 243.391 0.454 729
1186.304 243.511 0.454 745
1186.384 243.670 0.455 745
1186.504 243.790 0.454 745
1186.624 243.949 0.454 762
1186.704 244.068 0.455 778
1186.825 244.188 0.454 778
1186.865 244.307 0.455 778
1186.985 244.466 0.455 794
1187.105 244.586 0.455 794
1187.225 244.745 0.455 794
1187.306 244.864 0.455 810
1187.426 245.063 0.455 810
1187.506 245.183 0.455 826
1187.626 245.302 0.456 826
1187.786 245.422 0.455 826
1187.947 245.581 0.456 843
1188.107 245.700 0.456 859
1188.267 245.820 0.456 859
1188.467 245.939 0.457 859
1188.628 246.098 0.457 875
1188.788 246.218 0.457 875
1188.948 246.377 0.457 875
1189.109 246.497 0.457 891
1189.269 246.616 0.457 907
1189.429 246.775 0.457 907
1189.549 246.855 0.457 907
1189.750 246.934 0.458 923
1189.870 247.054 0.458 940
1190.070 247.094 0.457 940
1190.230 247.173 0.458 940
1190.391 247.253 0.457 956
1190.551 247.372 0.458 956
1190.671 247.452 0.458 956
1190.871 247.531 0.458 973
1191.032 247.651 0.458 973
1191.232 247.731 0.458 989
1191.432 247.850 0.458 989
1191.633 247.930 0.458 989
1191.833 248.009 0.459 1005
1192.033 248.089 0.458 1021
1192.274 248.168 0.459 1021
1192.434 248.208 0.459 1021
1192.674 248.248 0.458 1038
1192.875 248.328 0.459 1038
1193.075 248.367 0.459 1038
1193.316 248.407 0.458 1054
1193.476 248.487 0.459 1070
1193.756 248.527 0.459 1070
1193.957 248.606 0.460 1070
1194.157 248.686 0.460 1086
1194.317 248.766 0.460 1103
1194.517 248.805 0.461 1103
1194.758 248.885 0.461 1103
1194.958 248.925 0.460 1119
1195.199 249.004 0.462 1119
1195.399 249.044 0.462 1119
1195.639 249.044 0.461 1135
1195.840 249.084 0.462 1135
1196.080 249.084 0.462 1151
1196.321 249.203 0.462 1151
1196.561 249.203 0.463 1168
1196.841 249.203 0.463 1168
1197.082 249.164 0.464 1184
1197.362 249.164 0.466 1184
1197.603 249.164 0.468 1184
1197.883 249.124 0.469 1200
1198.124 249.124 0.471 1200
1198.324 249.124 0.471 1200
1198.564 249.164 0.473 1216
1198.765 249.164 0.473 1233
1199.005 249.164 0.473 1233
1199.205 249.203 0.475 1233
1199.406 249.203 0.476 1249
1199.646 249.203 0.477 1265
1199.846 249.164 0.480 1265
1200.087 249.124 0.482 1265
1200.287 249.084 0.486 1282
1200.488 249.044 0.491 1282
1200.728 249.004 0.494 1298
1200.888 248.965 0.498 1298
1201.129 248.885 0.500 1298
1201.329 248.845 0.502 1314
1201.529 248.805 0.504 1314
1201.729 248.766 0.506 1314
1201.970 248.766 0.508 1330
1202.170 248.726 0.510 1347
1202.371 248.686 0.512 1347
1202.611 248.646 0.512 1347
1202.851 248.606 0.514 1363
1203.092 248.567 0.514 1379
1203.332 248.527 0.514 1379
1203.573 248.447 0.515 1379
1203.813 248.407 0.515 1395
1204.053 248.328 0.516 1395
1204.294 248.248 0.517 1412
1204.494 248.168 0.516 1412
1204.734 248.089 0.518 1412
1204.935 248.009 0.519 1428
1205.095 247.930 0.520 1428
1205.296 247.850 0.522 1444
1205.456 247.810 0.522 1444
1205.616 247.731 0.522 1460
1205.776 247.691 0.523 1460
1205.896 247.611 0.524 1460
1206.057 247.531 0.524 1477
1206.177 247.452 0.525 1493
1206.337 247.372 0.526 1493
1206.457 247.213 0.526 1493
1206.618 247.133 0.527 1509
1206.738 247.054 0.527 1509
1206.898 246.974 0.528 1509
1207.058 246.855 0.530 1525
1207.219 246.735 0.530 1542
1207.379 246.656 0.530 1542
1207.499 246.576 0.531 1542
1207.699 246.457 0.531 1558
1207.820 246.337 0.531 1558
1208.020 246.218 0.532 1574
1208.180 246.098 0.531 1574
1208.381 245.979 0.532 1590
1208.581 245.979 0.532 1590
1208.741 245.820 0.532 1590
1208.942 245.661 0.533 1607
1209.102 245.541 0.532 1607
1209.262 245.382 0.533 1623
1209.462 245.262 0.533 1623
1209.623 245.143 0.532 1623
1209.783 245.024 0.533 1639
1209.943 244.904 0.533 1656
1210.144 244.825 0.533 1656
1210.304 244.665 0.533 1656
1210.464 244.546 0.533 1672
1210.624 244.426 0.533 1672
1210.785 244.307 0.534 1672
1210.945 244.188 0.534 1688
1211.065 244.028 0.533 1704
1211.225 243.869 0.534 1704
1211.426 243.710 0.534 1704
1211.586 243.551 0.534 1720
1211.746 243.391 0.534 1720
1211.906 243.232 0.534 1737
1212.067 243.033 0.534 1737
1212.227 242.874 0.535 1753
1212.427 242.715 0.534 1753
1212.547 242.555 0.534 1753
1212.748 242.396 0.535 1769
1212.868 242.197 0.534 1769
1213.028 242.078 0.535 1785
1213.189 241.919 0.535 1785
1213.349 241.759 0.534 1785
1213.509 241.560 0.535 1802
1213.629 241.401 0.535 1818
1213.750 241.202 0.535 1818
1213.950 241.043 0.535 1818
1214.070 240.884 0.535 1834
1214.190 240.724 0.534 1834
1214.351 240.525 0.536 1834
1214.511 240.366 0.535 1850
1214.631 240.167 0.535 1867
1214.751 239.968 0.535 1867
1214.911 239.769 0.535 1867
1215.032 239.570 0.535 1883
1215.152 239.411 0.535 1883
1215.232 239.251 0.534 1899
1215.392 239.092 0.535 1899
1215.512 238.893 0.536 1915
1215.593 238.734 0.534 1915
1215.713 238.575 0.535 1931
1215.793 238.455 0.535 1931
1215.913 238.296 0.536 1931
1215.993 238.177 0.535 1948
1216.073 238.017 0.535 1948
1216.154 237.898 0.535 1948
1216.234 237.778 0.536 1964
1216.354 237.659 0.535 1980
1216.434 237.500 0.536 1980
1216.554 237.301 0.537 1980
1216.634 237.181 0.536 1997
1216.755 237.022 0.538 2013
1216.835 236.863 0.537 2013
1216.915 236.664 0.537 2013
1216.995 236.505 0.538 2029
1217.075 236.345 0.538 2029
1217.155 236.186 0.539 2029
1217.195 236.027 0.539 2045
1217.275 235.908 0.539 2062
1217.356 235.748 0.540 2062
1217.396 235.629 0.541 2062
1217.476 235.470 0.540 2078
1217.556 235.350 0.540 2078
1217.676 235.191 0.541 2094
1217.756 235.032 0.540 2094
1217.917 234.793 0.542 2094
1217.997 234.634 0.542 2110
1218.117 234.435 0.542 2110
1218.197 234.235 0.543 2126
1218.277 234.036 0.544 2126
1218.357 233.837 0.545 2143
1218.477 233.678 0.547 2143
1218.518 233.519 0.549 2143
1218.558 233.400 0.551 2159
1218.598 233.240 0.553 2175
1218.678 233.121 0.553 2175
1218.718 233.001 0.554 2175
1218.798 232.842 0.555 2192
1218.838 232.723 0.554 2192
1218.878 232.564 0.555 2192
1218.958 232.404 0.556 2208
1218.998 232.245 0.555 2224
1219.078 232.086 0.556 2224
1219.119 231.927 0.556 2224
1219.199 231.767 0.557 2241
1219.239 231.608 0.561 2241
1219.319 231.449 0.562 2257
1219.359 231.290 0.565 2257
1219.399 231.131 0.567 2257
1219.439 230.971 0.567 2273
1219.439 230.812 0.569 2273
1219.519 230.653 0.571 2289
1219.519 230.494 0.571 2289
1219.559 230.374 0.573 2305
1219.599 230.215 0.574 2305
1219.720 230.095 0.574 2305
1219.760 229.896 0.576 2322
1219.760 229.777 0.576 2338
1219.800 229.618 0.577 2338
1219.840 229.458 0.578 2338
1219.880 229.299 0.578 2354
1219.880 229.180 0.579 2354
1219.920 229.021 0.581 2354
1219.920 228.901 0.581 2370
1219.920 228.782 0.583 2387
1219.960 228.662 0.584 2387
1220.000 228.503 0.584 2387
1220.000 228.384 0.586 2403
1220.040 228.264 0.587 2403
1220.040 228.105 0.587 2419
1220.080 227.986 0.589 2419
1220.120 227.826 0.589 2435
1220.160 227.707 0.590 2435
1220.160 227.508 0.593 2435
1220.160 227.389 0.594 2451
1220.200 227.269 0.596 2451
1220.160 227.150 0.599 2468
1220.160 227.030 0.600 2468
1220.160 226.911 0.602 2484
1220.160 226.831 0.604 2484
1220.120 226.752 0.604 2500
1220.120 226.672 0.606 2500
1220.120 226.592 0.607 2500
1220.080 226.513 0.606 2516
1220.080 226.433 0.608 2516
1220.080 226.353 0.609 2516
1220.080 226.274 0.608 2532
1220.040 226.194 0.610 2549
1220.000 226.075 0.610 2549
1220.000 225.995 0.610 2549
1219.960 225.876 0.611 2565
1220.000 225.756 0.611 2581
1219.960 225.637 0.611 2581
1219.960 225.518 0.612 2581
1219.920 225.438 0.613 2598
1219.880 225.318 0.615 2598
1219.840 225.199 0.618 2598
1219.800 225.080 0.619 2614
1219.760 225.000 0.621 2614
1219.720 224.920 0.624 2630
1219.679 224.841 0.625 2630
1219.639 224.761 0.626 2646
1219.559 224.682 0.628 2646
1219.519 224.642 0.629 2663
1219.479 224.562 0.630 2663
1219.439 224.482 0.630 2663
1219.359 224.403 0.632 2679
1219.319 224.363 0.633 2679
1219.279 224.283 0.634 2679
1219.199 224.244 0.635 2695
1219.159 224.164 0.637 2711
1219.038 224.084 0.638 2711
1218.998 224.005 0.640 2711
1218.918 223.925 0.643 2727
1218.878 223.846 0.644 2744
1218.838 223.766 0.648 2744
1218.798 223.686 0.651 2744
1218.758 223.607 0.652 2760
1218.718 223.527 0.655 2760
1218.678 223.487 0.657 2760
1218.638 223.408 0.658 2776
1218.558 223.368 0.660 2792
1218.518 223.328 0.661 2792
1218.437 223.328 0.662 2792
1218.357 223.288 0.664 2808
1218.277 223.248 0.664 2808
1218.237 223.209 0.666 2825
1218.157 223.169 0.668 2825
1218.077 223.129 0.668 2825
1217.997 223.089 0.670 2841
1217.917 223.010 0.672 2841
1217.876 222.970 0.673 2857
1217.796 222.890 0.674 2857
1217.716 222.811 0.674 2873
1217.636 222.771 0.675 2873
1217.556 222.651 0.677 2873
1217.476 222.612 0.678 2889
1217.356 222.572 0.680 2906
1217.275 222.532 0.682 2906
1217.155 222.492 0.682 2906
1217.035 222.452 0.684 2922
1216.955 222.412 0.685 2922
1216.835 222.412 0.685 2922
1216.755 222.373 0.687 2938
1216.634 222.333 0.688 2954
1216.514 222.213 0.688 2954
1216.394 222.174 0.689 2954
1216.274 222.174 0.690 2970
1216.154 222.134 0.689 2970
1216.033 222.134 0.692 2986
1215.953 222.174 0.692 2986
1215.913 222.134 0.692 3002
1215.833 222.134 0.695 3002
1215.673 222.134 0.694 3018
1215.553 222.134 0.694 3018
1215.472 222.134 0.695 3018
1215.312 222.134 0.696 3035
1215.192 222.134 0.696 3035
1215.032 222.094 0.698 3035
1214.911 222.094 0.697 3051
1214.791 222.094 0.699 3067
1214.631 222.094 0.700 3067
1214.511 222.054 0.700 3067
1214.391 222.054 0.702 3083
1214.271 222.054 0.703 3100
1214.110 222.054 0.703 3100
1213.990 222.054 0.706 3100
1213.870 222.014 0.707 3116
1213.710 222.014 0.708 3116
1213.589 222.054 0.710 3116
1213.429 222.054 0.710 3132
1213.309 222.094 0.711 3132
1213.189 222.134 0.713 3148
1213.068 222.174 0.711 3148
1212.908 222.174 0.712 3148
1212.788 222.174 0.713 3164
1212.708 222.213 0.713 3181
1212.588 222.174 0.714 3181
1212.507 222.213 0.714 3181
1212.387 222.213 0.714 3197
1212.307 222.213 0.716 3213
1212.187 222.213 0.716 3213
1212.107 222.213 0.716 3213
1211.987 222.253 0.717 3229
1211.866 222.253 0.718 3229
1211.786 222.253 0.718 3229
1211.666 222.293 0.719 3246
1211.626 222.293 0.719 3262
1211.546 222.293 0.722 3262
1211.466 222.293 0.723 3262
1211.386 222.293 0.723 3278
1211.306 222.293 0.726 3278
1211.266 222.253 0.727 3294
1211.145 222.253 0.727 3294
1211.105 222.253 0.729 3294
1211.025 222.253 0.730 3310
1210.945 222.253 0.731 3310
1210.865 222.293 0.733 3327
1210.785 222.293 0.735 3327
1210.704 222.333 0.735 3343
1210.624 222.333 0.737 3343
1210.544 222.373 0.737 3343
1210.464 222.373 0.738 3359
1210.344 222.412 0.738 3376
1210.304 222.452 0.738 3376
1210.224 222.452 0.738 3376
1210.144 222.492 0.739 3392
1210.063 222.492 0.737 3392
1210.023 222.532 0.739 3392
1209.943 222.572 0.738 3408
1209.863 222.612 0.738 3424
1209.783 222.612 0.740 3424
1209.703 222.651 0.740 3424
1209.663 222.691 0.738 3441
1209.543 222.731 0.741 3441
1209.462 222.850 0.740 3457
1209.342 222.890 0.740 3457
1209.262 222.930 0.741 3473
1209.182 222.970 0.741 3473
1209.062 223.049 0.740 3473
1208.982 223.089 0.742 3489
1208.861 223.129 0.741 3489
1208.781 223.209 0.742 3505
1208.701 223.288 0.742 3505
1208.581 223.368 0.741 3505
1208.541 223.447 0.742 3521
1208.461 223.527 0.741 3538
1208.421 223.607 0.741 3538
1208.341 223.647 0.743 3538
1208.260 223.726 0.742 3554
1208.180 223.806 0.742 3554
1208.100 223.885 0.743 3554
1208.020 223.965 0.742 3570
1207.940 224.005 0.742 3587
1207.900 224.084 0.743 3587
1207.820 224.124 0.742 3587
1207.740 224.164 0.742 3603
1207.699 224.244 0.743 3619
1207.579 224.283 0.742 3619
1207.539 224.363 0.743 3619
1207.419 224.443 0.743 3636
1207.379 224.522 0.742 3636
1207.259 224.602 0.743 3636
1207.179 224.721 0.743 3652
1207.139 224.801 0.742 3652
1207.018 224.881 0.743 3668
1206.978 224.960 0.743 3668
1206.898 225.040 0.743 3684
1206.818 225.119 0.743 3684
1206.778 225.199 0.742 3700
1206.738 225.318 0.743 3700
1206.658 225.398 0.743 3700
1206.578 225.478 0.742 3716
1206.538 225.557 0.743 3716
1206.457 225.637 0.743 3732
1206.417 225.756 0.742 3732
1206.337 225.836 0.743 3748
1206.297 225.955 0.743 3748
1206.217 226.075 0.741 3748
1206.177 226.154 0.743 3765
1206.097 226.234 0.743 3781
1206.017 226.314 0.742 3781
1205.977 226.393 0.743 3781
1205.896 226.473 0.742 3797
1205.816 226.552 0.743 3797
1205.736 226.632 0.743 3813
1205.656 226.712 0.742 3813
1205.616 226.791 0.743 3813
1205.536 226.871 0.743 3830
1205.456 226.951 0.742 3830
1205.416 227.030 0.743 3830
1205.336 227.110 0.743 3846
1205.296 227.189 0.742 3862
1205.215 227.269 0.743 3862
1205.175 227.349 0.743 3862
1205.095 227.468 0.742 3878
1205.055 227.548 0.743 3895
1204.975 227.627 0.742 3895
1204.895 227.747 0.743 3895
1204.815 227.826 0.743 3911
1204.734 227.906 0.742 3911
1204.694 228.025 0.743 3911
1204.574 228.105 0.743 3927
1204.534 228.224 0.742 3943
1204.454 228.344 0.743 3943
1204.374 228.424 0.743 3943
1204.294 228.503 0.742 3960
1204.214 228.623 0.743 3960
1204.134 228.702 0.743 3976
1204.094 228.782 0.742 3976
1204.013 228.861 0.743 3976
1204.013 228.941 0.742 3992
1203.933 229.021 0.742 3992
1203.893 229.140 0.743 4008
1203.853 229.220 0.742 4008
1203.813 229.299 0.743 4024
1203.773 229.379 0.743 4024
1203.733 229.458 0.742 4024
1203.693 229.538 0.742 4041
1203.613 229.618 0.743 4057
1203.573 229.737 0.742 4057
1203.493 229.857 0.743 4057
1203.412 229.976 0.743 4073
1203.332 229.976 0.742 4073
1203.252 230.095 0.743 4073
1203.212 230.294 0.743 4090
1203.092 230.414 0.742 4106
1203.012 230.533 0.744 4106
1202.932 230.653 0.742 4106
1202.851 230.772 0.742 4122
1202.771 230.892 0.744 4122
1202.651 231.051 0.742 4138
1202.571 231.170 0.743 4138
1202.491 231.290 0.743 4154
1202.371 231.449 0.742 4154
1202.250 231.608 0.743 4154
1202.170 231.728 0.743 4171
1202.050 231.887 0.743 4171
1201.970 232.046 0.743 4187
1201.890 232.205 0.742 4187
1201.729 232.325 0.742 4187
1201.689 232.484 0.743 4203
1201.569 232.643 0.743 4219
1201.489 232.802 0.742 4219
1201.409 232.922 0.743 4219
1201.329 233.081 0.742 4236
1201.249 233.201 0.743 4236
1201.209 233.360 0.743 4236
1201.129 233.479 0.742 4252
1201.048 233.599 0.743 4268
1201.008 233.758 0.743 4268
1200.928 233.917 0.742 4268
1200.888 234.036 0.743 4284
1200.808 234.196 0.743 4300
1200.728 234.355 0.742 4300
1200.648 234.474 0.743 4300
1200.608 234.594 0.743 4316
1200.528 234.713 0.742 4316
1200.447 234.833 0.743 4316
1200.407 234.992 0.742 4333
1200.327 235.151 0.743 4349
1200.287 235.271 0.744 4349
1200.207 235.390 0.743 4349
1200.127 235.509 0.743 4365
1200.087 235.669 0.743 4365
1200.007 235.788 0.743 4381
1199.927 235.908 0.744 4381
1199.886 236.067 0.742 4381
1199.806 236.186 0.742 4398
1199.726 236.306 0.743 4398
1199.686 236.425 0.742 4414
1199.606 236.584 0.742 4414
1199.566 236.704 0.743 4430
1199.486 236.823 0.742 4430
1199.486 236.943 0.742 4430
1199.406 237.062 0.743 4446
1199.285 237.221 0.742 4463
1199.245 237.301 0.742 4463
1199.205 237.420 0.743 4463
1199.165 237.619 0.742 4479
1199.085 237.739 0.742 4479
1199.045 237.858 0.742 4479
1198.965 237.977 0.742 4495
1198.925 238.137 0.743 4511
1198.885 238.296 0.742 4511
1198.845 238.455 0.742 4511
1198.765 238.575 0.743 4527
1198.725 238.734 0.742 4527
1198.685 238.853 0.742 4544
1198.644 239.013 0.743 4544
1198.644 239.132 0.742 4544
1198.604 239.291 0.742 4560
1198.604 239.411 0.743 4576
1198.564 239.610 0.742 4576
1198.524 239.729 0.743 4576
1198.484 239.888 0.742 4593
1198.404 240.087 0.742 4593
1198.364 240.207 0.743 4593
1198.284 240.366 0.743 4609
1198.244 240.525 0.742 4625
1198.204 240.645 0.743 4625
1198.124 240.764 0.742 4625
1198.124 240.923 0.742 4641
1198.003 241.083 0.743 4641
1198.003 241.242 0.742 4657
1197.963 241.361 0.742 4657
1197.923 241.560 0.743 4657
1197.923 241.680 0.742 4674
1197.883 241.839 0.742 4690
1197.843 241.958 0.743 4690
1197.803 242.078 0.742 4690
1197.803 242.197 0.743 4706
1197.763 242.317 0.743 4706
1197.763 242.476 0.742 4706
1197.723 242.595 0.743 4722
1197.683 242.715 0.742 4739
1197.683 242.874 0.742 4739
1197.643 242.993 0.743 4739
1197.643 243.113 0.742 4755
1197.563 243.192 0.742 4771
1197.563 243.312 0.743 4771
1197.523 243.431 0.742 4771
1197.523 243.551 0.742 4787
1197.523 243.670 0.742 4787
1197.482 243.790 0.741 4787
1197.482 243.909 0.743 4803
1197.442 244.028 0.743 4803
1197.442 244.148 0.742 4819
1197.442 244.267 0.743 4819
1197.402 244.387 0.743 4836
1197.402 244.466 0.742 4836
1197.362 244.625 0.743 4852
1197.362 244.745 0.742 4852
1197.322 244.904 0.742 4852
1197.282 245.063 0.743 4868
1197.282 245.183 0.742 4868
1197.242 245.302 0.742 4868
1197.282 245.422 0.743 4884
1197.242 245.541 0.742 4901
1197.242 245.661 0.742 4901
1197.242 245.780 0.743 4901
1197.202 245.939 0.742 4917
1197.202 246.059 0.743 4933
1197.162 246.178 0.743 4933
1197.162 246.337 0.742 4933
1197.122 246.457 0.743 4949
1197.122 246.576 0.743 4949
1197.122 246.696 0.742 4949
1197.082 246.815 0.743 4965
1197.082 246.934 0.742 4982
1197.082 247.054 0.742 4982
1197.082 247.173 0.743 4982
1197.082 247.372 0.742 4998
1197.082 247.492 0.742 4998
1197.042 247.651 0.743 5014
1197.042 247.770 0.742 5014
1197.082 247.930 0.743 5030
1197.042 248.089 0.742 5030
1197.082 248.208 0.742 5030
1197.082 248.328 0.743 5046
1197.122 248.487 0.742 5046
1197.122 248.606 0.742 5063
1197.122 248.726 0.743 5063
1197.162 248.885 0.742 5063
1197.162 249.004 0.742 5079
1197.202 249.124 0.743 5095
1197.202 249.243 0.742 5095
1197.202 249.363 0.742 5095
1197.242 249.482 0.743 5111
1197.242 249.562 0.742 5111
1197.242 249.681 0.742 5111
1197.282 249.840 0.743 5128
1197.282 249.920 0.742 5144
1197.282 250.039 0.743 5144
1197.322 250.159 0.742 5144
1197.362 250.239 0.741 5160
1197.362 250.358 0.742 5177
1197.402 250.438 0.742 5177
1197.402 250.557 0.742 5177
1197.442 250.676 0.743 5193
1197.442 250.756 0.742 5193
1197.442 250.915 0.742 5193
1197.482 251.035 0.743 5209
1197.442 251.154 0.742 5209
1197.482 251.273 0.742 5225
1197.482 251.393 0.742 5225
1197.523 251.512 0.742 5241
1197.523 251.592 0.742 5241
1197.563 251.711 0.742 5258
1197.603 251.791 0.741 5258
1197.643 251.910 0.742 5258
1197.723 251.990 0.741 5274
1197.763 252.070 0.741 5274
1197.843 252.189 0.742 5274
1197.883 252.308 0.741 5290
1197.883 252.428 0.741 5306
1197.963 252.508 0.742 5306
1198.003 252.627 0.741 5306
1198.043 252.746 0.742 5322
1198.083 252.866 0.742 5338
1198.164 252.945 0.741 5338
1198.204 253.065 0.742 5338
1198.244 253.144 0.742 5355
1198.284 253.264 0.741 5355
1198.324 253.383 0.741 5355
1198.404 253.463 0.741 5371
1198.444 253.582 0.741 5387
1198.484 253.702 0.742 5387
1198.564 253.781 0.741 5387
1198.564 253.901 0.741 5403
1198.644 254.020 0.742 5403
1198.685 254.100 0.741 5419
1198.725 254.219 0.742 5419
1198.765 254.299 0.742 5419
1198.805 254.418 0.741 5436
1198.885 254.498 0.742 5436
1198.925 254.578 0.742 5452
1198.965 254.697 0.741 5452
1199.005 254.777 0.742 5468
1199.045 254.896 0.742 5468
1199.085 254.976 0.741 5468
1199.165 255.095 0.742 5485
1199.205 255.175 0.742 5501
1199.285 255.254 0.741 5501
1199.366 255.334 0.742 5501
1199.446 255.414 0.741 5517
1199.526 255.493 0.742 5517
1199.566 255.573 0.742 5517
1199.686 255.652 0.741 5533
1199.766 255.692 0.741 5550
1199.806 255.812 0.742 5550
1199.886 255.891 0.741 5550
1199.967 255.971 0.742 5566
1200.047 256.050 0.742 5582
1200.087 256.170 0.741 5582
1200.167 256.250 0.742 5582
1200.247 256.329 0.741 5598
1200.287 256.449 0.741 5598
1200.367 256.528 0.742 5598
1200.447 256.608 0.742 5614
1200.528 256.687 0.741 5614
1200.608 256.727 0.742 5631
1200.688 256.807 0.741 5631
1200.808 256.886 0.741 5631
1200.848 256.966 0.742 5647
1200.968 257.046 0.741 5663
1201.008 257.165 0.741 5663
1201.129 257.245 0.742 5663
1201.209 257.284 0.741 5679
1201.289 257.364 0.742 5679
1201.369 257.444 0.742 5679
1201.449 257.523 0.741 5696
1201.569 257.563 0.742 5712
1201.649 257.643 0.741 5712
1201.770 257.683 0.741 5712
1201.890 257.762 0.741 5728
1202.010 257.802 0.741 5744
1202.090 257.882 0.741 5744
1202.170 257.922 0.742 5744
1202.290 258.001 0.741 5760
1202.371 258.041 0.742 5760
1202.451 258.121 0.742 5760
1202.571 258.200 0.741 5776
1202.691 258.280 0.742 5776
1202.731 258.359 0.742 5792
1202.851 258.399 0.741 5792
1203.012 258.439 0.742 5809
1203.172 258.479 0.741 5809
1203.332 258.519 0.741 5825
1203.453 258.519 0.742 5825
1203.613 258.558 0.742 5825
1203.773 258.598 0.741 5841
1203.933 258.638 0.742 5841
1204.134 258.678 0.741 5841
1204.294 258.718 0.742 5857
1204.494 258.758 0.742 5874
1204.654 258.758 0.741 5874
1204.815 258.797 0.742 5874
1204.975 258.917 0.742 5890
1205.095 258.917 0.742 5906
1205.215 258.917 0.742 5906
1205.376 258.917 0.742 5906
1205.496 258.917 0.742 5922
1205.656 258.957 0.743 5922
1205.736 258.957 0.742 5938
1205.856 258.957 0.742 5938
1205.977 258.957 0.743 5938
1206.097 258.996 0.742 5954
1206.177 258.996 0.743 5954
1206.257 258.996 0.743 5970
1206.377 259.036 0.742 5970
1206.498 259.036 0.743 5987
1206.618 259.036 0.743 5987
1206.738 259.036 0.742 5987
1206.858 259.036 0.743 6003
1206.978 259.076 0.743 6019
1207.099 259.076 0.743 6019
1207.219 259.116 0.743 6019
1207.299 259.156 0.742 6035
1207.459 259.156 0.743 6035
1207.539 259.195 0.744 6035
1207.699 259.235 0.743 6052
1207.820 259.235 0.743 6068
1207.940 259.235 0.744 6068
1208.020 259.275 0.742 6068
1208.140 259.235 0.743 6084
1208.260 259.235 0.744 6084
1208.381 259.235 0.742 6100
1208.501 259.195 0.743 6100
1208.621 259.195 0.743 6116
1208.741 259.195 0.743 6116
1208.861 259.195 0.743 6116
1208.982 259.156 0.744 6132
1209.102 259.156 0.743 6132
1209.182 259.156 0.743 6148
1209.302 259.195 0.744 6148
1209.422 259.195 0.743 6164
1209.502 259.195 0.744 6164
1209.623 259.195 0.744 6181
1209.743 259.195 0.743 6181
1209.863 259.195 0.744 6181
1209.943 259.195 0.743 6197
1210.063 259.195 0.744 6197
1210.184 259.156 0.744 6197
1210.304 259.116 0.743 6213
1210.464 259.076 0.744 6229
1210.544 258.996 0.743 6229
1210.704 258.957 0.743 6229
1210.825 258.917 0.744 6246
1210.945 258.877 0.743 6262
1211.065 258.837 0.743 6262
1211.185 258.797 0.744 6262
1211.306 258.758 0.744 6278
1211.426 258.718 0.744 6278
1211.586 258.638 0.745 6278
1211.666 258.638 0.743 6294
1211.786 258.598 0.744 6294
1211.906 258.598 0.745 6311
1211.987 258.558 0.744 6311
1212.107 258.519 0.744 6327
1212.227 258.519 0.744 6327
1212.347 258.479 0.743 6343
1212.427 258.439 0.745 6343
1212.547 258.359 0.744 6343
1212.708 258.320 0.743 6359
1212.788 258.240 0.745 6359
1212.948 258.160 0.745 6359
1213.068 258.081 0.744 6375
1213.189 258.041 0.746 6392
1213.309 257.961 0.744 6392
1213.429 257.922 0.745 6392
1213.509 257.882 0.745 6408
1213.629 257.842 0.744 6424
1213.750 257.802 0.745 6424
1213.870 257.762 0.745 6424
1213.990 257.722 0.744 6440
1214.070 257.643 0.745 6440
1214.190 257.603 0.745 6456
1214.311 257.523 0.744 6456
1214.391 257.484 0.746 6473
1214.511 257.404 0.745 6473
1214.631 257.324 0.745 6473
1214.751 257.284 0.746 6489
1214.871 257.205 0.745 6489
1214.992 257.125 0.745 6505
1215.112 257.085 0.746 6505
1215.192 256.966 0.745 6505
1215.312 256.886 0.746 6521
1215.392 256.807 0.746 6538
1215.472 256.727 0.745 6538
1215.553 256.687 0.746 6538
1215.633 256.608 0.747 6554
1215.713 256.528 0.746 6554
1215.793 256.488 0.747 6554
1215.873 256.409 0.747 6570
1215.953 256.369 0.746 6586
1216.033 256.289 0.747 6586
1216.073 256.210 0.747 6586
1216.154 256.170 0.747 6602
1216.194 256.090 0.748 6619
1216.234 256.050 0.747 6619
1216.314 255.971 0.748 6619
1216.394 255.931 0.751 6635
1216.474 255.851 0.750 6635
1216.514 255.812 0.752 6635
1216.594 255.732 0.754 6651
1216.634 255.692 0.755 6651
1216.675 255.652 0.757 6668
1216.715 255.613 0.757 6668
1216.795 255.573 0.757 6684
1216.835 255.573 0.758 6684
1216.875 255.573 0.758 6700
1216.875 255.533 0.758 6700
1216.915 255.493 0.759 6700
1216.955 255.493 0.759 6716
1217.075 255.453 0.760 6716
1217.115 255.414 0.759 6732
1217.155 255.414 0.760 6749
1217.195 255.414 0.761 6749
1217.195 255.414 0.760 6749
1217.195 255.414 0.761 6765
1217.235 255.414 0.761 6781
1217.195 255.414 0.761 6781
1217.195 255.453 0.763 6781
1217.195 255.453 0.764 6797
1217.155 255.493 0.764 6797
1217.155 255.533 0.766 6797
1217.115 255.573 0.767 6814
1217.075 255.652 0.769 6830
1217.035 255.732 0.772 6830
1216.995 255.851 0.772 6830
1216.875 255.931 0.774 6830
1216.795 256.050 0.775 6846
1216.755 256.170 0.775 6862
1216.675 256.170 0.776 6862
1216.634 256.289 0.777 6862
1216.594 256.409 0.777 6878
1216.554 256.568 0.779 6895
1216.514 256.687 0.779 6895
1216.434 256.847 0.779 6895
1216.354 256.966 0.780 6911
1216.314 257.205 0.780 6911
1216.234 257.364 0.779 6911
1216.154 257.523 0.781 6927
1216.073 257.722 0.780 6943
1215.993 257.922 0.780 6943
1215.913 258.121 0.781 6943
1215.873 258.320 0.780 6959
1215.793 258.519 0.781 6959
1215.753 258.718 0.781 6975
1215.673 258.877 0.780 6975
1215.593 259.076 0.781 6975
1215.553 259.315 0.781 6992
1215.472 259.514 0.781 6992
1215.432 259.713 0.782 6992
1215.352 259.912 0.781 7008
1215.312 260.071 0.781 7024
1215.272 260.230 0.782 7024
1215.192 260.429 0.782 7024
1215.152 260.589 0.781 7040
1215.032 260.748 0.782 7056
1215.032 260.907 0.781 7056
1214.952 261.066 0.781 7056
1214.911 261.226 0.782 7073
1214.831 261.385 0.781 7073
1214.791 261.584 0.782 7073
1214.711 261.743 0.782 7089
1214.671 261.902 0.781 7105
1214.591 262.141 0.782 7105
1214.551 262.340 0.782 7105
1214.471 262.499 0.781 7121
1214.431 262.698 0.783 7121
1214.351 262.858 0.782 7138
1214.311 263.057 0.781 7138
1214.230 263.216 0.782 7138
1214.230 263.375 0.781 7154
1214.150 263.534 0.782 7170
1214.150 263.734 0.782 7170
1214.110 263.893 0.781 7170
1214.070 264.052 0.782 7186
1214.030 264.211 0.783 7186
1213.950 264.370 0.781 7186
1213.950 264.609 0.783 7202
1213.870 264.729 0.782 7219
1213.830 264.928 0.782 7219
1213.790 265.087 0.783 7219
1213.710 265.206 0.782 7235
1213.669 265.326 0.782 7251
1213.629 265.485 0.783 7251
1213.589 265.604 0.782 7251
1213.509 265.724 0.782 7267
1213.469 265.883 0.783 7267
1213.429 266.042 0.782 7267
1213.349 266.202 0.782 7284
1213.309 266.361 0.783 7284
1213.269 266.520 0.782 7300
1213.229 266.679 0.782 7300
1213.149 266.799 0.783 7300
1213.109 266.998 0.782 7316
1213.068 267.157 0.783 7332
1212.988 267.276 0.783 7332
1212.948 267.436 0.782 7332
1212.948 267.555 0.783 7349
1212.908 267.714 0.783 7349
1212.868 267.834 0.782 7349
1212.868 267.993 0.783 7365
1212.828 268.152 0.782 7381
1212.788 268.272 0.783 7381
1212.788 268.431 0.783 7381
1212.708 268.550 0.782 7397
1212.708 268.670 0.782 7414
1212.628 268.789 0.784 7414
1212.588 268.909 0.782 7414
1212.547 269.068 0.783 7430
1212.507 269.187 0.782 7430
1212.507 269.307 0.782 7430
1212.427 269.506 0.783 7446
1212.387 269.665 0.783 7446
1212.347 269.824 0.782 7462
1212.307 269.944 0.783 7462
1212.267 270.103 0.782 7478
1212.187 270.262 0.783 7478
1212.187 270.381 0.783 7495
1212.147 270.501 0.782 7495
1212.107 270.581 0.783 7495
1212.067 270.700 0.783 7511
1212.067 270.780 0.782 7511
1212.067 270.899 0.783 7511
1211.987 271.018 0.783 7527
1211.947 271.138 0.782 7543
1211.906 271.257 0.783 7543
1211.906 271.377 0.783 7543
1211.866 271.496 0.782 7560
1211.786 271.616 0.783 7576
1211.786 271.775 0.783 7576
1211.706 271.934 0.783 7576
1211.666 272.053 0.783 7592
1211.626 272.213 0.783 7592
1211.586 272.332 0.783 7592
1211.546 272.491 0.784 7608
1211.506 272.611 0.782 7625
1211.466 272.770 0.783 7625
1211.426 272.929 0.783 7625
1211.386 273.049 0.783 7641
1211.346 273.208 0.784 7641
1211.306 273.327 0.783 7657
1211.306 273.487 0.782 7657
1211.266 273.606 0.784 7657
1211.225 273.765 0.783 7673
1211.185 273.924 0.782 7673
1211.145 274.123 0.784 7689
1211.105 274.283 0.783 7689
1211.065 274.522 0.783 7705
1210.985 274.681 0.784 7705
1210.945 274.840 0.783 7705
1210.905 274.999 0.783 7721
1210.865 275.119 0.784 7738
1210.825 275.278 0.783 7738
1210.745 275.437 0.783 7738
1210.704 275.596 0.784 7754
1210.664 275.756 0.784 7754
1210.584 275.915 0.784 7754
1210.584 276.074 0.784 7770
1210.464 276.233 0.783 7786
1210.464 276.353 0.784 7786
1210.384 276.512 0.783 7786
1210.344 276.631 0.783 7802
1210.344 276.751 0.784 7819
1210.264 276.950 0.783 7819
1210.264 277.069 0.783 7819
1210.184 277.229 0.784 7835
1210.144 277.388 0.784 7835
1210.104 277.547 0.784 7835
1210.023 277.666 0.784 7851
1209.983 277.826 0.783 7851
1209.943 277.985 0.784 7867
1209.903 278.144 0.784 7867
1209.823 278.303 0.783 7884
1209.783 278.423 0.784 7884
1209.703 278.582 0.784 7900
1209.663 278.701 0.783 7900
1209.623 278.861 0.784 7900
1209.543 278.980 0.783 7916
1209.543 279.139 0.784 7916
1209.462 279.259 0.785 7916
1209.422 279.458 0.783 7932
1209.342 279.617 0.783 7949
1209.302 279.736 0.785 7949
1209.262 279.896 0.784 7949
1209.182 280.015 0.784 7965
1209.142 280.174 0.785 7981
1209.062 280.334 0.783 7981
1209.022 280.493 0.784 7981
1208.982 280.652 0.784 7997
1208.901 280.771 0.783 7997
1208.821 280.931 0.784 7997
1208.701 281.050 0.784 8013
1208.661 281.170 0.784 8030
1208.581 281.289 0.785 8030
1208.541 281.448 0.784 8030
1208.461 281.568 0.784 8046
1208.421 281.727 0.785 8046
1208.341 281.886 0.784 8062
1208.260 282.045 0.784 8062
1208.220 282.165 0.785 8062
1208.140 282.284 0.784 8078
1208.100 282.443 0.785 8078
1208.020 282.563 0.784 8095
1207.940 282.682 0.783 8095
1207.940 282.841 0.785 8111
1207.860 282.961 0.784 8111
1207.820 283.120 0.784 8111
1207.740 283.240 0.786 8127
1207.699 283.399 0.785 8144
1207.659 283.518 0.784 8144
1207.579 283.638 0.786 8144
1207.499 283.757 0.785 8160
1207.419 283.876 0.785 8160
1207.339 283.996 0.786 8160
1207.259 284.115 0.785 8176
1207.179 284.314 0.786 8192
1207.058 284.434 0.784 8192
1206.978 284.513 0.785 8192
1206.898 284.633 0.786 8208
1206.818 284.752 0.784 8208
1206.778 284.872 0.785 8225
1206.698 284.991 0.785 8225
1206.578 285.111 0.784 8225
1206.498 285.190 0.784 8241
1206.417 285.310 0.785 8241
1206.377 285.429 0.785 8257
1206.257 285.549 0.785 8257
1206.217 285.628 0.786 8273
1206.137 285.748 0.784 8273
1206.097 285.867 0.786 8273
1206.017 285.986 0.786 8289
1205.937 286.106 0.784 8305
1205.896 286.185 0.786 8305
1205.816 286.305 0.786 8305
1205.736 286.384 0.784 8321
1205.656 286.464 0.786 8321
1205.536 286.544 0.786 8338
1205.456 286.623 0.786 8338
1205.336 286.703 0.787 8354
1205.255 286.822 0.786 8354
1205.135 286.942 0.786 8354
1205.055 287.021 0.787 8370
1204.935 287.061 0.786 8370
1204.855 287.141 0.786 8386
1204.734 287.220 0.787 8386
1204.694 287.260 0.786 8386
1204.574 287.340 0.787 8403
1204.414 287.380 0.787 8419
1204.334 287.459 0.786 8419
1204.174 287.539 0.787 8419
1204.053 287.579 0.787 8435
1203.933 287.658 0.786 8451
1203.773 287.738 0.787 8451
1203.653 287.818 0.786 8451
1203.533 287.857 0.787 8467
1203.412 287.937 0.788 8467
1203.292 288.017 0.786 8467
1203.172 288.096 0.787 8484
1203.052 288.176 0.788 8500
1202.932 288.216 0.786 8500
1202.851 288.295 0.787 8500
1202.731 288.375 0.787 8516
1202.611 288.454 0.786 8516
1202.491 288.534 0.787 8532
1202.371 288.614 0.787 8532
1202.250 288.654 0.786 8532
1202.090 288.733 0.787 8548
1201.970 288.773 0.786 8548
1201.850 288.853 0.786 8564
1201.729 288.932 0.788 8564
1201.569 288.972 0.786 8580
1201.449 289.052 0.787 8580
1201.329 289.131 0.788 8580
1201.169 289.211 0.786 8597
1201.089 289.330 0.787 8613
1200.968 289.370 0.787 8613
1200.848 289.450 0.786 8613
1200.688 289.529 0.788 8629
1200.568 289.569 0.787 8629
1200.447 289.609 0.787 8629
1200.327 289.649 0.788 8645
1200.207 289.649 0.788 8661
1200.087 289.689 0.788 8661
1199.967 289.808 0.789 8661
1199.806 289.808 0.787 8678
1199.646 289.848 0.788 8694
1199.526 289.848 0.789 8694
1199.366 289.888 0.788 8694
1199.245 289.927 0.788 8710
1199.085 289.967 0.789 8710
1198.925 290.007 0.788 8710
1198.805 290.087 0.789 8726
1198.644 290.126 0.789 8726
1198.524 290.166 0.788 8742
1198.364 290.206 0.790 8742
1198.244 290.246 0.789 8759
1198.124 290.246 0.789 8759
1198.003 290.286 0.790 8775
1197.883 290.286 0.790 8775
1197.723 290.286 0.790 8775
1197.603 290.326 0.792 8791
1197.442 290.326 0.791 8791
1197.322 290.326 0.792 8791
1197.162 290.365 0.793 8807
1196.962 290.365 0.792 8823
1196.801 290.405 0.794 8823
1196.601 290.405 0.794 8823
1196.441 290.445 0.794 8840
1196.280 290.445 0.795 8856
1196.160 290.485 0.795 8856
1196.000 290.485 0.795 8856
1195.840 290.485 0.797 8872
1195.680 290.485 0.797 8872
1195.519 290.485 0.797 8872
1195.399 290.485 0.799 8888
1195.239 290.445 0.799 8905
1195.119 290.445 0.801 8905
1194.958 290.405 0.803 8905
1194.798 290.365 0.803 8921
1194.638 290.365 0.804 8921
1194.437 290.326 0.804 8937
1194.317 290.326 0.804 8937
1194.117 290.326 0.806 8937
1193.997 290.326 0.804 8953
1193.836 290.326 0.805 8953
1193.676 290.286 0.806 8970
1193.556 290.326 0.805 8970
1193.436 290.326 0.806 8986
1193.316 290.326 0.807 8986
1193.195 290.286 0.805 8986
1193.035 290.286 0.806 9002
1192.915 290.286 0.807 9018
1192.755 290.286 0.806 9018
1192.634 290.286 0.806 9018
1192.514 290.246 0.808 9034
1192.394 290.246 0.807 9034
1192.314 290.246 0.808 9034
1192.194 290.206 0.808 9050
1192.073 290.206 0.807 9066
1191.953 290.166 0.809 9066
1191.833 290.166 0.809 9066
1191.713 290.166 0.808 9083
1191.593 290.126 0.809 9099
1191.472 290.126 0.808 9099
1191.352 290.126 0.809 9099
1191.232 290.126 0.810 9115
1191.152 290.126 0.809 9115
1191.032 290.087 0.810 9115
1190.952 290.047 0.810 9131
1190.831 290.007 0.809 9131
1190.751 289.967 0.811 9148
1190.631 289.927 0.810 9148
1190.551 289.888 0.810 9148
1190.431 289.808 0.811 9164
1190.351 289.768 0.811 9180
1190.230 289.689 0.811 9180
1190.150 289.609 0.813 9180
1190.030 289.569 0.812 9196
1189.950 289.529 0.814 9196
1189.830 289.490 0.814 9196
1189.669 289.410 0.813 9212
1189.589 289.370 0.815 9229
1189.469 289.290 0.815 9229
1189.349 289.251 0.814 9229
1189.229 289.211 0.815 9245
1189.109 289.171 0.815 9261
1189.028 289.131 0.815 9261
1188.908 289.052 0.816 9261
1188.828 289.012 0.815 9277
1188.708 288.972 0.815 9277
1188.668 288.932 0.816 9277
1188.548 288.853 0.816 9294
1188.467 288.813 0.815 9294
1188.307 288.733 0.816 9310
1188.227 288.654 0.815 9310
1188.107 288.574 0.816 9326
1187.987 288.454 0.817 9326
1187.906 288.375 0.816 9343
1187.746 288.255 0.817 9343
1187.666 288.136 0.817 9343
1187.546 288.056 0.817 9359
1187.386 287.937 0.818 9359
1187.306 287.857 0.818 9359
1187.185 287.778 0.817 9375
1187.105 287.698 0.819 9391
1187.025 287.658 0.818 9391
1186.945 287.579 0.818 9391
1186.865 287.539 0.819 9408
1186.745 287.459 0.818 9424
1186.664 287.419 0.819 9424
1186.584 287.340 0.819 9424
1186.544 287.260 0.818 9440
1186.464 287.181 0.819 9440
1186.384 287.101 0.819 9440
1186.344 287.021 0.818 9456
1186.264 286.902 0.820 9473
1186.224 286.783 0.820 9473
1186.184 286.663 0.820 9473
1186.144 286.583 0.822 9489
1186.104 286.504 0.822 9489
1186.063 286.384 0.822 9505
1186.023 286.305 0.824 9505
1185.983 286.185 0.824 9521
1185.943 286.066 0.825 9521
1185.903 285.986 0.826 9521
1185.863 285.867 0.826 9537
1185.823 285.748 0.827 9537
1185.783 285.668 0.828 9553
1185.743 285.549 0.827 9553
1185.703 285.429 0.829 9570
1185.663 285.349 0.829 9570
1185.623 285.230 0.829 9586
1185.503 285.111 0.830 9586
1185.503 284.991 0.830 9586
1185.462 284.872 0.829 9602
1185.462 284.752 0.830 9602
1185.422 284.633 0.829 9602
1185.382 284.553 0.830 9618
1185.342 284.434 0.831 9635
1185.342 284.314 0.830 9635
1185.302 284.195 0.831 9635
1185.302 284.115 0.832 9651
1185.302 284.036 0.831 9667
1185.262 283.916 0.832 9667
1185.262 283.837 0.832 9667
1185.222 283.757 0.831 9683
1185.222 283.638 0.833 9683
1185.182 283.558 0.832 9683
1185.182 283.439 0.832 9699
1185.142 283.359 0.834 9716
1185.102 283.279 0.834 9716
1185.102 283.160 0.834 9716
1185.062 283.080 0.836 9732
1185.062 283.001 0.835 9732
1184.982 282.921 0.836 9748
1184.942 282.841 0.838 9748
1184.901 282.762 0.836 9748
1184.861 282.682 0.838 9764
1184.821 282.603 0.838 9764
1184.781 282.523 0.837 9781
1184.781 282.443 0.838 9781
1184.741 282.404 0.838 9797
1184.701 282.324 0.838 9797
1184.701 282.284 0.839 9797
1184.661 282.205 0.838 9813
1184.661 282.125 0.838 9829
1184.661 282.085 0.838 9829
1184.701 282.006 0.837 9829
1184.701 281.966 0.838 9846
1184.701 281.846 0.838 9846
1184.701 281.767 0.837 9846
1184.701 281.727 0.838 9862
1184.701 281.647 0.838 9878
1184.701 281.607 0.838 9878
1184.701 281.528 0.840 9878
1184.701 281.488 0.840 9894
1184.701 281.448 0.840 9894
1184.741 281.408 0.841 9911
1184.741 281.408 0.840 9911
1184.741 281.369 0.842 9927
1184.741 281.369 0.841 9943
1184.741 281.329 0.841 9943
1184.741 281.289 0.842 9943
1184.741 281.249 0.840 9959
1184.741 281.249 0.841 9959
1184.741 281.209 0.842 9959
1184.741 281.170 0.841 9976
1184.781 281.170 0.841 9992
1184.821 281.130 0.842 9992
1184.821 281.090 0.840 9992
1184.821 281.050 0.842 10008
1184.861 281.010 0.841 10008
1184.901 280.891 0.840 10024
1184.942 280.771 0.841 10024
1185.022 280.732 0.840 10024
1185.102 280.533 0.838 10040
1185.222 280.294 0.830 10056
1185.342 280.015 0.819 10056
1185.382 279.736 0.806 10056
1185.462 279.498 0.793 10073
1185.543 279.219 0.778 10073
1185.543 278.980 0.765 10089
1185.583 278.781 0.747 10089
1185.583 278.582 0.712 10105
1185.623 278.383 0.659 10105
1185.623 278.065 0.562 10105
1185.583 277.627 0.367 10121

