% x_coordinate y_coordinate pressure time
% shape 0, 157 points
1249.170 185.142 0.030 0
1249.170 185.142 0.064 0
1249.210 185.142 0.093 16
1249.210 185.182 0.129 32
1249.210 185.182 0.165 32
1249.210 185.182 0.191 33
1249.250 185.182 0.207 48
1249.250 185.222 0.220 48
1249.250 185.222 0.231 49
1249.290 185.222 0.238 64
1249.331 185.222 0.239 80
1249.371 185.301 0.241 80
1249.411 185.341 0.242 80
1249.491 185.381 0.243 96
1249.571 185.421 0.244 96
1249.611 185.460 0.246 112
1249.651 185.540 0.248 112
1249.731 185.540 0.251 128
1249.811 185.580 0.257 128
1249.932 185.620 0.265 128
1249.932 185.620 0.276 144
1250.092 185.620 0.285 144
1250.292 185.620 0.292 161
1250.533 185.659 0.295 161
1250.773 185.659 0.298 161
1251.013 185.659 0.299 177
1251.214 185.659 0.300 193
1251.454 185.659 0.302 193
1251.654 185.659 0.304 193
1251.855 185.659 0.308 209
1252.055 185.659 0.315 209
1252.255 185.580 0.325 209
1252.456 185.500 0.332 225
1252.656 185.460 0.340 241
1252.856 185.381 0.345 241
1253.097 185.261 0.349 241
1253.337 185.182 0.353 257
1253.578 185.062 0.357 273
1253.858 184.983 0.361 273
1254.099 184.863 0.365 273
1254.299 184.784 0.369 289
1254.539 184.704 0.370 289
1254.740 184.624 0.371 289
1254.980 184.545 0.371 306
1255.180 184.505 0.372 322
1255.421 184.425 0.372 322
1255.621 184.346 0.373 322
1255.861 184.266 0.373 338
1256.102 184.186 0.374 338
1256.382 184.067 0.376 354
1256.623 183.948 0.378 354
1256.903 183.788 0.380 355
1257.264 183.669 0.382 370
1257.544 183.550 0.384 386
1257.865 183.390 0.384 386
1258.185 183.271 0.385 387
1258.506 183.072 0.385 402
1258.786 182.952 0.385 402
1259.107 182.793 0.386 403
1259.427 182.634 0.386 418
1259.748 182.515 0.386 434
1260.068 182.355 0.386 434
1260.429 182.196 0.386 435
1260.750 182.037 0.387 450
1261.030 181.878 0.388 466
1261.351 181.679 0.389 466
1261.631 181.519 0.393 466
1261.871 181.400 0.397 482
1262.112 181.280 0.400 482
1262.352 181.161 0.402 482
1262.593 181.081 0.403 498
1262.793 180.962 0.404 514
1263.033 180.803 0.405 514
1263.314 180.683 0.405 514
1263.554 180.564 0.406 530
1263.795 180.405 0.407 530
1264.075 180.206 0.407 546
1264.396 180.046 0.408 546
1264.676 179.847 0.408 546
1264.997 179.648 0.409 562
1265.237 179.449 0.410 578
1265.518 179.290 0.411 578
1265.758 179.171 0.411 578
1265.918 179.051 0.412 594
1266.159 178.932 0.412 594
1266.319 178.852 0.412 611
1266.479 178.773 0.412 611
1266.639 178.693 0.412 611
1266.800 178.534 0.413 627
1267.000 178.454 0.413 627
1267.160 178.335 0.413 643
1267.320 178.215 0.413 643
1267.521 178.056 0.413 660
1267.681 177.937 0.413 660
1267.881 177.817 0.413 661
1268.042 177.698 0.414 676
1268.202 177.618 0.414 692
1268.322 177.499 0.414 692
1268.443 177.419 0.414 693
1268.603 177.300 0.414 708
1268.723 177.180 0.415 708
1268.843 177.061 0.415 709
1268.963 176.941 0.415 724
1269.164 176.822 0.416 740
1269.284 176.703 0.417 740
1269.364 176.583 0.420 741
1269.524 176.464 0.421 756
1269.644 176.344 0.423 756
1269.724 176.265 0.425 772
1269.845 176.145 0.425 772
1269.965 176.026 0.425 773
1270.085 175.946 0.425 788
1270.205 175.827 0.425 804
1270.286 175.747 0.425 804
1270.406 175.628 0.426 805
1270.486 175.508 0.426 820
1270.606 175.429 0.426 836
1270.726 175.309 0.426 836
1270.806 175.190 0.426 836
1270.927 175.070 0.426 852
1271.047 174.951 0.426 852
1271.167 174.792 0.426 852
1271.287 174.672 0.426 868
1271.407 174.553 0.426 884
1271.528 174.394 0.427 884
1271.688 174.234 0.427 884
1271.848 174.075 0.427 900
1271.928 173.876 0.427 900
1272.088 173.717 0.427 916
1272.209 173.558 0.427 916
1272.329 173.398 0.428 932
1272.449 173.239 0.428 932
1272.569 173.120 0.428 932
1272.689 172.961 0.429 949
1272.810 172.841 0.429 949
1272.930 172.682 0.429 965
1273.050 172.562 0.430 965
1273.130 172.443 0.430 965
1273.250 172.324 0.430 981
1273.371 172.204 0.430 997
1273.451 172.085 0.430 997
1273.531 171.965 0.430 997
1273.651 171.806 0.431 1013
1273.731 171.647 0.431 1013
1273.811 171.488 0.431 1013
1273.932 171.289 0.431 1029
1274.052 171.090 0.431 1046
1274.172 170.891 0.431 1046
1274.292 170.652 0.432 1046
1274.372 170.373 0.432 1062
1274.533 170.055 0.433 1078
1274.733 169.696 0.432 1078
1274.933 169.219 0.430 1078
1275.174 168.741 0.418 1094
1275.414 168.184 0.377 1094
1275.694 167.586 0.278 1094
1276.015 166.870 0.088 1110

% x_coordinate y_coordinate pressure time
% shape 1, 543 points
1296.008 151.106 0.050 0
1295.928 151.106 0.105 16
1295.888 151.146 0.147 16
1295.848 151.185 0.180 17
1295.768 151.225 0.204 32
1295.688 151.225 0.224 32
1295.608 151.225 0.244 48
1295.487 151.225 0.265 48
1295.487 151.225 0.287 64
1295.327 151.225 0.310 64
1295.167 151.225 0.328 65
1294.967 151.225 0.345 80
1294.726 151.225 0.362 80
1294.486 151.225 0.374 96
1294.205 151.305 0.382 96
1293.885 151.384 0.388 112
1293.524 151.504 0.392 112
1293.164 151.663 0.395 128
1292.723 151.783 0.396 128
1292.322 151.902 0.400 129
1291.881 152.021 0.407 144
1291.441 152.101 0.413 144
1291.080 152.181 0.421 145
1290.719 152.260 0.426 160
1290.399 152.340 0.431 176
1290.078 152.380 0.436 176
1289.798 152.459 0.440 177
1289.478 152.539 0.444 192
1289.157 152.658 0.447 208
1288.876 152.738 0.449 208
1288.516 152.897 0.450 208
1288.155 153.056 0.451 224
1287.835 153.216 0.451 224
1287.514 153.454 0.453 240
1287.154 153.654 0.453 240
1286.833 153.813 0.453 240
1286.593 153.972 0.454 256
1286.312 154.131 0.455 256
1286.072 154.290 0.456 272
1285.871 154.410 0.457 272
1285.671 154.529 0.460 288
1285.471 154.649 0.463 288
1285.190 154.768 0.466 288
1284.990 154.927 0.468 304
1284.790 155.087 0.470 320
1284.589 155.286 0.471 320
1284.389 155.485 0.471 320
1284.149 155.724 0.472 336
1283.948 155.962 0.473 353
1283.708 156.201 0.473 353
1283.507 156.400 0.473 353
1283.267 156.639 0.473 369
1283.067 156.838 0.473 369
1282.866 157.037 0.473 369
1282.626 157.196 0.473 385
1282.466 157.356 0.474 401
1282.306 157.515 0.474 401
1282.145 157.674 0.474 401
1281.985 157.833 0.474 417
1281.825 158.032 0.474 417
1281.705 158.192 0.474 433
1281.504 158.351 0.474 433
1281.384 158.510 0.475 433
1281.224 158.709 0.475 449
1281.063 158.868 0.476 449
1280.943 159.028 0.477 465
1280.783 159.187 0.477 465
1280.663 159.346 0.478 481
1280.542 159.505 0.478 481
1280.422 159.665 0.479 481
1280.262 159.824 0.480 498
1280.102 160.023 0.481 514
1279.982 160.222 0.482 514
1279.821 160.381 0.483 514
1279.701 160.540 0.483 530
1279.581 160.739 0.484 530
1279.461 160.938 0.485 530
1279.341 161.098 0.486 546
1279.220 161.297 0.487 562
1279.100 161.496 0.488 562
1279.020 161.655 0.488 562
1278.900 161.854 0.489 578
1278.780 162.053 0.489 594
1278.659 162.212 0.489 594
1278.499 162.411 0.489 594
1278.379 162.650 0.489 610
1278.259 162.849 0.490 610
1278.139 163.008 0.490 610
1277.978 163.168 0.490 626
1277.818 163.327 0.490 642
1277.738 163.486 0.491 642
1277.658 163.606 0.492 642
1277.578 163.765 0.495 658
1277.497 163.884 0.497 658
1277.417 164.043 0.498 675
1277.337 164.203 0.499 675
1277.217 164.402 0.499 691
1277.137 164.601 0.499 691
1277.017 164.840 0.500 691
1276.896 165.079 0.500 707
1276.776 165.278 0.500 707
1276.656 165.477 0.500 723
1276.576 165.676 0.500 723
1276.456 165.875 0.500 723
1276.416 166.074 0.500 739
1276.336 166.273 0.500 755
1276.255 166.432 0.500 755
1276.175 166.591 0.500 755
1276.135 166.790 0.500 771
1276.055 166.950 0.500 771
1275.975 167.149 0.500 787
1275.855 167.348 0.500 787
1275.775 167.507 0.500 803
1275.694 167.706 0.500 803
1275.614 167.865 0.501 804
1275.534 168.024 0.501 819
1275.454 168.223 0.502 819
1275.374 168.383 0.503 835
1275.334 168.582 0.504 835
1275.254 168.781 0.505 836
1275.174 168.940 0.505 851
1275.094 169.139 0.506 867
1275.013 169.298 0.506 867
1274.933 169.537 0.508 867
1274.853 169.696 0.508 884
1274.773 169.855 0.509 900
1274.733 170.015 0.510 900
1274.693 170.174 0.511 900
1274.653 170.333 0.512 916
1274.573 170.492 0.514 916
1274.533 170.652 0.515 916
1274.452 170.811 0.517 932
1274.452 171.010 0.519 932
1274.412 171.169 0.520 949
1274.332 171.368 0.522 949
1274.292 171.567 0.523 949
1274.252 171.806 0.523 965
1274.132 172.045 0.524 981
1274.092 172.244 0.524 981
1274.052 172.443 0.524 981
1274.012 172.642 0.525 997
1274.012 172.841 0.525 1014
1273.972 173.040 0.526 1014
1273.851 173.239 0.527 1014
1273.811 173.398 0.528 1030
1273.771 173.598 0.529 1030
1273.771 173.797 0.530 1030
1273.731 174.035 0.532 1046
1273.731 174.234 0.533 1046
1273.691 174.433 0.535 1062
1273.651 174.633 0.536 1062
1273.611 174.792 0.538 1079
1273.611 174.991 0.538 1079
1273.571 175.190 0.539 1095
1273.571 175.349 0.541 1095
1273.571 175.548 0.542 1095
1273.531 175.707 0.543 1111
1273.531 175.906 0.543 1111
1273.531 176.066 0.544 1111
1273.531 176.265 0.544 1127
1273.531 176.464 0.545 1143
1273.531 176.663 0.546 1143
1273.531 176.822 0.547 1143
1273.531 177.021 0.548 1160
1273.491 177.180 0.549 1176
1273.491 177.339 0.550 1176
1273.491 177.499 0.550 1176
1273.491 177.658 0.551 1192
1273.491 177.817 0.552 1192
1273.491 177.976 0.552 1192
1273.491 178.136 0.553 1208
1273.531 178.295 0.553 1225
1273.531 178.494 0.553 1225
1273.531 178.653 0.554 1225
1273.531 178.812 0.554 1241
1273.491 178.972 0.554 1241
1273.491 179.131 0.554 1257
1273.491 179.290 0.554 1257
1273.451 179.449 0.554 1257
1273.491 179.569 0.555 1273
1273.491 179.688 0.555 1273
1273.491 179.847 0.556 1290
1273.491 179.967 0.557 1290
1273.531 180.046 0.558 1306
1273.531 180.166 0.560 1306
1273.571 180.285 0.561 1306
1273.611 180.405 0.561 1322
1273.611 180.524 0.562 1338
1273.651 180.683 0.562 1338
1273.691 180.843 0.563 1338
1273.691 181.002 0.563 1354
1273.731 181.121 0.563 1354
1273.771 181.280 0.563 1354
1273.771 181.400 0.563 1370
1273.811 181.519 0.564 1386
1273.811 181.599 0.563 1386
1273.851 181.718 0.564 1387
1273.891 181.798 0.564 1402
1273.932 181.878 0.565 1418
1274.012 181.997 0.566 1418
1274.052 182.077 0.567 1418
1274.132 182.196 0.567 1434
1274.212 182.315 0.567 1434
1274.252 182.435 0.568 1434
1274.332 182.515 0.568 1451
1274.372 182.634 0.568 1451
1274.452 182.753 0.568 1467
1274.533 182.873 0.568 1467
1274.613 183.032 0.569 1483
1274.653 183.112 0.569 1483
1274.733 183.231 0.569 1499
1274.813 183.351 0.569 1499
1274.893 183.470 0.569 1499
1274.973 183.589 0.569 1515
1275.053 183.709 0.570 1515
1275.134 183.828 0.569 1515
1275.214 183.908 0.570 1531
1275.294 184.027 0.570 1547
1275.374 184.147 0.570 1547
1275.454 184.226 0.570 1547
1275.534 184.346 0.570 1563
1275.614 184.425 0.570 1579
1275.694 184.505 0.571 1579
1275.775 184.624 0.570 1579
1275.855 184.704 0.571 1595
1275.935 184.784 0.571 1595
1276.055 184.863 0.571 1595
1276.135 184.943 0.571 1611
1276.255 184.983 0.571 1628
1276.416 185.062 0.571 1628
1276.496 185.142 0.573 1628
1276.616 185.182 0.574 1644
1276.696 185.301 0.576 1644
1276.776 185.341 0.577 1660
1276.896 185.421 0.579 1660
1277.017 185.460 0.579 1660
1277.137 185.540 0.580 1676
1277.257 185.580 0.581 1692
1277.377 185.620 0.581 1692
1277.497 185.659 0.582 1692
1277.618 185.699 0.582 1708
1277.738 185.739 0.583 1708
1277.818 185.739 0.585 1708
1277.938 185.779 0.587 1724
1278.058 185.779 0.589 1740
1278.179 185.819 0.591 1740
1278.259 185.858 0.591 1740
1278.379 185.858 0.593 1756
1278.499 185.898 0.593 1772
1278.619 185.898 0.593 1772
1278.740 185.938 0.594 1772
1278.860 185.938 0.594 1788
1278.980 185.938 0.595 1788
1279.100 185.938 0.596 1805
1279.220 185.938 0.596 1805
1279.341 185.938 0.598 1805
1279.461 185.938 0.599 1821
1279.541 185.938 0.599 1821
1279.661 185.938 0.600 1837
1279.701 185.938 0.601 1837
1279.781 185.938 0.601 1853
1279.901 185.938 0.601 1853
1280.022 185.938 0.601 1853
1280.182 185.938 0.601 1869
1280.302 185.938 0.602 1885
1280.382 185.938 0.602 1885
1280.542 185.938 0.602 1885
1280.663 185.938 0.602 1901
1280.823 185.938 0.602 1901
1280.943 185.938 0.602 1917
1281.104 185.938 0.602 1917
1281.224 185.938 0.602 1917
1281.384 185.938 0.602 1933
1281.544 185.898 0.603 1949
1281.664 185.898 0.602 1949
1281.825 185.858 0.603 1949
1281.985 185.819 0.603 1965
1282.145 185.779 0.603 1965
1282.265 185.739 0.603 1965
1282.426 185.699 0.603 1981
1282.586 185.699 0.603 1998
1282.706 185.699 0.603 1998
1282.866 185.699 0.603 1998
1283.027 185.659 0.603 2014
1283.227 185.659 0.603 2030
1283.387 185.580 0.603 2030
1283.588 185.540 0.603 2030
1283.828 185.460 0.604 2046
1284.028 185.421 0.603 2046
1284.269 185.341 0.604 2046
1284.469 185.261 0.604 2062
1284.669 185.182 0.604 2062
1284.870 185.102 0.604 2078
1285.030 185.062 0.604 2078
1285.230 184.983 0.604 2094
1285.391 184.943 0.604 2094
1285.551 184.903 0.604 2110
1285.751 184.863 0.604 2110
1285.911 184.823 0.604 2110
1286.072 184.784 0.604 2126
1286.192 184.744 0.604 2126
1286.392 184.704 0.605 2126
1286.553 184.624 0.604 2142
1286.713 184.545 0.604 2158
1286.913 184.465 0.605 2158
1287.073 184.346 0.605 2158
1287.314 184.226 0.605 2174
1287.514 184.107 0.605 2190
1287.715 184.027 0.605 2190
1287.915 183.948 0.605 2190
1288.115 183.828 0.605 2207
1288.275 183.788 0.605 2207
1288.436 183.709 0.605 2223
1288.596 183.629 0.605 2223
1288.716 183.589 0.605 2239
1288.876 183.510 0.606 2239
1289.037 183.430 0.605 2239
1289.157 183.351 0.605 2255
1289.277 183.231 0.606 2255
1289.438 183.151 0.606 2271
1289.558 183.072 0.606 2271
1289.678 182.992 0.606 2271
1289.838 182.913 0.605 2287
1289.958 182.833 0.606 2303
1290.078 182.714 0.606 2303
1290.239 182.674 0.606 2303
1290.399 182.554 0.606 2319
1290.559 182.475 0.606 2319
1290.679 182.395 0.606 2319
1290.840 182.276 0.606 2335
1291.000 182.156 0.606 2351
1291.200 181.997 0.607 2351
1291.361 181.878 0.607 2351
1291.521 181.758 0.606 2367
1291.681 181.679 0.606 2384
1291.841 181.599 0.606 2384
1292.002 181.519 0.606 2384
1292.082 181.440 0.607 2400
1292.202 181.360 0.607 2400
1292.322 181.280 0.607 2400
1292.442 181.201 0.607 2416
1292.563 181.121 0.607 2432
1292.683 181.042 0.607 2432
1292.803 180.922 0.607 2432
1292.923 180.843 0.607 2448
1293.043 180.723 0.607 2448
1293.244 180.604 0.606 2464
1293.364 180.484 0.606 2464
1293.484 180.325 0.607 2480
1293.604 180.206 0.607 2480
1293.724 180.086 0.607 2480
1293.885 179.967 0.606 2496
1293.965 179.847 0.606 2496
1294.085 179.768 0.606 2512
1294.205 179.648 0.606 2512
1294.366 179.569 0.606 2512
1294.486 179.449 0.605 2528
1294.566 179.370 0.605 2544
1294.686 179.250 0.604 2544
1294.806 179.171 0.604 2544
1294.886 179.091 0.604 2560
1295.007 178.972 0.604 2560
1295.127 178.892 0.604 2560
1295.207 178.773 0.604 2576
1295.327 178.653 0.603 2592
1295.407 178.534 0.604 2592
1295.487 178.375 0.604 2592
1295.568 178.255 0.604 2609
1295.648 178.056 0.604 2625
1295.728 177.937 0.603 2625
1295.808 177.777 0.603 2625
1295.888 177.618 0.603 2641
1295.968 177.499 0.603 2641
1296.008 177.339 0.603 2641
1296.089 177.180 0.603 2657
1296.129 177.061 0.603 2673
1296.209 176.902 0.604 2673
1296.249 176.742 0.604 2674
1296.329 176.583 0.604 2689
1296.369 176.464 0.604 2689
1296.449 176.304 0.604 2705
1296.489 176.145 0.604 2705
1296.569 176.026 0.604 2706
1296.649 175.867 0.604 2721
1296.689 175.628 0.604 2737
1296.770 175.468 0.604 2737
1296.850 175.309 0.604 2737
1296.930 175.150 0.604 2753
1297.010 174.991 0.604 2753
1297.090 174.832 0.605 2753
1297.170 174.633 0.604 2769
1297.250 174.433 0.604 2785
1297.331 174.234 0.604 2785
1297.411 174.035 0.605 2785
1297.491 173.876 0.604 2801
1297.611 173.637 0.604 2817
1297.651 173.438 0.604 2817
1297.731 173.239 0.604 2817
1297.771 173.040 0.604 2833
1297.851 172.881 0.604 2833
1297.892 172.722 0.604 2833
1297.932 172.562 0.604 2850
1298.012 172.403 0.604 2866
1298.052 172.204 0.604 2866
1298.132 172.045 0.605 2866
1298.212 171.886 0.605 2882
1298.252 171.687 0.604 2882
1298.332 171.527 0.604 2898
1298.372 171.328 0.605 2898
1298.452 171.090 0.604 2898
1298.492 170.891 0.605 2914
1298.573 170.731 0.605 2914
1298.613 170.492 0.604 2930
1298.693 170.293 0.605 2930
1298.733 170.094 0.605 2946
1298.773 169.895 0.605 2946
1298.853 169.696 0.605 2946
1298.933 169.497 0.605 2963
1299.013 169.298 0.604 2979
1299.053 169.099 0.604 2979
1299.174 168.860 0.604 2979
1299.254 168.621 0.604 2995
1299.334 168.383 0.605 2995
1299.374 168.144 0.604 2995
1299.414 167.865 0.604 3011
1299.494 167.586 0.605 3027
1299.534 167.348 0.604 3027
1299.574 167.069 0.605 3027
1299.614 166.870 0.605 3043
1299.654 166.631 0.605 3060
1299.694 166.432 0.605 3060
1299.735 166.273 0.605 3060
1299.775 166.153 0.605 3076
1299.815 165.994 0.605 3076
1299.935 165.875 0.605 3076
1299.935 165.755 0.605 3092
1299.975 165.596 0.605 3092
1299.975 165.437 0.605 3108
1299.975 165.278 0.605 3108
1300.015 165.118 0.605 3124
1300.015 164.919 0.605 3124
1300.015 164.720 0.605 3141
1300.055 164.521 0.606 3141
1300.055 164.242 0.605 3141
1300.095 164.043 0.605 3157
1300.135 163.844 0.605 3173
1300.175 163.645 0.605 3173
1300.175 163.446 0.606 3173
1300.215 163.247 0.605 3189
1300.255 163.048 0.605 3189
1300.255 162.849 0.606 3189
1300.296 162.690 0.605 3205
1300.296 162.531 0.605 3222
1300.296 162.372 0.606 3222
1300.255 162.212 0.606 3222
1300.255 162.013 0.606 3238
1300.255 161.854 0.606 3238
1300.255 161.655 0.606 3254
1300.255 161.496 0.606 3254
1300.255 161.297 0.606 3254
1300.255 161.137 0.606 3270
1300.255 160.938 0.606 3270
1300.215 160.739 0.606 3286
1300.215 160.540 0.606 3286
1300.215 160.341 0.606 3302
1300.215 160.142 0.606 3302
1300.255 159.943 0.606 3302
1300.255 159.704 0.606 3318
1300.255 159.505 0.606 3334
1300.296 159.266 0.606 3334
1300.296 159.067 0.606 3335
1300.296 158.868 0.606 3350
1300.336 158.709 0.606 3350
1300.336 158.510 0.606 3351
1300.336 158.351 0.606 3366
1300.336 158.152 0.607 3383
1300.336 157.993 0.607 3383
1300.376 157.833 0.607 3383
1300.376 157.634 0.607 3399
1300.376 157.435 0.607 3399
1300.376 157.276 0.607 3415
1300.376 157.077 0.607 3415
1300.336 156.958 0.607 3431
1300.296 156.798 0.608 3431
1300.296 156.639 0.608 3447
1300.255 156.520 0.608 3447
1300.215 156.360 0.609 3447
1300.175 156.201 0.609 3463
1300.135 156.042 0.609 3463
1300.095 155.923 0.609 3480
1300.055 155.763 0.609 3480
1300.055 155.644 0.609 3496
1299.975 155.525 0.610 3496
1299.935 155.405 0.610 3496
1299.895 155.246 0.610 3512
1299.855 155.126 0.610 3528
1299.815 155.007 0.610 3528
1299.775 154.888 0.610 3528
1299.735 154.768 0.611 3544
1299.694 154.649 0.610 3544
1299.654 154.529 0.611 3544
1299.614 154.410 0.611 3560
1299.534 154.290 0.612 3576
1299.494 154.211 0.613 3576
1299.414 154.091 0.614 3576
1299.374 153.972 0.616 3593
1299.294 153.853 0.618 3609
1299.254 153.773 0.619 3609
1299.214 153.654 0.622 3609
1299.134 153.574 0.623 3625
1299.053 153.454 0.625 3625
1299.013 153.375 0.626 3625
1298.933 153.255 0.627 3641
1298.853 153.176 0.629 3641
1298.773 153.017 0.630 3657
1298.693 152.977 0.630 3657
1298.573 152.897 0.631 3673
1298.492 152.818 0.632 3673
1298.412 152.778 0.632 3689
1298.292 152.698 0.633 3689
1298.212 152.618 0.633 3689
1298.092 152.539 0.633 3705
1298.012 152.459 0.633 3705
1297.932 152.340 0.634 3722
1297.851 152.260 0.634 3722
1297.771 152.181 0.635 3738
1297.691 152.061 0.635 3738
1297.611 151.982 0.636 3738
1297.531 151.902 0.636 3754
1297.451 151.822 0.637 3770
1297.371 151.743 0.637 3770
1297.291 151.663 0.637 3770
1297.170 151.623 0.638 3786
1297.090 151.583 0.638 3786
1297.050 151.544 0.638 3786
1296.930 151.464 0.638 3804
1296.729 151.384 0.637 3820
1296.529 151.305 0.623 3820
1296.329 151.225 0.592 3820
1296.089 151.146 0.553 3836
1295.848 151.066 0.499 3836
1295.487 150.986 0.421 3852
1295.087 150.907 0.249 3852

% x_coordinate y_coordinate pressure time
% shape 2, 711 points
1306.546 149.434 0.077 0
1306.546 149.394 0.118 16
1306.546 149.354 0.159 16
1306.586 149.354 0.196 17
1306.586 149.354 0.222 32
1306.626 149.354 0.242 32
1306.586 149.354 0.251 48
1306.586 149.354 0.254 48
1306.546 149.354 0.264 49
1306.546 149.354 0.283 64
1306.506 149.474 0.299 64
1306.426 149.593 0.321 80
1306.345 149.712 0.340 80
1306.265 149.912 0.357 96
1306.145 150.111 0.372 96
1306.065 150.310 0.389 96
1306.025 150.588 0.406 112
1305.865 150.947 0.418 128
1305.705 151.305 0.428 128
1305.584 151.663 0.436 128
1305.424 152.061 0.441 144
1305.264 152.459 0.446 144
1305.144 152.897 0.449 144
1304.943 153.335 0.451 161
1304.823 153.773 0.454 177
1304.663 154.211 0.457 177
1304.502 154.649 0.462 177
1304.342 155.087 0.469 193
1304.182 155.564 0.475 209
1304.022 155.962 0.479 209
1303.901 156.400 0.484 209
1303.741 156.798 0.489 225
1303.581 157.157 0.493 225
1303.421 157.515 0.498 225
1303.260 157.913 0.501 241
1303.100 158.231 0.506 257
1302.940 158.590 0.511 257
1302.740 158.908 0.515 257
1302.579 159.227 0.518 274
1302.379 159.585 0.519 274
1302.259 159.943 0.521 290
1302.099 160.262 0.522 290
1301.938 160.620 0.522 290
1301.818 160.938 0.523 306
1301.658 161.257 0.523 306
1301.537 161.615 0.523 322
1301.417 161.934 0.523 322
1301.297 162.292 0.523 338
1301.177 162.571 0.524 338
1301.057 162.849 0.524 338
1300.977 163.168 0.524 354
1300.856 163.407 0.524 370
1300.776 163.685 0.524 370
1300.616 163.964 0.524 370
1300.536 164.242 0.524 386
1300.456 164.561 0.524 403
1300.336 164.840 0.524 403
1300.255 165.118 0.524 403
1300.135 165.397 0.524 419
1300.055 165.676 0.524 419
1299.975 165.914 0.524 419
1299.855 166.193 0.525 435
1299.775 166.472 0.525 435
1299.654 166.750 0.525 451
1299.574 167.029 0.525 451
1299.494 167.268 0.525 451
1299.414 167.547 0.525 468
1299.334 167.785 0.525 484
1299.214 168.024 0.525 484
1299.134 168.303 0.525 484
1299.053 168.542 0.525 500
1298.893 168.821 0.525 500
1298.813 169.139 0.526 516
1298.733 169.418 0.526 516
1298.653 169.656 0.526 532
1298.573 169.895 0.527 532
1298.492 170.174 0.528 533
1298.412 170.413 0.529 548
1298.332 170.652 0.529 548
1298.252 170.891 0.529 564
1298.172 171.129 0.530 564
1298.092 171.408 0.530 580
1298.012 171.647 0.531 580
1297.972 171.886 0.531 596
1297.892 172.085 0.532 596
1297.851 172.324 0.532 597
1297.771 172.602 0.534 612
1297.691 172.841 0.535 628
1297.611 173.120 0.536 628
1297.531 173.398 0.537 629
1297.411 173.717 0.538 644
1297.331 173.996 0.538 644
1297.250 174.274 0.539 645
1297.170 174.553 0.539 660
1297.050 174.792 0.539 676
1296.970 175.031 0.540 676
1296.930 175.309 0.540 677
1296.850 175.548 0.540 692
1296.770 175.787 0.541 708
1296.729 176.105 0.541 708
1296.649 176.344 0.542 708
1296.569 176.623 0.543 725
1296.529 176.862 0.543 725
1296.449 177.140 0.544 725
1296.409 177.379 0.544 741
1296.329 177.658 0.545 741
1296.249 177.897 0.545 757
1296.209 178.215 0.545 757
1296.129 178.454 0.545 773
1296.089 178.693 0.546 773
1295.968 178.932 0.546 789
1295.928 179.210 0.547 789
1295.888 179.449 0.548 789
1295.848 179.688 0.549 805
1295.768 179.887 0.549 805
1295.688 180.126 0.550 805
1295.648 180.325 0.551 821
1295.568 180.604 0.552 837
1295.487 180.803 0.554 837
1295.407 181.002 0.556 837
1295.327 181.201 0.558 853
1295.247 181.360 0.559 869
1295.207 181.559 0.561 869
1295.127 181.758 0.562 869
1295.007 181.957 0.562 885
1294.886 182.196 0.563 885
1294.766 182.395 0.563 885
1294.646 182.634 0.563 901
1294.526 182.913 0.563 917
1294.446 183.151 0.564 917
1294.286 183.430 0.564 917
1294.205 183.669 0.565 933
1294.125 183.908 0.564 933
1294.085 184.147 0.564 950
1294.005 184.346 0.564 950
1293.925 184.585 0.564 950
1293.845 184.784 0.565 966
1293.765 185.062 0.565 982
1293.684 185.261 0.565 982
1293.564 185.500 0.565 982
1293.484 185.699 0.565 998
1293.444 185.898 0.566 998
1293.364 186.137 0.565 998
1293.284 186.336 0.566 1014
1293.164 186.535 0.566 1030
1293.083 186.734 0.566 1030
1293.003 186.973 0.567 1030
1292.883 187.172 0.566 1046
1292.803 187.411 0.567 1062
1292.723 187.650 0.567 1062
1292.683 187.849 0.567 1062
1292.563 188.048 0.567 1079
1292.523 188.207 0.567 1079
1292.483 188.406 0.567 1079
1292.442 188.605 0.567 1095
1292.402 188.764 0.567 1111
1292.322 188.924 0.568 1111
1292.282 189.123 0.567 1111
1292.202 189.322 0.568 1127
1292.122 189.521 0.567 1127
1292.042 189.760 0.568 1143
1291.962 189.959 0.567 1143
1291.881 190.198 0.568 1159
1291.841 190.397 0.568 1159
1291.761 190.635 0.568 1160
1291.721 190.834 0.568 1175
1291.641 191.073 0.568 1175
1291.601 191.312 0.568 1191
1291.561 191.471 0.568 1191
1291.521 191.710 0.568 1207
1291.441 191.949 0.568 1207
1291.361 192.148 0.568 1223
1291.321 192.347 0.568 1223
1291.240 192.586 0.568 1223
1291.160 192.785 0.568 1239
1291.040 193.024 0.568 1239
1290.960 193.223 0.568 1255
1290.880 193.462 0.568 1255
1290.760 193.661 0.568 1271
1290.679 193.860 0.569 1271
1290.599 194.099 0.569 1271
1290.519 194.338 0.569 1287
1290.439 194.576 0.569 1304
1290.359 194.776 0.569 1304
1290.319 194.975 0.568 1304
1290.239 195.174 0.569 1320
1290.199 195.373 0.569 1320
1290.159 195.532 0.569 1320
1290.119 195.731 0.569 1336
1290.038 195.890 0.569 1352
1289.958 196.049 0.568 1352
1289.918 196.209 0.569 1352
1289.838 196.368 0.569 1368
1289.758 196.607 0.570 1384
1289.718 196.766 0.569 1384
1289.638 196.965 0.569 1384
1289.558 197.124 0.569 1400
1289.478 197.323 0.569 1400
1289.357 197.522 0.569 1400
1289.277 197.721 0.569 1416
1289.197 197.881 0.570 1416
1289.117 198.080 0.569 1432
1289.077 198.279 0.570 1432
1288.997 198.478 0.569 1448
1288.917 198.677 0.569 1448
1288.836 198.916 0.570 1464
1288.756 199.115 0.569 1464
1288.636 199.314 0.570 1464
1288.516 199.513 0.569 1480
1288.436 199.752 0.570 1480
1288.356 199.951 0.570 1480
1288.275 200.150 0.570 1497
1288.155 200.388 0.570 1513
1288.035 200.588 0.570 1513
1287.955 200.787 0.570 1513
1287.835 201.025 0.570 1529
1287.755 201.264 0.570 1545
1287.634 201.463 0.570 1545
1287.554 201.623 0.570 1545
1287.394 201.861 0.570 1561
1287.314 202.060 0.570 1561
1287.234 202.299 0.570 1577
1287.114 202.498 0.570 1577
1287.033 202.737 0.570 1593
1286.953 202.936 0.570 1593
1286.913 203.135 0.570 1593
1286.833 203.334 0.570 1609
1286.753 203.573 0.570 1609
1286.673 203.772 0.570 1625
1286.593 203.931 0.570 1625
1286.513 204.130 0.571 1625
1286.432 204.330 0.570 1641
1286.352 204.529 0.570 1657
1286.272 204.767 0.571 1657
1286.152 204.966 0.571 1657
1286.072 205.166 0.570 1673
1285.952 205.404 0.571 1690
1285.871 205.603 0.570 1690
1285.751 205.882 0.571 1690
1285.631 206.081 0.571 1706
1285.551 206.280 0.571 1706
1285.471 206.479 0.571 1706
1285.391 206.678 0.571 1722
1285.310 206.877 0.571 1722
1285.230 207.076 0.571 1738
1285.150 207.275 0.571 1738
1285.070 207.435 0.571 1738
1285.030 207.634 0.571 1754
1284.910 207.833 0.571 1770
1284.830 208.072 0.572 1770
1284.750 208.271 0.571 1770
1284.669 208.470 0.572 1786
1284.589 208.708 0.572 1802
1284.469 208.907 0.572 1802
1284.389 209.146 0.572 1802
1284.269 209.385 0.572 1818
1284.189 209.624 0.572 1818
1284.109 209.823 0.572 1818
1283.988 210.022 0.572 1834
1283.908 210.261 0.572 1834
1283.748 210.500 0.572 1850
1283.668 210.699 0.572 1850
1283.588 210.898 0.572 1867
1283.507 211.097 0.572 1867
1283.427 211.256 0.572 1883
1283.347 211.415 0.572 1883
1283.267 211.614 0.572 1883
1283.187 211.734 0.573 1899
1283.107 211.893 0.572 1899
1283.027 212.052 0.573 1899
1282.947 212.212 0.573 1915
1282.866 212.371 0.573 1931
1282.786 212.490 0.573 1931
1282.706 212.729 0.573 1931
1282.626 212.849 0.573 1947
1282.546 212.968 0.574 1963
1282.466 213.087 0.573 1963
1282.386 213.247 0.574 1963
1282.306 213.366 0.574 1979
1282.225 213.485 0.574 1979
1282.145 213.605 0.574 1979
1282.025 213.764 0.574 1995
1281.945 213.923 0.574 2011
1281.785 214.083 0.574 2011
1281.664 214.242 0.574 2011
1281.544 214.401 0.574 2028
1281.464 214.600 0.575 2028
1281.344 214.759 0.575 2044
1281.184 214.958 0.574 2044
1281.063 215.197 0.575 2044
1280.903 215.356 0.575 2060
1280.783 215.555 0.575 2076
1280.663 215.755 0.575 2076
1280.502 215.914 0.575 2076
1280.382 216.113 0.575 2092
1280.262 216.272 0.575 2092
1280.182 216.431 0.575 2092
1280.022 216.591 0.575 2108
1279.901 216.750 0.575 2124
1279.781 216.869 0.575 2124
1279.661 217.028 0.575 2124
1279.541 217.188 0.575 2140
1279.301 217.387 0.575 2156
1279.140 217.546 0.576 2156
1278.980 217.705 0.577 2156
1278.780 217.864 0.578 2172
1278.579 217.984 0.579 2172
1278.379 218.143 0.580 2188
1278.219 218.262 0.580 2188
1278.058 218.382 0.581 2204
1277.898 218.501 0.581 2204
1277.738 218.581 0.582 2204
1277.578 218.660 0.582 2221
1277.377 218.740 0.583 2221
1277.177 218.820 0.585 2237
1277.017 218.860 0.587 2237
1276.776 218.939 0.588 2237
1276.536 218.979 0.590 2253
1276.255 219.059 0.593 2269
1276.015 219.138 0.595 2269
1275.775 219.218 0.598 2269
1275.494 219.337 0.600 2285
1275.214 219.417 0.601 2285
1274.933 219.576 0.602 2285
1274.693 219.735 0.602 2301
1274.412 219.855 0.602 2317
1274.132 219.974 0.603 2317
1273.851 220.054 0.602 2317
1273.611 220.133 0.603 2333
1273.371 220.213 0.603 2349
1273.050 220.253 0.603 2349
1272.810 220.332 0.604 2349
1272.609 220.372 0.606 2365
1272.369 220.412 0.608 2365
1272.129 220.492 0.611 2365
1271.888 220.531 0.612 2381
1271.688 220.611 0.614 2397
1271.448 220.691 0.615 2397
1271.207 220.731 0.615 2397
1270.967 220.810 0.616 2414
1270.766 220.890 0.616 2414
1270.526 220.890 0.617 2430
1270.286 220.930 0.618 2430
1270.085 220.930 0.621 2430
1269.845 220.930 0.624 2446
1269.564 220.969 0.628 2446
1269.324 220.969 0.630 2462
1269.083 220.969 0.632 2462
1268.843 220.969 0.634 2478
1268.563 220.969 0.636 2478
1268.282 221.009 0.637 2479
1268.002 221.009 0.637 2494
1267.761 221.009 0.638 2510
1267.481 221.049 0.639 2510
1267.240 221.049 0.640 2511
1266.960 221.049 0.640 2526
1266.679 221.049 0.641 2542
1266.399 221.049 0.642 2542
1266.119 221.049 0.643 2542
1265.838 221.049 0.645 2558
1265.558 221.049 0.648 2558
1265.277 221.009 0.650 2558
1265.037 220.969 0.654 2574
1264.756 220.890 0.657 2574
1264.476 220.850 0.659 2590
1264.195 220.810 0.660 2590
1263.915 220.770 0.661 2606
1263.675 220.770 0.661 2606
1263.434 220.731 0.662 2622
1263.194 220.731 0.662 2622
1262.913 220.731 0.662 2623
1262.713 220.691 0.662 2638
1262.512 220.651 0.662 2638
1262.352 220.611 0.663 2639
1262.152 220.531 0.663 2654
1261.911 220.452 0.664 2671
1261.751 220.372 0.666 2671
1261.591 220.293 0.668 2672
1261.431 220.213 0.668 2687
1261.230 220.133 0.669 2687
1261.110 220.054 0.670 2703
1260.950 219.974 0.670 2703
1260.790 219.855 0.671 2704
1260.669 219.735 0.671 2719
1260.509 219.616 0.671 2735
1260.389 219.497 0.672 2735
1260.229 219.337 0.672 2736
1260.109 219.218 0.672 2751
1259.988 219.059 0.673 2767
1259.868 218.939 0.673 2767
1259.788 218.820 0.673 2767
1259.668 218.700 0.674 2783
1259.588 218.541 0.674 2783
1259.467 218.422 0.674 2783
1259.387 218.342 0.674 2799
1259.307 218.223 0.674 2815
1259.227 218.103 0.674 2815
1259.147 217.984 0.674 2815
1259.107 217.864 0.674 2831
1259.067 217.745 0.674 2847
1258.987 217.626 0.674 2847
1258.947 217.426 0.673 2847
1258.947 217.307 0.673 2863
1258.906 217.188 0.673 2863
1258.906 217.028 0.673 2863
1258.786 216.869 0.673 2879
1258.786 216.750 0.673 2879
1258.826 216.591 0.673 2895
1258.826 216.431 0.673 2895
1258.866 216.272 0.673 2911
1258.866 216.113 0.673 2911
1258.906 215.993 0.673 2927
1258.947 215.834 0.673 2927
1259.027 215.635 0.674 2927
1259.067 215.476 0.673 2943
1259.147 215.237 0.673 2943
1259.227 215.078 0.673 2960
1259.307 214.879 0.673 2960
1259.387 214.680 0.673 2976
1259.507 214.481 0.673 2976
1259.588 214.321 0.673 2976
1259.668 214.162 0.673 2992
1259.708 213.963 0.674 3008
1259.788 213.764 0.673 3008
1259.868 213.605 0.674 3008
1259.948 213.406 0.674 3024
1260.028 213.167 0.674 3024
1260.149 212.928 0.674 3041
1260.229 212.689 0.674 3041
1260.349 212.490 0.674 3057
1260.469 212.251 0.674 3057
1260.589 212.052 0.674 3057
1260.629 211.853 0.674 3073
1260.750 211.694 0.673 3073
1260.910 211.495 0.673 3089
1261.070 211.296 0.674 3089
1261.230 211.097 0.674 3089
1261.431 210.858 0.673 3105
1261.631 210.579 0.674 3121
1261.831 210.341 0.673 3121
1262.032 210.102 0.673 3121
1262.272 209.823 0.674 3137
1262.472 209.584 0.673 3137
1262.673 209.345 0.673 3137
1262.873 209.107 0.674 3153
1263.073 208.868 0.673 3170
1263.274 208.669 0.673 3170
1263.514 208.430 0.673 3170
1263.755 208.191 0.673 3186
1264.035 207.952 0.673 3202
1264.315 207.713 0.673 3202
1264.596 207.435 0.673 3202
1264.876 207.196 0.673 3218
1265.197 206.917 0.673 3218
1265.477 206.678 0.673 3218
1265.798 206.400 0.673 3234
1266.078 206.161 0.673 3250
1266.439 205.842 0.673 3250
1266.800 205.564 0.673 3250
1267.160 205.325 0.672 3267
1267.521 205.046 0.673 3267
1267.881 204.807 0.673 3283
1268.242 204.608 0.672 3283
1268.603 204.409 0.672 3283
1268.923 204.210 0.672 3299
1269.284 204.051 0.672 3299
1269.644 203.852 0.673 3299
1270.045 203.613 0.672 3315
1270.446 203.414 0.672 3332
1270.806 203.175 0.673 3332
1271.167 202.936 0.672 3332
1271.488 202.697 0.672 3348
1271.848 202.498 0.673 3364
1272.169 202.299 0.673 3364
1272.449 202.100 0.673 3364
1272.810 201.941 0.672 3380
1273.090 201.742 0.672 3380
1273.371 201.583 0.673 3380
1273.611 201.424 0.672 3396
1273.891 201.224 0.672 3412
1274.172 201.065 0.672 3412
1274.412 200.946 0.672 3412
1274.693 200.787 0.672 3429
1274.933 200.627 0.673 3429
1275.214 200.468 0.672 3445
1275.494 200.309 0.673 3445
1275.855 200.150 0.673 3445
1276.175 199.951 0.673 3461
1276.496 199.752 0.673 3461
1276.856 199.553 0.673 3477
1277.177 199.353 0.673 3477
1277.497 199.194 0.673 3493
1277.778 198.995 0.673 3493
1278.058 198.796 0.673 3493
1278.339 198.637 0.673 3509
1278.659 198.478 0.672 3525
1278.900 198.318 0.673 3525
1279.140 198.199 0.672 3525
1279.381 198.040 0.673 3542
1279.661 197.881 0.673 3558
1279.901 197.721 0.673 3558
1280.182 197.522 0.673 3558
1280.462 197.363 0.673 3574
1280.783 197.164 0.673 3574
1281.063 196.965 0.673 3574
1281.384 196.726 0.673 3590
1281.745 196.487 0.673 3590
1282.065 196.328 0.673 3606
1282.346 196.129 0.673 3606
1282.666 195.930 0.673 3622
1282.947 195.731 0.673 3622
1283.267 195.572 0.673 3638
1283.588 195.373 0.673 3638
1283.948 195.174 0.673 3638
1284.309 194.975 0.673 3655
1284.710 194.776 0.673 3655
1285.070 194.576 0.673 3671
1285.431 194.338 0.673 3671
1285.791 194.099 0.673 3687
1286.152 193.860 0.673 3687
1286.473 193.621 0.673 3688
1286.833 193.422 0.673 3703
1287.114 193.223 0.673 3719
1287.474 193.024 0.673 3719
1287.755 192.865 0.673 3720
1288.035 192.705 0.673 3735
1288.275 192.546 0.673 3735
1288.556 192.387 0.673 3735
1288.836 192.228 0.673 3751
1289.077 192.108 0.673 3767
1289.357 191.949 0.673 3767
1289.678 191.790 0.673 3768
1289.958 191.671 0.673 3783
1290.279 191.551 0.673 3783
1290.599 191.432 0.674 3799
1290.880 191.272 0.673 3799
1291.200 191.153 0.674 3799
1291.481 190.994 0.673 3815
1291.801 190.834 0.674 3832
1292.122 190.635 0.673 3832
1292.442 190.476 0.673 3832
1292.763 190.277 0.674 3848
1293.083 190.078 0.674 3848
1293.404 189.839 0.674 3848
1293.765 189.640 0.674 3864
1294.085 189.401 0.674 3880
1294.366 189.202 0.674 3880
1294.686 189.003 0.674 3880
1294.967 188.804 0.674 3896
1295.207 188.645 0.674 3896
1295.447 188.486 0.674 3912
1295.648 188.327 0.674 3912
1295.848 188.167 0.674 3928
1296.048 188.008 0.674 3928
1296.249 187.809 0.674 3944
1296.529 187.650 0.674 3944
1296.810 187.451 0.674 3944
1297.050 187.212 0.674 3961
1297.331 187.013 0.673 3961
1297.611 186.814 0.674 3961
1297.892 186.615 0.674 3977
1298.172 186.416 0.674 3993
1298.452 186.217 0.674 3993
1298.733 186.018 0.674 3993
1298.973 185.858 0.674 4009
1299.294 185.659 0.674 4026
1299.574 185.460 0.673 4026
1299.855 185.261 0.674 4026
1300.135 185.062 0.674 4042
1300.416 184.863 0.674 4042
1300.696 184.664 0.674 4043
1300.977 184.465 0.674 4058
1301.257 184.306 0.674 4058
1301.497 184.147 0.674 4074
1301.778 183.948 0.674 4074
1302.018 183.749 0.674 4075
1302.299 183.550 0.675 4090
1302.539 183.390 0.675 4106
1302.820 183.191 0.675 4106
1303.060 183.032 0.676 4107
1303.341 182.833 0.676 4122
1303.581 182.634 0.676 4138
1303.861 182.435 0.677 4138
1304.142 182.276 0.677 4138
1304.382 182.156 0.677 4154
1304.663 181.997 0.677 4154
1304.903 181.838 0.677 4170
1305.184 181.718 0.677 4170
1305.424 181.559 0.677 4186
1305.664 181.400 0.677 4186
1305.905 181.241 0.678 4186
1306.145 181.081 0.678 4202
1306.386 180.922 0.677 4202
1306.626 180.763 0.678 4218
1306.906 180.604 0.678 4218
1307.107 180.484 0.678 4234
1307.347 180.325 0.678 4234
1307.588 180.126 0.678 4250
1307.788 179.967 0.678 4250
1308.068 179.847 0.678 4250
1308.269 179.688 0.678 4267
1308.509 179.529 0.678 4267
1308.750 179.409 0.678 4267
1308.990 179.250 0.678 4283
1309.230 179.091 0.678 4299
1309.471 178.932 0.678 4299
1309.711 178.773 0.678 4299
1309.911 178.613 0.678 4315
1310.112 178.494 0.678 4331
1310.312 178.375 0.678 4331
1310.553 178.215 0.678 4331
1310.793 178.096 0.678 4347
1311.033 177.937 0.678 4347
1311.234 177.738 0.678 4347
1311.474 177.618 0.678 4363
1311.755 177.459 0.678 4379
1311.955 177.300 0.678 4379
1312.195 177.140 0.677 4379
1312.396 176.981 0.678 4395
1312.636 176.822 0.678 4395
1312.836 176.663 0.678 4411
1312.997 176.504 0.678 4411
1313.237 176.384 0.678 4411
1313.437 176.225 0.678 4427
1313.598 176.105 0.679 4443
1313.798 175.986 0.678 4443
1313.998 175.827 0.678 4443
1314.199 175.707 0.679 4459
1314.359 175.508 0.678 4459
1314.559 175.349 0.678 4459
1314.719 175.190 0.678 4476
1314.880 174.991 0.678 4492
1315.040 174.832 0.678 4492
1315.200 174.712 0.678 4492
1315.361 174.553 0.678 4508
1315.521 174.433 0.678 4524
1315.641 174.274 0.678 4524
1315.801 174.155 0.678 4524
1315.962 173.996 0.679 4540
1316.122 173.876 0.678 4540
1316.242 173.757 0.679 4540
1316.442 173.598 0.679 4556
1316.603 173.478 0.678 4572
1316.803 173.359 0.679 4572
1316.963 173.160 0.679 4572
1317.124 173.040 0.678 4588
1317.284 172.881 0.679 4588
1317.444 172.722 0.679 4604
1317.604 172.602 0.678 4604
1317.724 172.443 0.679 4604
1317.885 172.284 0.679 4621
1318.085 172.125 0.679 4637
1318.205 172.005 0.679 4637
1318.366 171.846 0.679 4637
1318.486 171.727 0.679 4653
1318.646 171.607 0.679 4653
1318.806 171.488 0.679 4653
1318.927 171.328 0.679 4669
1319.087 171.209 0.679 4685
1319.207 171.090 0.679 4685
1319.327 170.970 0.679 4685
1319.447 170.771 0.679 4702
1319.608 170.612 0.679 4702
1319.728 170.492 0.679 4718
1319.888 170.333 0.679 4718
1320.008 170.174 0.679 4718
1320.169 170.015 0.679 4734
1320.329 169.855 0.679 4734
1320.449 169.736 0.679 4750
1320.609 169.577 0.679 4750
1320.730 169.457 0.679 4766
1320.890 169.338 0.679 4766
1321.010 169.219 0.679 4766
1321.090 169.099 0.679 4782
1321.210 169.020 0.679 4798
1321.291 168.940 0.679 4798
1321.411 168.821 0.679 4799
1321.491 168.741 0.680 4814
1321.611 168.582 0.679 4814
1321.691 168.502 0.679 4814
1321.811 168.383 0.680 4830
1321.891 168.263 0.679 4847
1321.932 168.184 0.680 4847
1322.052 168.104 0.680 4847
1322.092 168.024 0.680 4863
1322.172 167.945 0.680 4879
1322.252 167.865 0.680 4879
1322.332 167.785 0.679 4879
1322.412 167.706 0.680 4895
1322.492 167.586 0.680 4895
1322.573 167.467 0.679 4895
1322.653 167.387 0.680 4911
1322.773 167.268 0.680 4927
1322.853 167.109 0.679 4927
1322.973 166.989 0.680 4927
1323.053 166.830 0.680 4943
1323.174 166.711 0.680 4943
1323.254 166.551 0.680 4959
1323.374 166.432 0.679 4959
1323.454 166.233 0.679 4959
1323.574 166.074 0.679 4975
1323.655 165.914 0.679 4975
1323.775 165.755 0.679 4991
1323.855 165.596 0.678 4991
1324.015 165.397 0.676 5007
1324.135 165.158 0.672 5007
1324.255 164.840 0.655 5007
1324.416 164.442 0.621 5023
1324.616 163.884 0.566 5040
1324.856 163.168 0.462 5040
1325.217 162.212 0.265 5040

