% x_coordinate y_coordinate pressure time
% shape 0, 2161 points
990.222 332.076 0.041 0
990.302 332.156 0.120 17
990.342 332.195 0.149 17
990.382 332.195 0.174 17
990.422 332.156 0.199 33
990.422 332.156 0.225 49
990.422 332.156 0.245 49
990.422 332.156 0.266 49
990.422 332.116 0.288 65
990.462 332.076 0.314 81
990.462 332.036 0.339 81
990.503 331.996 0.358 81
990.503 331.917 0.370 97
990.543 331.797 0.382 97
990.583 331.757 0.393 97
990.663 331.519 0.405 113
990.743 331.320 0.416 113
990.823 331.081 0.428 129
990.943 330.842 0.439 129
991.063 330.603 0.448 145
991.184 330.364 0.457 145
991.184 330.125 0.464 161
991.304 329.886 0.471 161
991.504 329.648 0.478 161
991.624 329.409 0.484 177
991.785 329.130 0.491 194
991.985 328.891 0.497 194
992.145 328.652 0.501 194
992.346 328.453 0.505 210
992.546 328.254 0.509 210
992.706 328.095 0.512 210
992.906 327.936 0.515 226
993.027 327.816 0.518 242
993.147 327.697 0.520 242
993.267 327.617 0.522 242
993.387 327.538 0.523 258
993.508 327.458 0.523 258
993.628 327.379 0.525 274
993.788 327.299 0.524 274
993.948 327.219 0.525 274
994.109 327.100 0.526 291
994.309 326.941 0.526 291
994.549 326.821 0.528 307
994.750 326.742 0.529 307
994.950 326.622 0.531 323
995.190 326.503 0.532 323
995.431 326.423 0.533 323
995.671 326.383 0.534 339
995.871 326.304 0.534 355
996.072 326.264 0.535 355
996.272 326.224 0.535 355
996.472 326.184 0.535 371
996.633 326.145 0.535 371
996.833 326.105 0.535 371
996.993 326.105 0.536 387
997.194 326.065 0.536 404
997.354 325.985 0.537 404
997.514 325.945 0.537 404
997.714 325.945 0.537 420
997.875 325.906 0.538 436
997.995 325.866 0.539 436
998.115 325.866 0.540 436
998.195 325.746 0.541 452
998.275 325.746 0.542 452
998.396 325.746 0.543 468
998.476 325.786 0.543 468
998.596 325.866 0.543 468
998.676 325.945 0.543 484
998.796 326.065 0.543 484
998.917 326.184 0.544 484
999.037 326.304 0.544 500
999.157 326.304 0.545 517
999.277 326.423 0.544 517
999.357 326.543 0.545 517
999.477 326.662 0.545 533
999.598 326.781 0.545 549
999.678 326.861 0.545 549
999.798 327.020 0.546 549
999.878 327.140 0.546 565
999.958 327.219 0.546 565
1000.038 327.339 0.547 565
1000.119 327.418 0.547 581
1000.199 327.538 0.547 581
1000.279 327.617 0.547 597
1000.399 327.697 0.547 597
1000.479 327.777 0.547 613
1000.599 327.856 0.548 613
1000.720 327.896 0.550 630
1000.800 327.936 0.552 630
1000.920 327.976 0.554 630
1001.000 328.015 0.556 646
1001.120 328.055 0.558 662
1001.200 328.135 0.561 662
1001.280 328.175 0.563 662
1001.401 328.254 0.566 678
1001.521 328.334 0.567 678
1001.641 328.453 0.570 678
1001.761 328.533 0.571 694
1001.881 328.613 0.571 710
1002.002 328.732 0.572 710
1002.122 328.851 0.572 710
1002.282 328.931 0.572 727
1002.402 329.011 0.573 727
1002.523 329.130 0.573 743
1002.683 329.210 0.574 743
1002.803 329.329 0.574 759
1002.923 329.409 0.575 759
1003.083 329.528 0.574 759
1003.164 329.608 0.575 775
1003.324 329.648 0.575 775
1003.444 329.727 0.575 791
1003.564 329.807 0.575 791
1003.725 329.847 0.576 791
1003.885 329.886 0.575 807
1004.005 329.926 0.576 823
1004.165 329.966 0.576 823
1004.326 330.006 0.576 823
1004.486 330.006 0.577 839
1004.646 330.046 0.578 839
1004.846 330.086 0.579 839
1005.047 330.125 0.579 855
1005.247 330.125 0.581 871
1005.447 330.205 0.580 871
1005.648 330.245 0.580 871
1005.808 330.285 0.581 888
1006.008 330.364 0.581 904
1006.249 330.404 0.581 904
1006.449 330.444 0.581 904
1006.649 330.444 0.581 920
1006.930 330.563 0.581 920
1007.170 330.523 0.582 936
1007.411 330.523 0.582 936
1007.651 330.484 0.582 936
1007.851 330.444 0.583 952
1008.092 330.444 0.584 952
1008.292 330.404 0.584 968
1008.452 330.404 0.584 968
1008.653 330.364 0.584 984
1008.853 330.324 0.585 984
1009.013 330.324 0.585 984
1009.214 330.324 0.585 1000
1009.374 330.285 0.585 1017
1009.574 330.245 0.585 1017
1009.775 330.205 0.585 1017
1009.975 330.165 0.585 1033
1010.215 330.086 0.586 1033
1010.496 330.006 0.586 1033
1010.736 329.926 0.586 1049
1011.017 329.847 0.586 1065
1011.257 329.727 0.587 1065
1011.457 329.648 0.587 1065
1011.658 329.528 0.587 1081
1011.858 329.449 0.587 1098
1012.018 329.369 0.587 1098
1012.179 329.329 0.587 1098
1012.299 329.289 0.587 1114
1012.459 329.250 0.587 1114
1012.619 329.210 0.587 1114
1012.780 329.170 0.587 1130
1012.900 329.090 0.587 1130
1013.060 329.050 0.587 1146
1013.260 329.011 0.587 1146
1013.421 328.971 0.587 1162
1013.621 328.891 0.587 1162
1013.861 328.812 0.587 1178
1014.062 328.732 0.587 1178
1014.302 328.652 0.587 1178
1014.462 328.533 0.587 1194
1014.663 328.453 0.587 1194
1014.823 328.374 0.588 1194
1014.903 328.254 0.588 1210
1015.063 328.175 0.588 1227
1015.144 328.055 0.588 1227
1015.264 327.976 0.588 1227
1015.384 327.896 0.588 1243
1015.504 327.816 0.588 1260
1015.664 327.737 0.588 1260
1015.825 327.657 0.588 1260
1015.945 327.578 0.588 1276
1016.105 327.458 0.588 1276
1016.265 327.339 0.588 1276
1016.426 327.259 0.588 1292
1016.586 327.140 0.588 1292
1016.746 327.020 0.588 1308
1016.907 326.901 0.588 1308
1017.067 326.821 0.588 1324
1017.187 326.662 0.588 1324
1017.307 326.662 0.589 1340
1017.427 326.543 0.588 1340
1017.547 326.383 0.589 1340
1017.668 326.264 0.589 1356
1017.748 326.105 0.589 1356
1017.828 325.945 0.589 1372
1017.908 325.826 0.590 1372
1017.988 325.667 0.590 1388
1018.068 325.547 0.590 1388
1018.109 325.428 0.590 1388
1018.189 325.309 0.590 1405
1018.229 325.229 0.591 1421
1018.269 325.149 0.591 1421
1018.309 325.109 0.591 1421
1018.429 325.070 0.591 1437
1018.429 325.030 0.590 1437
1018.469 324.950 0.591 1437
1018.469 324.910 0.590 1457
1018.469 324.791 0.590 1473
1018.429 324.791 0.591 1489
1018.389 324.831 0.592 1506
1018.389 324.871 0.593 1522
1018.349 324.950 0.594 1522
1018.309 325.030 0.595 1522
1018.269 325.149 0.596 1538
1018.229 325.269 0.596 1538
1018.149 325.269 0.596 1538
1018.109 325.428 0.597 1554
1018.068 325.547 0.596 1570
1018.028 325.746 0.597 1570
1017.948 325.906 0.597 1570
1017.908 326.105 0.597 1587
1017.828 326.264 0.598 1587
1017.788 326.463 0.598 1603
1017.748 326.702 0.599 1603
1017.668 326.941 0.600 1603
1017.588 327.140 0.601 1619
1017.467 327.379 0.602 1619
1017.387 327.617 0.603 1635
1017.267 327.856 0.603 1635
1017.147 328.135 0.604 1652
1017.027 328.374 0.605 1652
1016.947 328.613 0.606 1652
1016.826 328.891 0.607 1668
1016.746 329.170 0.608 1684
1016.626 329.409 0.609 1684
1016.546 329.648 0.610 1684
1016.426 329.886 0.610 1700
1016.346 330.125 0.610 1700
1016.225 330.364 0.611 1716
1016.145 330.603 0.611 1716
1016.065 330.842 0.612 1716
1015.945 331.081 0.612 1732
1015.865 331.280 0.612 1732
1015.745 331.519 0.613 1748
1015.664 331.718 0.613 1748
1015.584 331.877 0.613 1764
1015.504 332.076 0.614 1764
1015.424 332.275 0.614 1764
1015.304 332.474 0.614 1781
1015.184 332.673 0.615 1797
1015.104 332.872 0.615 1797
1014.983 333.111 0.615 1797
1014.903 333.310 0.616 1813
1014.823 333.509 0.616 1813
1014.743 333.708 0.616 1829
1014.663 333.947 0.616 1829
1014.543 334.106 0.616 1845
1014.462 334.305 0.616 1845
1014.382 334.464 0.617 1845
1014.302 334.624 0.616 1861
1014.182 334.823 0.617 1861
1014.102 334.982 0.617 1877
1014.022 335.141 0.617 1877
1013.942 335.340 0.617 1893
1013.861 335.460 0.617 1893
1013.821 335.619 0.616 1910
1013.781 335.778 0.617 1910
1013.701 335.898 0.617 1910
1013.661 336.057 0.617 1926
1013.621 336.176 0.617 1926
1013.621 336.375 0.617 1926
1013.541 336.534 0.617 1942
1013.501 336.654 0.617 1958
1013.461 336.813 0.617 1958
1013.381 336.972 0.617 1958
1013.301 337.092 0.617 1974
1013.220 337.251 0.617 1990
1013.140 337.410 0.617 1990
1013.060 337.569 0.617 1990
1012.980 337.729 0.617 2007
1012.900 337.888 0.617 2007
1012.820 338.007 0.617 2023
1012.780 338.167 0.617 2023
1012.699 338.286 0.617 2039
1012.659 338.405 0.617 2039
1012.619 338.525 0.617 2039
1012.539 338.724 0.617 2055
1012.499 338.843 0.617 2055
1012.419 339.003 0.617 2071
1012.339 339.162 0.617 2071
1012.299 339.321 0.617 2071
1012.219 339.480 0.618 2087
1012.179 339.640 0.617 2104
1012.099 339.759 0.617 2104
1012.058 339.918 0.617 2104
1012.018 340.038 0.617 2120
1011.978 340.157 0.617 2120
1011.898 340.237 0.617 2120
1011.858 340.356 0.618 2136
1011.818 340.515 0.617 2152
1011.738 340.635 0.617 2152
1011.698 340.794 0.617 2152
1011.618 341.033 0.617 2168
1011.538 341.192 0.618 2168
1011.417 341.351 0.618 2184
1011.337 341.510 0.618 2184
1011.257 341.670 0.618 2184
1011.137 341.869 0.618 2200
1011.017 342.028 0.618 2216
1010.937 342.187 0.618 2216
1010.856 342.346 0.619 2216
1010.776 342.545 0.619 2232
1010.736 342.705 0.620 2232
1010.656 342.904 0.620 2232
1010.576 343.063 0.621 2249
1010.536 343.222 0.621 2265
1010.496 343.421 0.621 2265
1010.456 343.620 0.621 2265
1010.416 343.780 0.621 2281
1010.376 343.939 0.622 2297
1010.336 344.098 0.622 2297
1010.255 344.257 0.622 2297
1010.175 344.417 0.623 2313
1010.095 344.616 0.623 2313
1010.015 344.815 0.623 2329
1009.935 345.014 0.624 2329
1009.855 345.173 0.624 2329
1009.775 345.372 0.625 2345
1009.694 345.571 0.625 2345
1009.614 345.730 0.625 2345
1009.534 345.929 0.626 2361
1009.454 346.088 0.627 2377
1009.374 346.248 0.627 2377
1009.334 346.407 0.628 2377
1009.214 346.566 0.629 2393
1009.174 346.725 0.630 2410
1009.133 346.885 0.630 2410
1009.053 347.044 0.631 2410
1009.053 347.203 0.631 2426
1009.013 347.362 0.632 2426
1008.973 347.522 0.632 2426
1008.933 347.681 0.632 2442
1008.853 347.840 0.633 2459
1008.813 347.999 0.633 2459
1008.733 348.238 0.633 2459
1008.653 348.397 0.633 2475
1008.573 348.557 0.634 2475
1008.533 348.716 0.634 2491
1008.492 348.875 0.634 2491
1008.452 349.034 0.634 2491
1008.412 349.194 0.634 2507
1008.372 349.353 0.635 2507
1008.332 349.512 0.635 2523
1008.292 349.671 0.635 2523
1008.252 349.830 0.636 2539
1008.252 349.990 0.636 2539
1008.172 350.109 0.637 2539
1008.172 350.229 0.637 2555
1008.092 350.388 0.637 2572
1008.092 350.547 0.639 2572
1008.052 350.706 0.640 2572
1007.972 350.826 0.641 2588
1007.932 351.025 0.642 2588
1007.891 351.184 0.642 2588
1007.851 351.383 0.643 2604
1007.811 351.582 0.644 2620
1007.771 351.781 0.644 2620
1007.731 351.980 0.644 2620
1007.651 352.139 0.645 2636
1007.611 352.338 0.645 2652
1007.571 352.498 0.645 2652
1007.531 352.657 0.645 2652
1007.491 352.816 0.645 2668
1007.451 353.015 0.647 2668
1007.411 353.135 0.647 2668
1007.371 353.254 0.648 2685
1007.290 353.413 0.649 2685
1007.250 353.533 0.650 2701
1007.210 353.652 0.651 2701
1007.130 353.811 0.652 2717
1007.090 353.971 0.652 2717
1007.050 354.090 0.653 2733
1006.970 354.289 0.653 2733
1006.890 354.488 0.654 2733
1006.850 354.687 0.654 2749
1006.770 354.886 0.654 2749
1006.730 355.045 0.654 2749
1006.649 355.324 0.655 2766
1006.609 355.483 0.655 2782
1006.529 355.682 0.655 2782
1006.489 355.841 0.655 2782
1006.409 356.001 0.655 2798
1006.369 356.200 0.655 2814
1006.369 356.359 0.655 2814
1006.329 356.478 0.655 2814
1006.289 356.638 0.655 2830
1006.249 356.797 0.655 2830
1006.209 356.956 0.655 2830
1006.169 357.115 0.656 2847
1006.129 357.275 0.656 2863
1006.088 357.474 0.656 2863
1005.968 357.633 0.656 2863
1005.928 357.832 0.657 2879
1005.848 357.991 0.657 2879
1005.808 358.150 0.657 2895
1005.768 358.310 0.657 2895
1005.728 358.469 0.657 2895
1005.688 358.628 0.657 2911
1005.608 358.748 0.657 2911
1005.568 358.907 0.657 2928
1005.488 359.066 0.658 2928
1005.447 359.225 0.658 2944
1005.407 359.384 0.658 2944
1005.367 359.544 0.658 2944
1005.327 359.703 0.658 2960
1005.287 359.822 0.658 2976
1005.247 359.942 0.658 2976
1005.207 360.141 0.658 2976
1005.127 360.300 0.658 2992
1005.087 360.419 0.659 3008
1005.007 360.579 0.658 3008
1004.967 360.738 0.659 3008
1004.886 360.897 0.659 3024
1004.846 361.056 0.659 3024
1004.766 361.176 0.659 3024
1004.726 361.335 0.659 3041
1004.686 361.454 0.659 3057
1004.606 361.574 0.660 3057
1004.566 361.733 0.660 3057
1004.486 361.853 0.660 3073
1004.446 362.012 0.660 3073
1004.366 362.171 0.660 3089
1004.326 362.330 0.661 3089
1004.245 362.529 0.661 3089
1004.205 362.689 0.661 3105
1004.085 362.888 0.661 3105
1004.005 363.047 0.662 3121
1003.965 363.246 0.662 3121
1003.885 363.405 0.662 3137
1003.805 363.604 0.662 3137
1003.725 363.763 0.662 3137
1003.685 363.923 0.662 3154
1003.604 364.082 0.662 3170
1003.564 364.241 0.662 3170
1003.524 364.360 0.662 3170
1003.484 364.520 0.662 3186
1003.444 364.639 0.662 3186
1003.404 364.759 0.662 3186
1003.364 364.958 0.662 3202
1003.324 365.077 0.662 3218
1003.284 365.236 0.662 3218
1003.204 365.395 0.663 3218
1003.124 365.594 0.663 3234
1003.083 365.754 0.663 3234
1003.003 365.913 0.663 3250
1002.923 366.072 0.663 3250
1002.883 366.192 0.663 3250
1002.843 366.351 0.663 3266
1002.803 366.510 0.663 3282
1002.763 366.630 0.663 3282
1002.723 366.749 0.663 3282
1002.683 366.868 0.663 3299
1002.643 366.988 0.663 3299
1002.603 367.107 0.663 3299
1002.563 367.227 0.663 3315
1002.523 367.426 0.663 3331
1002.482 367.545 0.663 3331
1002.402 367.665 0.663 3331
1002.322 367.824 0.663 3347
1002.242 367.983 0.663 3363
1002.202 368.102 0.663 3363
1002.162 368.222 0.663 3363
1002.122 368.381 0.664 3379
1002.082 368.501 0.663 3379
1002.042 368.620 0.663 3379
1002.002 368.779 0.664 3396
1001.962 368.899 0.664 3412
1001.922 369.058 0.664 3412
1001.881 369.217 0.664 3412
1001.801 369.376 0.664 3428
1001.761 369.536 0.664 3428
1001.721 369.735 0.665 3444
1001.681 369.894 0.664 3444
1001.641 370.013 0.665 3444
1001.601 370.172 0.665 3460
1001.521 370.292 0.665 3460
1001.481 370.491 0.665 3460
1001.441 370.650 0.666 3476
1001.401 370.770 0.665 3493
1001.361 370.929 0.665 3493
1001.320 371.088 0.665 3493
1001.280 371.247 0.665 3509
1001.240 371.367 0.665 3525
1001.200 371.526 0.665 3525
1001.160 371.645 0.665 3525
1001.120 371.805 0.666 3541
1001.080 371.924 0.665 3541
1001.040 372.083 0.666 3541
1001.000 372.203 0.666 3557
1000.960 372.322 0.666 3573
1000.920 372.481 0.666 3573
1000.840 372.601 0.666 3573
1000.800 372.760 0.666 3589
1000.760 372.919 0.667 3589
1000.680 373.078 0.667 3606
1000.559 373.238 0.667 3606
1000.519 373.397 0.667 3606
1000.479 373.556 0.667 3622
1000.399 373.715 0.667 3638
1000.319 373.835 0.667 3638
1000.279 373.994 0.667 3638
1000.239 374.153 0.668 3654
1000.199 374.313 0.667 3654
1000.119 374.432 0.667 3654
1000.119 374.591 0.668 3670
1000.038 374.711 0.667 3686
1000.038 374.830 0.668 3686
999.958 374.989 0.668 3686
999.918 375.109 0.668 3703
999.878 375.228 0.669 3719
999.798 375.387 0.669 3719
999.758 375.507 0.670 3719
999.678 375.666 0.670 3735
999.598 375.825 0.671 3735
999.558 375.945 0.671 3735
999.477 376.104 0.671 3751
999.437 376.263 0.672 3751
999.397 376.422 0.672 3767
999.317 376.542 0.672 3767
999.277 376.661 0.672 3783
999.237 376.820 0.673 3783
999.157 376.940 0.673 3799
999.117 377.099 0.673 3799
999.037 377.219 0.674 3799
998.997 377.338 0.674 3815
998.957 377.497 0.675 3815
998.917 377.617 0.675 3815
998.877 377.776 0.675 3831
998.836 377.855 0.676 3848
998.796 377.975 0.677 3848
998.716 378.094 0.677 3848
998.676 378.254 0.677 3864
998.636 378.373 0.678 3880
998.556 378.492 0.679 3880
998.516 378.652 0.679 3880
998.476 378.771 0.680 3896
998.436 378.930 0.679 3896
998.396 379.090 0.679 3896
998.315 379.289 0.680 3912
998.275 379.408 0.680 3928
998.275 379.527 0.680 3928
998.235 379.647 0.680 3928
998.195 379.766 0.680 3944
998.155 379.926 0.681 3944
998.115 380.045 0.681 3961
998.075 380.204 0.680 3961
998.035 380.363 0.681 3961
997.995 380.523 0.681 3977
997.955 380.642 0.681 3993
997.915 380.801 0.681 3993
997.875 380.921 0.681 3993
997.835 381.040 0.681 4009
997.795 381.160 0.682 4009
997.795 381.279 0.682 4009
997.755 381.398 0.682 4025
997.714 381.518 0.682 4041
997.674 381.637 0.682 4041
997.634 381.757 0.681 4041
997.634 381.876 0.682 4057
997.594 381.996 0.682 4073
997.554 382.075 0.683 4073
997.514 382.195 0.683 4073
997.474 382.354 0.683 4089
997.434 382.473 0.684 4089
997.354 382.593 0.683 4106
997.314 382.752 0.683 4106
997.274 382.871 0.684 4106
997.194 382.991 0.683 4122
997.154 383.150 0.683 4122
997.114 383.269 0.685 4138
997.073 383.389 0.684 4138
996.953 383.548 0.684 4154
996.953 383.667 0.685 4154
996.913 383.747 0.684 4154
996.873 383.867 0.685 4170
996.833 383.986 0.685 4186
996.793 384.145 0.685 4186
996.753 384.225 0.685 4186
996.713 384.344 0.685 4202
996.633 384.464 0.685 4202
996.593 384.583 0.686 4202
996.513 384.703 0.686 4219
996.432 384.822 0.686 4235
996.352 384.981 0.687 4235
996.312 385.101 0.687 4235
996.272 385.220 0.687 4251
996.232 385.339 0.687 4251
996.192 385.459 0.687 4267
996.152 385.539 0.688 4267
996.072 385.618 0.688 4267
996.032 385.738 0.688 4283
995.952 385.817 0.688 4283
995.912 385.937 0.688 4299
995.831 386.016 0.688 4299
995.751 386.136 0.688 4316
995.711 386.255 0.689 4316
995.591 386.375 0.689 4316
995.511 386.534 0.689 4332
995.431 386.653 0.690 4348
995.391 386.773 0.691 4348
995.311 386.892 0.691 4348
995.230 387.011 0.691 4364
995.190 387.091 0.691 4364
995.110 387.171 0.691 4364
995.070 387.290 0.691 4380
994.990 387.370 0.691 4396
994.950 387.449 0.691 4396
994.910 387.529 0.691 4396
994.790 387.648 0.691 4413
994.750 387.728 0.691 4429
994.709 387.847 0.691 4429
994.669 387.927 0.692 4429
994.589 388.046 0.692 4445
994.509 388.126 0.692 4445
994.469 388.206 0.692 4445
994.429 388.285 0.692 4461
994.349 388.365 0.692 4461
994.309 388.405 0.693 4477
994.269 388.484 0.693 4477
994.229 388.564 0.693 4493
994.189 388.644 0.694 4493
994.109 388.723 0.694 4510
994.028 388.803 0.695 4510
993.948 388.922 0.696 4510
993.868 389.002 0.695 4526
993.788 389.081 0.696 4526
993.748 389.161 0.696 4542
993.668 389.241 0.697 4542
993.588 389.280 0.697 4558
993.548 389.360 0.697 4558
993.508 389.440 0.698 4558
993.427 389.519 0.698 4574
993.387 389.599 0.698 4590
993.307 389.679 0.699 4590
993.227 389.798 0.700 4590
993.187 389.878 0.701 4607
993.107 389.957 0.702 4607
993.067 390.077 0.702 4607
992.987 390.196 0.702 4623
992.906 390.276 0.703 4639
992.866 390.355 0.703 4639
992.786 390.435 0.704 4639
992.706 390.515 0.704 4655
992.666 390.594 0.704 4655
992.626 390.674 0.704 4671
992.546 390.753 0.705 4671
992.506 390.873 0.705 4671
992.466 390.952 0.705 4687
992.386 391.032 0.705 4704
992.306 391.112 0.706 4704
992.225 391.191 0.706 4704
992.145 391.271 0.706 4720
992.065 391.390 0.706 4720
991.985 391.510 0.707 4720
991.905 391.589 0.707 4736
991.865 391.669 0.707 4752
991.785 391.749 0.708 4752
991.704 391.828 0.708 4752
991.664 391.948 0.708 4768
991.584 392.027 0.708 4785
991.544 392.107 0.708 4785
991.464 392.186 0.708 4785
991.384 392.266 0.709 4801
991.304 392.346 0.709 4801
991.264 392.425 0.709 4801
991.184 392.505 0.710 4817
991.104 392.545 0.710 4817
991.023 392.624 0.710 4833
990.983 392.664 0.711 4833
990.903 392.704 0.711 4849
990.823 392.784 0.712 4849
990.783 392.823 0.712 4865
990.703 392.903 0.712 4865
990.623 392.983 0.713 4865
990.543 393.022 0.713 4881
990.503 393.102 0.712 4881
990.422 393.142 0.714 4897
990.382 393.182 0.714 4897
990.302 393.222 0.714 4914
990.222 393.222 0.715 4914
990.142 393.261 0.716 4914
990.062 393.341 0.717 4930
989.982 393.381 0.717 4946
989.861 393.460 0.717 4946
989.821 393.540 0.719 4946
989.701 393.620 0.718 4962
989.661 393.779 0.719 4962
989.541 393.898 0.718 4962
989.421 393.978 0.718 4978
989.341 394.097 0.718 4994
989.301 394.177 0.719 4994
989.180 394.217 0.719 4994
989.100 394.296 0.719 5011
989.060 394.336 0.720 5027
988.980 394.376 0.719 5027
988.900 394.416 0.720 5027
988.860 394.456 0.721 5043
988.780 394.495 0.721 5043
988.700 394.535 0.722 5043
988.619 394.575 0.723 5059
988.539 394.655 0.723 5059
988.459 394.694 0.724 5075
988.379 394.734 0.724 5075
988.259 394.814 0.724 5075
988.179 394.854 0.724 5091
988.098 394.933 0.725 5107
988.018 394.973 0.724 5107
987.978 394.973 0.725 5107
987.898 395.013 0.725 5124
987.818 395.053 0.726 5140
987.738 395.172 0.726 5140
987.658 395.172 0.727 5140
987.578 395.212 0.727 5156
987.498 395.212 0.728 5156
987.377 395.252 0.728 5156
987.297 395.292 0.728 5172
987.177 395.371 0.728 5188
987.097 395.411 0.728 5188
987.017 395.491 0.729 5188
986.937 395.530 0.728 5205
986.896 395.570 0.729 5205
986.816 395.610 0.729 5221
986.776 395.650 0.729 5221
986.736 395.690 0.729 5237
986.656 395.690 0.731 5237
986.576 395.690 0.731 5237
986.456 395.729 0.733 5253
986.336 395.729 0.735 5253
986.255 395.729 0.737 5269
986.135 395.729 0.739 5269
986.015 395.729 0.741 5269
985.895 395.769 0.741 5285
985.815 395.769 0.742 5301
985.695 395.809 0.743 5301
985.574 395.809 0.743 5301
985.454 395.849 0.744 5318
985.334 395.849 0.744 5318
985.214 395.849 0.744 5318
985.093 395.849 0.745 5334
985.093 395.809 0.745 5350
984.933 395.809 0.746 5350
984.773 395.769 0.746 5350
984.613 395.729 0.747 5366
984.452 395.690 0.748 5382
984.332 395.690 0.748 5382
984.212 395.690 0.749 5382
984.092 395.690 0.750 5398
984.012 395.729 0.750 5398
983.932 395.729 0.750 5414
983.851 395.769 0.750 5414
983.731 395.769 0.750 5414
983.651 395.809 0.750 5430
983.571 395.809 0.751 5446
983.451 395.809 0.750 5446
983.331 395.769 0.751 5446
983.250 395.769 0.752 5463
983.130 395.729 0.752 5463
983.010 395.729 0.755 5463
982.890 395.690 0.756 5479
982.770 395.650 0.757 5479
982.649 395.610 0.758 5495
982.449 395.610 0.759 5495
982.329 395.570 0.759 5511
982.209 395.570 0.760 5511
982.089 395.530 0.760 5527
981.968 395.530 0.760 5527
981.848 395.530 0.760 5527
981.688 395.491 0.760 5543
981.608 395.451 0.760 5543
981.487 395.451 0.761 5560
981.367 395.411 0.761 5560
981.247 395.371 0.761 5576
981.127 395.371 0.761 5576
981.007 395.331 0.761 5576
980.927 395.292 0.761 5592
980.806 395.292 0.761 5608
980.686 395.252 0.761 5608
980.566 395.212 0.761 5608
980.446 395.172 0.761 5624
980.326 395.172 0.761 5624
980.245 395.132 0.762 5624
980.125 395.093 0.762 5640
980.005 395.053 0.763 5656
979.885 395.013 0.763 5656
979.765 394.973 0.763 5656
979.684 394.933 0.764 5672
979.564 394.893 0.764 5689
979.444 394.814 0.764 5689
979.364 394.734 0.765 5689
979.244 394.655 0.765 5705
979.164 394.575 0.766 5705
979.043 394.495 0.767 5721
978.963 394.416 0.768 5721
978.843 394.336 0.770 5721
978.723 394.296 0.771 5737
978.603 394.217 0.771 5737
978.482 394.137 0.772 5737
978.362 394.058 0.772 5753
978.242 394.018 0.772 5769
978.162 393.938 0.772 5769
978.002 393.898 0.773 5769
977.922 393.779 0.772 5785
977.841 393.739 0.773 5802
977.761 393.659 0.773 5802
977.681 393.580 0.773 5802
977.561 393.540 0.773 5818
977.521 393.460 0.774 5818
977.441 393.381 0.774 5834
977.361 393.301 0.774 5834
977.280 393.222 0.774 5834
977.240 393.142 0.775 5850
977.160 393.062 0.775 5850
977.120 392.983 0.775 5866
977.040 392.903 0.776 5866
977.000 392.784 0.776 5882
976.920 392.704 0.776 5882
976.840 392.585 0.777 5882
976.760 392.505 0.777 5898
976.719 392.385 0.776 5914
976.639 392.306 0.777 5914
976.559 392.186 0.777 5914
976.519 392.107 0.777 5931
976.439 391.987 0.777 5931
976.359 391.908 0.776 5931
976.279 391.788 0.777 5947
976.239 391.709 0.777 5963
976.199 391.629 0.777 5963
976.159 391.550 0.777 5963
976.119 391.390 0.777 5979
975.998 391.311 0.777 5995
975.958 391.231 0.777 5995
975.918 391.112 0.777 5995
975.918 391.032 0.776 6011
975.878 390.913 0.777 6011
975.878 390.793 0.776 6011
975.878 390.674 0.776 6027
975.878 390.554 0.776 6044
975.918 390.435 0.775 6044
975.958 390.316 0.775 6044
975.998 390.196 0.775 6060
976.038 390.077 0.775 6060
976.078 390.037 0.775 6076
976.119 389.917 0.775 6076
976.159 389.758 0.775 6076
976.199 389.599 0.775 6092
976.239 389.440 0.775 6092
976.279 389.280 0.775 6108
976.359 389.121 0.776 6108
976.399 388.922 0.775 6124
976.479 388.763 0.775 6124
976.519 388.644 0.776 6124
976.559 388.484 0.776 6140
976.599 388.325 0.776 6156
976.639 388.206 0.776 6156
976.679 388.086 0.775 6156
976.719 388.007 0.776 6173
976.719 387.887 0.776 6173
976.760 387.728 0.776 6173
976.800 387.609 0.776 6189
976.880 387.489 0.776 6205
976.920 387.370 0.776 6205
976.960 387.250 0.776 6205
977.000 387.131 0.776 6221
977.040 387.011 0.776 6238
977.080 386.892 0.776 6238
977.120 386.773 0.776 6238
977.200 386.653 0.776 6254
977.240 386.494 0.776 6254
977.321 386.375 0.776 6254
977.401 386.255 0.775 6270
977.481 386.136 0.776 6270
977.561 386.016 0.775 6286
977.601 385.897 0.776 6286
977.681 385.777 0.776 6286
977.761 385.658 0.775 6302
977.801 385.539 0.775 6318
977.922 385.379 0.775 6318
977.922 385.260 0.775 6318
978.082 385.101 0.775 6335
978.242 384.981 0.775 6335
978.402 384.862 0.775 6335
978.603 384.703 0.775 6351
978.763 384.583 0.775 6367
978.923 384.464 0.775 6367
979.083 384.384 0.775 6367
979.244 384.265 0.774 6383
979.404 384.145 0.775 6399
979.564 384.026 0.774 6399
979.765 383.906 0.774 6399
979.925 383.787 0.774 6416
980.125 383.667 0.774 6416
980.366 383.548 0.774 6432
980.566 383.389 0.774 6432
980.766 383.230 0.774 6432
980.967 383.110 0.774 6448
981.127 382.951 0.775 6448
981.327 382.832 0.774 6448
981.527 382.672 0.775 6464
981.728 382.553 0.775 6480
981.928 382.394 0.774 6480
982.129 382.274 0.775 6480
982.369 382.115 0.775 6497
982.609 381.956 0.774 6513
982.850 381.757 0.775 6513
983.050 381.597 0.775 6513
983.250 381.438 0.775 6529
983.491 381.279 0.775 6529
983.691 381.120 0.775 6545
983.932 381.000 0.775 6545
984.172 380.801 0.775 6545
984.372 380.642 0.775 6561
984.653 380.483 0.775 6561
984.853 380.284 0.775 6577
985.093 380.125 0.775 6577
985.294 379.965 0.775 6594
985.494 379.806 0.775 6594
985.695 379.607 0.775 6594
985.935 379.448 0.775 6610
986.175 379.209 0.775 6626
986.376 379.050 0.775 6626
986.616 378.851 0.775 6626
986.856 378.652 0.775 6642
987.057 378.453 0.775 6642
987.297 378.254 0.775 6658
987.578 378.015 0.775 6658
987.818 377.816 0.775 6674
988.058 377.617 0.776 6674
988.299 377.418 0.775 6674
988.499 377.258 0.775 6690
988.740 377.099 0.776 6690
988.980 376.980 0.775 6707
989.180 376.820 0.775 6707
989.421 376.701 0.775 6723
989.661 376.542 0.775 6723
989.942 376.383 0.775 6739
990.222 376.263 0.775 6739
990.503 376.064 0.775 6739
990.783 375.905 0.776 6755
991.063 375.706 0.776 6755
991.344 375.507 0.776 6755
991.624 375.348 0.775 6771
991.865 375.149 0.776 6788
992.105 374.989 0.776 6788
992.346 374.870 0.775 6788
992.546 374.750 0.775 6804
992.746 374.631 0.776 6820
992.987 374.551 0.776 6820
993.227 374.392 0.775 6820
993.508 374.273 0.775 6836
993.788 374.153 0.776 6836
994.068 374.034 0.776 6836
994.389 373.875 0.776 6852
994.709 373.715 0.776 6868
995.030 373.556 0.775 6868
995.351 373.437 0.776 6868
995.631 373.278 0.776 6884
995.871 373.118 0.776 6884
996.112 372.999 0.777 6900
996.312 372.879 0.777 6900
996.472 372.760 0.778 6917
996.593 372.680 0.779 6917
996.793 372.641 0.779 6917
996.913 372.561 0.781 6933
997.073 372.521 0.781 6933
997.194 372.481 0.781 6949
997.354 372.402 0.782 6949
997.514 372.362 0.782 6949
997.674 372.282 0.782 6965
997.795 372.203 0.782 6981
997.955 372.044 0.783 6981
998.115 371.924 0.783 6981
998.275 371.805 0.783 6997
998.476 371.645 0.783 6997
998.676 371.486 0.784 6997
998.877 371.287 0.784 7014
999.077 371.168 0.785 7030
999.277 371.008 0.785 7030
999.477 370.889 0.785 7030
999.678 370.770 0.785 7046
999.918 370.650 0.786 7062
1000.119 370.571 0.787 7062
1000.319 370.491 0.786 7062
1000.519 370.372 0.786 7078
1000.720 370.292 0.787 7078
1000.960 370.172 0.787 7078
1001.240 370.013 0.787 7094
1001.481 369.854 0.788 7094
1001.761 369.695 0.788 7110
1002.042 369.496 0.789 7110
1002.322 369.336 0.790 7127
1002.603 369.217 0.791 7127
1002.883 369.058 0.792 7143
1003.164 368.978 0.792 7143
1003.404 368.859 0.793 7143
1003.644 368.779 0.793 7159
1003.925 368.660 0.794 7159
1004.205 368.540 0.794 7159
1004.486 368.421 0.794 7175
1004.806 368.302 0.795 7191
1005.127 368.182 0.795 7191
1005.447 368.023 0.795 7191
1005.768 367.864 0.796 7207
1006.088 367.704 0.796 7223
1006.449 367.545 0.797 7223
1006.730 367.426 0.797 7223
1007.010 367.306 0.797 7239
1007.290 367.147 0.797 7255
1007.531 367.068 0.798 7255
1007.771 366.948 0.799 7255
1008.012 366.868 0.799 7272
1008.252 366.789 0.800 7272
1008.492 366.709 0.800 7272
1008.733 366.590 0.800 7288
1008.973 366.510 0.801 7288
1009.214 366.391 0.801 7304
1009.494 366.311 0.802 7304
1009.775 366.192 0.802 7304
1010.015 366.072 0.802 7320
1010.255 365.993 0.803 7336
1010.536 365.873 0.804 7336
1010.776 365.794 0.804 7336
1011.017 365.714 0.804 7353
1011.257 365.634 0.804 7353
1011.538 365.555 0.804 7353
1011.778 365.435 0.804 7369
1012.058 365.356 0.804 7385
1012.299 365.276 0.804 7385
1012.539 365.196 0.804 7385
1012.820 365.157 0.804 7401
1013.060 365.077 0.804 7417
1013.301 365.037 0.805 7417
1013.501 364.958 0.805 7417
1013.781 364.918 0.805 7433
1014.022 364.878 0.805 7433
1014.262 364.838 0.805 7433
1014.543 364.719 0.805 7449
1014.783 364.639 0.805 7449
1015.023 364.520 0.805 7465
1015.264 364.400 0.805 7465
1015.504 364.281 0.806 7481
1015.704 364.201 0.805 7481
1015.945 364.082 0.806 7498
1016.185 364.002 0.806 7498
1016.346 363.923 0.806 7498
1016.506 363.843 0.806 7514
1016.706 363.763 0.806 7514
1016.867 363.684 0.806 7514
1017.027 363.644 0.806 7530
1017.187 363.564 0.806 7546
1017.387 363.485 0.806 7546
1017.547 363.405 0.806 7546
1017.748 363.326 0.806 7562
1017.948 363.246 0.806 7578
1018.109 363.126 0.806 7578
1018.309 363.047 0.806 7578
1018.509 362.967 0.807 7594
1018.710 362.848 0.807 7594
1018.910 362.768 0.807 7610
1019.070 362.649 0.807 7610
1019.271 362.569 0.807 7626
1019.511 362.450 0.807 7626
1019.711 362.370 0.807 7626
1019.911 362.251 0.807 7643
1020.072 362.131 0.807 7643
1020.272 362.052 0.807 7659
1020.472 361.972 0.807 7659
1020.633 361.892 0.807 7659
1020.833 361.813 0.807 7675
1021.033 361.733 0.807 7691
1021.234 361.654 0.807 7691
1021.434 361.574 0.808 7691
1021.594 361.454 0.807 7707
1021.795 361.375 0.808 7707
1021.995 361.295 0.808 7707
1022.155 361.216 0.807 7723
1022.315 361.136 0.808 7740
1022.476 361.056 0.808 7740
1022.676 360.977 0.808 7740
1022.876 360.897 0.808 7756
1023.037 360.818 0.808 7772
1023.197 360.778 0.808 7772
1023.397 360.658 0.808 7772
1023.558 360.579 0.808 7788
1023.718 360.499 0.808 7788
1023.878 360.419 0.808 7788
1024.038 360.340 0.808 7804
1024.199 360.260 0.808 7804
1024.319 360.181 0.809 7820
1024.439 360.101 0.808 7820
1024.599 360.021 0.809 7836
1024.720 359.942 0.808 7836
1024.920 359.783 0.808 7852
1025.080 359.703 0.809 7852
1025.240 359.623 0.808 7852
1025.401 359.504 0.809 7868
1025.601 359.424 0.809 7868
1025.801 359.345 0.809 7885
1025.962 359.265 0.809 7885
1026.122 359.185 0.809 7901
1026.242 359.106 0.809 7901
1026.402 359.026 0.809 7901
1026.523 358.947 0.809 7917
1026.683 358.867 0.809 7933
1026.843 358.787 0.809 7933
1027.003 358.708 0.809 7933
1027.164 358.588 0.809 7949
1027.324 358.509 0.810 7949
1027.484 358.389 0.810 7965
1027.644 358.310 0.810 7965
1027.805 358.230 0.810 7981
1027.965 358.111 0.810 7981
1028.085 358.031 0.810 7981
1028.245 357.912 0.810 7998
1028.406 357.832 0.810 7998
1028.566 357.752 0.810 8014
1028.726 357.673 0.811 8014
1028.927 357.593 0.811 8014
1029.047 357.513 0.811 8030
1029.207 357.394 0.811 8046
1029.367 357.314 0.811 8046
1029.528 357.195 0.811 8046
1029.648 357.076 0.811 8062
1029.808 356.996 0.812 8062
1029.968 356.877 0.813 8062
1030.129 356.757 0.813 8078
1030.289 356.677 0.814 8095
1030.449 356.558 0.814 8095
1030.609 356.439 0.815 8095
1030.770 356.319 0.815 8111
1030.930 356.240 0.816 8127
1031.090 356.120 0.815 8127
1031.250 356.001 0.816 8127
1031.411 355.881 0.817 8143
1031.611 355.762 0.816 8143
1031.771 355.682 0.817 8143
1032.012 355.563 0.816 8159
1032.172 355.443 0.816 8175
1032.372 355.324 0.817 8175
1032.533 355.165 0.817 8175
1032.733 355.006 0.817 8192
1032.893 354.886 0.818 8192
1033.053 354.767 0.817 8208
1033.174 354.647 0.817 8208
1033.294 354.568 0.818 8208
1033.454 354.488 0.817 8224
1033.574 354.369 0.817 8224
1033.694 354.289 0.819 8224
1033.855 354.209 0.817 8240
1034.015 354.130 0.818 8256
1034.135 354.010 0.818 8256
1034.296 353.931 0.818 8256
1034.456 353.811 0.818 8273
1034.616 353.692 0.818 8289
1034.776 353.572 0.819 8289
1034.977 353.493 0.819 8289
1035.137 353.373 0.819 8305
1035.297 353.294 0.818 8305
1035.457 353.214 0.819 8305
1035.618 353.095 0.818 8321
1035.778 353.015 0.819 8337
1035.938 352.935 0.819 8337
1036.099 352.856 0.819 8337
1036.259 352.776 0.819 8353
1036.419 352.697 0.819 8353
1036.579 352.577 0.818 8370
1036.740 352.498 0.819 8370
1036.900 352.378 0.819 8386
1037.060 352.299 0.818 8386
1037.220 352.219 0.819 8386
1037.421 352.100 0.819 8402
1037.581 352.020 0.818 8402
1037.701 351.901 0.819 8418
1037.861 351.821 0.819 8418
1038.062 351.741 0.819 8418
1038.222 351.622 0.820 8434
1038.382 351.502 0.819 8450
1038.542 351.423 0.819 8450
1038.703 351.303 0.819 8450
1038.863 351.184 0.819 8467
1039.023 351.064 0.819 8483
1039.144 350.945 0.819 8483
1039.264 350.826 0.819 8483
1039.384 350.706 0.820 8499
1039.504 350.627 0.819 8499
1039.624 350.547 0.819 8499
1039.745 350.428 0.820 8515
1039.865 350.348 0.819 8515
1040.025 350.189 0.819 8531
1040.145 350.069 0.819 8531
1040.306 349.910 0.819 8547
1040.426 349.791 0.820 8547
1040.546 349.671 0.820 8564
1040.666 349.592 0.819 8564
1040.786 349.472 0.819 8564
1040.947 349.393 0.819 8580
1041.067 349.313 0.819 8580
1041.187 349.194 0.819 8580
1041.307 349.114 0.820 8596
1041.427 348.995 0.819 8612
1041.588 348.875 0.819 8612
1041.708 348.756 0.819 8612
1041.828 348.636 0.819 8628
1041.948 348.557 0.820 8644
1042.109 348.437 0.819 8644
1042.229 348.318 0.819 8644
1042.389 348.238 0.820 8661
1042.509 348.119 0.819 8661
1042.629 347.999 0.819 8661
1042.790 347.920 0.819 8677
1042.870 347.760 0.819 8693
1042.990 347.641 0.820 8693
1043.110 347.522 0.819 8693
1043.230 347.402 0.819 8709
1043.351 347.322 0.820 8709
1043.471 347.203 0.819 8725
1043.591 347.123 0.819 8725
1043.791 347.004 0.820 8741
1043.911 346.885 0.819 8741
1044.032 346.765 0.820 8741
1044.192 346.686 0.820 8757
1044.312 346.566 0.820 8757
1044.432 346.447 0.820 8773
1044.593 346.327 0.820 8773
1044.713 346.208 0.820 8773
1044.833 346.088 0.820 8790
1044.953 345.969 0.820 8806
1045.073 345.889 0.820 8806
1045.194 345.770 0.820 8806
1045.314 345.651 0.820 8822
1045.434 345.571 0.820 8822
1045.594 345.452 0.820 8822
1045.715 345.292 0.820 8838
1045.875 345.173 0.820 8854
1046.035 345.053 0.820 8854
1046.155 344.934 0.820 8854
1046.275 344.854 0.820 8870
1046.436 344.735 0.820 8887
1046.596 344.655 0.820 8887
1046.716 344.536 0.820 8887
1046.796 344.456 0.821 8903
1046.917 344.337 0.820 8903
1046.997 344.257 0.821 8919
1047.117 344.138 0.821 8919
1047.197 344.058 0.820 8919
1047.277 343.979 0.821 8935
1047.397 343.859 0.821 8935
1047.478 343.780 0.821 8951
1047.598 343.660 0.821 8951
1047.718 343.581 0.821 8967
1047.838 343.461 0.821 8967
1047.958 343.381 0.821 8967
1048.078 343.262 0.821 8984
1048.199 343.182 0.821 9000
1048.279 343.063 0.822 9000
1048.399 342.944 0.822 9000
1048.519 342.824 0.822 9016
1048.639 342.745 0.822 9016
1048.719 342.625 0.822 9016
1048.840 342.506 0.823 9032
1048.960 342.426 0.823 9048
1049.080 342.307 0.823 9048
1049.160 342.187 0.823 9048
1049.281 342.108 0.823 9064
1049.441 341.948 0.824 9064
1049.521 341.829 0.824 9081
1049.641 341.710 0.825 9081
1049.761 341.590 0.825 9097
1049.881 341.471 0.826 9097
1050.002 341.351 0.826 9097
1050.082 341.232 0.827 9113
1050.202 341.112 0.827 9113
1050.322 340.993 0.828 9129
1050.402 340.913 0.828 9129
1050.523 340.794 0.829 9129
1050.603 340.714 0.829 9145
1050.723 340.555 0.830 9161
1050.843 340.436 0.831 9161
1050.963 340.316 0.831 9161
1051.083 340.197 0.832 9177
1051.204 340.077 0.833 9177
1051.324 339.958 0.834 9177
1051.444 339.799 0.835 9193
1051.564 339.679 0.835 9210
1051.684 339.560 0.836 9210
1051.805 339.401 0.837 9210
1051.925 339.281 0.837 9226
1052.045 339.162 0.839 9242
1052.165 339.042 0.840 9242
1052.286 338.883 0.841 9242
1052.366 338.764 0.843 9258
1052.486 338.644 0.845 9258
1052.606 338.525 0.845 9258
1052.726 338.366 0.847 9274
1052.846 338.246 0.848 9291
1052.967 338.047 0.848 9291
1053.047 337.888 0.848 9291
1053.167 337.729 0.849 9307
1053.287 337.569 0.849 9307
1053.367 337.450 0.849 9323
1053.487 337.291 0.850 9323
1053.568 337.132 0.850 9323
1053.688 337.012 0.850 9339
1053.808 336.853 0.850 9339
1053.888 336.654 0.851 9355
1053.968 336.495 0.851 9355
1054.048 336.335 0.850 9371
1054.169 336.136 0.851 9371
1054.249 335.977 0.851 9371
1054.329 335.778 0.851 9387
1054.449 335.579 0.852 9404
1054.569 335.380 0.852 9404
1054.649 335.221 0.852 9404
1054.729 335.062 0.852 9420
1054.810 334.862 0.852 9436
1054.890 334.703 0.853 9436
1054.930 334.504 0.853 9436
1055.010 334.345 0.853 9452
1055.050 334.146 0.854 9452
1055.130 333.987 0.854 9452
1055.170 333.788 0.854 9469
1055.210 333.628 0.855 9469
1055.250 333.390 0.855 9485
1055.291 333.230 0.855 9485
1055.331 333.071 0.855 9501
1055.371 332.912 0.855 9501
1055.371 332.753 0.855 9517
1055.411 332.593 0.856 9517
1055.451 332.434 0.856 9517
1055.451 332.275 0.856 9533
1055.571 332.156 0.857 9533
1055.571 331.996 0.857 9533
1055.571 331.837 0.857 9549
1055.531 331.678 0.858 9566
1055.491 331.519 0.858 9566
1055.451 331.359 0.859 9566
1055.451 331.240 0.859 9582
1055.411 331.041 0.859 9598
1055.371 330.922 0.860 9598
1055.331 330.762 0.860 9598
1055.291 330.643 0.860 9614
1055.291 330.484 0.860 9614
1055.250 330.364 0.860 9614
1055.250 330.245 0.860 9630
1055.210 330.165 0.861 9646
1055.170 330.046 0.860 9646
1055.130 329.966 0.860 9646
1055.090 329.847 0.861 9662
1055.050 329.767 0.861 9662
1054.970 329.648 0.861 9678
1054.930 329.528 0.861 9678
1054.890 329.449 0.861 9694
1054.850 329.329 0.862 9694
1054.810 329.250 0.862 9694
1054.729 329.130 0.861 9711
1054.689 329.050 0.862 9711
1054.609 328.931 0.862 9727
1054.529 328.812 0.862 9727
1054.449 328.652 0.863 9727
1054.409 328.533 0.862 9743
1054.329 328.453 0.863 9759
1054.289 328.374 0.863 9759
1054.249 328.294 0.862 9759
1054.169 328.214 0.863 9775
1054.089 328.135 0.863 9775
1054.008 328.055 0.863 9775
1053.928 328.015 0.863 9791
1053.848 327.936 0.863 9808
1053.728 327.856 0.863 9808
1053.648 327.816 0.863 9808
1053.568 327.737 0.863 9824
1053.487 327.697 0.863 9840
1053.367 327.617 0.864 9840
1053.287 327.578 0.864 9840
1053.167 327.498 0.864 9856
1053.087 327.418 0.864 9856
1052.967 327.379 0.864 9872
1052.846 327.339 0.864 9872
1052.766 327.299 0.864 9872
1052.646 327.259 0.864 9888
1052.566 327.219 0.864 9888
1052.446 327.180 0.864 9888
1052.366 327.140 0.864 9904
1052.286 327.060 0.865 9920
1052.205 327.020 0.865 9920
1052.125 326.980 0.865 9920
1052.045 326.901 0.865 9936
1051.925 326.861 0.865 9953
1051.845 326.781 0.865 9953
1051.724 326.742 0.866 9953
1051.644 326.702 0.865 9969
1051.564 326.622 0.866 9969
1051.444 326.582 0.866 9969
1051.364 326.503 0.866 9985
1051.284 326.463 0.866 10001
1051.164 326.344 0.866 10001
1051.083 326.304 0.866 10001
1050.963 326.264 0.866 10017
1050.883 326.184 0.866 10017
1050.763 326.145 0.866 10034
1050.643 326.105 0.866 10034
1050.483 326.065 0.866 10050
1050.362 326.025 0.866 10050
1050.322 325.985 0.866 10050
1050.202 325.945 0.866 10066
1050.042 325.906 0.866 10066
1049.922 325.866 0.867 10082
1049.801 325.826 0.866 10082
1049.681 325.826 0.867 10082
1049.601 325.786 0.867 10098
1049.521 325.746 0.867 10115
1049.401 325.707 0.868 10115
1049.321 325.707 0.868 10115
1049.200 325.667 0.868 10131
1049.080 325.627 0.869 10131
1048.960 325.627 0.869 10131
1048.840 325.587 0.869 10147
1048.679 325.587 0.869 10163
1048.559 325.468 0.868 10163
1048.439 325.468 0.868 10163
1048.279 325.468 0.868 10179
1048.159 325.468 0.868 10195
1048.078 325.508 0.868 10195
1047.958 325.508 0.868 10195
1047.838 325.547 0.868 10212
1047.758 325.547 0.868 10212
1047.678 325.587 0.868 10228
1047.598 325.587 0.868 10228
1047.518 325.587 0.869 10228
1047.438 325.627 0.869 10244
1047.317 325.627 0.869 10244
1047.197 325.667 0.870 10260
1047.077 325.667 0.870 10260
1046.957 325.707 0.869 10276
1046.796 325.746 0.870 10276
1046.676 325.786 0.869 10276
1046.476 325.826 0.869 10292
1046.356 325.866 0.869 10308
1046.235 325.945 0.869 10308
1046.075 325.945 0.869 10308
1045.955 325.985 0.869 10325
1045.835 326.065 0.869 10325
1045.715 326.105 0.870 10325
1045.594 326.145 0.869 10341
1045.514 326.184 0.869 10358
1045.394 326.264 0.869 10358
1045.314 326.304 0.869 10358
1045.234 326.344 0.869 10374
1045.114 326.383 0.869 10374
1045.033 326.503 0.869 10374
1044.953 326.543 0.869 10390
1044.873 326.622 0.869 10406
1044.793 326.702 0.869 10406
1044.713 326.781 0.868 10406
1044.593 326.901 0.869 10422
1044.473 326.980 0.868 10439
1044.352 327.100 0.869 10439
1044.272 327.180 0.869 10439
1044.152 327.299 0.868 10455
1044.032 327.379 0.868 10455
1043.952 327.498 0.868 10455
1043.871 327.578 0.868 10471
1043.751 327.697 0.868 10471
1043.671 327.777 0.868 10487
1043.551 327.896 0.868 10487
1043.471 327.976 0.869 10487
1043.351 328.095 0.868 10503
1043.270 328.214 0.868 10519
1043.150 328.294 0.868 10519
1043.030 328.414 0.868 10519
1042.950 328.533 0.868 10536
1042.830 328.652 0.868 10552
1042.710 328.772 0.868 10552
1042.629 328.931 0.869 10552
1042.509 329.050 0.868 10568
1042.429 329.090 0.868 10568
1042.309 329.250 0.869 10568
1042.189 329.409 0.868 10584
1042.068 329.568 0.868 10584
1041.908 329.727 0.868 10600
1041.788 329.926 0.868 10600
1041.668 330.086 0.869 10616
1041.507 330.245 0.868 10616
1041.387 330.444 0.868 10633
1041.267 330.603 0.868 10633
1041.187 330.762 0.868 10633
1041.027 330.922 0.868 10649
1040.947 331.041 0.868 10649
1040.826 331.160 0.868 10665
1040.746 331.359 0.868 10665
1040.666 331.479 0.869 10681
1040.546 331.638 0.868 10681
1040.466 331.797 0.868 10681
1040.346 331.996 0.868 10697
1040.265 332.156 0.868 10713
1040.185 332.315 0.868 10713
1040.065 332.514 0.868 10713
1039.985 332.713 0.868 10730
1039.905 332.872 0.869 10730
1039.785 333.071 0.869 10730
1039.705 333.270 0.868 10746
1039.624 333.469 0.869 10762
1039.544 333.668 0.868 10762
1039.464 333.867 0.869 10762
1039.384 334.027 0.868 10778
1039.304 334.226 0.868 10778
1039.264 334.425 0.868 10794
1039.184 334.584 0.868 10794
1039.104 334.823 0.868 10810
1039.023 335.022 0.868 10810
1038.863 335.221 0.868 10826
1038.783 335.460 0.868 10826
1038.703 335.659 0.868 10826
1038.583 335.898 0.868 10842
1038.502 336.136 0.867 10859
1038.422 336.335 0.868 10859
1038.302 336.574 0.867 10859
1038.222 336.734 0.868 10875
1038.142 336.972 0.869 10875
1038.062 337.171 0.868 10875
1037.982 337.370 0.868 10891
1037.901 337.530 0.868 10891
1037.821 337.729 0.867 10907
1037.781 337.928 0.867 10907
1037.741 338.087 0.867 10923
1037.661 338.206 0.868 10923
1037.621 338.405 0.867 10939
1037.541 338.565 0.867 10939
1037.461 338.724 0.868 10939
1037.381 338.843 0.867 10956
1037.301 339.003 0.868 10956
1037.220 339.162 0.867 10956
1037.140 339.321 0.867 10972
1037.060 339.480 0.867 10988
1036.940 339.640 0.867 10988
1036.860 339.799 0.868 10988
1036.780 339.958 0.867 11004
1036.699 340.117 0.868 11020
1036.619 340.237 0.867 11020
1036.539 340.396 0.867 11020
1036.459 340.595 0.868 11037
1036.339 340.794 0.868 11037
1036.259 340.953 0.868 11053
1036.179 341.152 0.867 11053
1036.058 341.351 0.868 11053
1035.978 341.510 0.868 11069
1035.898 341.670 0.868 11085
1035.818 341.829 0.867 11085
1035.738 341.988 0.867 11085
1035.658 342.108 0.868 11101
1035.578 342.267 0.868 11101
1035.538 342.386 0.868 11101
1035.457 342.506 0.868 11117
1035.377 342.625 0.868 11133
1035.337 342.784 0.868 11133
1035.257 342.904 0.868 11133
1035.177 343.063 0.868 11150
1035.097 343.222 0.868 11150
1035.017 343.381 0.868 11166
1034.937 343.541 0.868 11166
1034.856 343.700 0.868 11166
1034.736 343.859 0.868 11182
1034.656 343.979 0.868 11182
1034.616 344.098 0.868 11198
1034.576 344.257 0.867 11198
1034.536 344.377 0.868 11215
1034.496 344.456 0.868 11215
1034.456 344.576 0.868 11215
1034.416 344.695 0.868 11231
1034.376 344.775 0.868 11247
1034.296 344.894 0.868 11247
1034.255 345.014 0.867 11247
1034.215 345.173 0.867 11263
1034.135 345.332 0.868 11263
1034.055 345.491 0.868 11263
1034.015 345.690 0.868 11279
1033.935 345.810 0.868 11296
1033.855 345.929 0.868 11296
1033.815 346.088 0.868 11296
1033.775 346.208 0.868 11312
1033.734 346.287 0.867 11328
1033.694 346.407 0.867 11328
1033.654 346.526 0.868 11328
1033.654 346.646 0.868 11344
1033.614 346.725 0.868 11344
1033.574 346.845 0.867 11344
1033.534 346.924 0.868 11360
1033.454 347.044 0.867 11360
1033.414 347.163 0.868 11376
1033.374 347.283 0.868 11376
1033.334 347.402 0.868 11393
1033.254 347.522 0.867 11393
1033.214 347.641 0.867 11409
1033.174 347.760 0.867 11409
1033.094 347.840 0.868 11409
1033.053 347.999 0.867 11425
1033.013 348.079 0.867 11425
1032.973 348.159 0.868 11425
1032.933 348.278 0.867 11441
1032.893 348.358 0.868 11458
1032.733 348.437 0.867 11458
1032.693 348.517 0.868 11458
1032.693 348.636 0.867 11474
1032.693 348.756 0.868 11490
1032.653 348.875 0.867 11490
1032.653 349.034 0.867 11490
1032.613 349.194 0.868 11506
1032.573 349.353 0.867 11506
1032.533 349.512 0.867 11506
1032.452 349.671 0.868 11522
1032.412 349.830 0.867 11538
1032.372 349.990 0.867 11538
1032.332 350.109 0.867 11538
1032.292 350.229 0.868 11555
1032.252 350.348 0.868 11555
1032.252 350.467 0.867 11571
1032.212 350.547 0.868 11571
1032.132 350.666 0.868 11571
1032.092 350.786 0.868 11587
1032.092 350.905 0.868 11587
1032.012 351.025 0.868 11603
1031.972 351.144 0.867 11603
1031.932 351.264 0.867 11619
1031.891 351.423 0.867 11619
1031.851 351.542 0.867 11619
1031.771 351.662 0.867 11635
1031.731 351.821 0.867 11651
1031.731 351.940 0.867 11651
1031.651 352.100 0.867 11651
1031.611 352.219 0.867 11667
1031.571 352.378 0.867 11667
1031.531 352.498 0.867 11667
1031.451 352.617 0.867 11684
1031.411 352.776 0.867 11700
1031.371 352.935 0.867 11700
1031.291 353.055 0.867 11700
1031.210 353.174 0.867 11716
1031.170 353.334 0.867 11732
1031.130 353.453 0.867 11732
1031.090 353.572 0.867 11732
1030.970 353.692 0.867 11749
1030.930 353.851 0.867 11749
1030.890 353.971 0.868 11749
1030.810 354.090 0.867 11765
1030.770 354.209 0.867 11765
1030.729 354.329 0.868 11781
1030.649 354.448 0.867 11781
1030.609 354.607 0.867 11797
1030.529 354.727 0.868 11797
1030.489 354.886 0.867 11813
1030.449 355.006 0.867 11813
1030.369 355.165 0.867 11813
1030.329 355.284 0.867 11829
1030.289 355.404 0.867 11829
1030.249 355.523 0.867 11829
1030.209 355.642 0.867 11845
1030.169 355.762 0.868 11861
1030.169 355.881 0.867 11861
1030.129 356.041 0.867 11861
1030.088 356.200 0.867 11877
1030.048 356.319 0.867 11894
1030.008 356.478 0.867 11894
1029.968 356.638 0.867 11894
1029.928 356.797 0.867 11910
1029.888 356.956 0.867 11910
1029.848 357.115 0.867 11910
1029.808 357.275 0.867 11926
1029.728 357.394 0.867 11942
1029.688 357.593 0.867 11942
1029.648 357.752 0.867 11942
1029.608 357.912 0.867 11958
1029.568 358.031 0.867 11958
1029.528 358.190 0.867 11975
1029.488 358.349 0.867 11975
1029.448 358.509 0.867 11991
1029.407 358.668 0.867 11991
1029.367 358.827 0.867 11991
1029.287 358.986 0.867 12007
1029.207 359.146 0.867 12007
1029.167 359.265 0.867 12023
1029.087 359.384 0.867 12023
1029.047 359.504 0.868 12023
1029.007 359.623 0.868 12039
1028.927 359.743 0.867 12056
1028.886 359.902 0.867 12056
1028.806 360.061 0.867 12056
1028.766 360.181 0.867 12072
1028.686 360.260 0.867 12088
1028.646 360.380 0.867 12088
1028.606 360.499 0.867 12088
1028.566 360.579 0.868 12104
1028.526 360.698 0.867 12104
1028.446 360.818 0.867 12104
1028.406 360.937 0.867 12120
1028.366 361.017 0.867 12120
1028.286 361.136 0.868 12136
1028.245 361.255 0.867 12136
1028.165 361.375 0.867 12153
1028.085 361.534 0.868 12153
1028.045 361.693 0.868 12169
1027.965 361.853 0.867 12169
1027.885 361.972 0.868 12169
1027.805 362.171 0.867 12185
1027.765 362.370 0.867 12185
1027.684 362.490 0.868 12185
1027.644 362.649 0.867 12201
1027.564 362.808 0.868 12217
1027.484 362.967 0.868 12217
1027.404 363.126 0.867 12217
1027.364 363.286 0.868 12233
1027.244 363.445 0.868 12250
1027.164 363.644 0.867 12250
1027.083 363.803 0.867 12250
1027.003 364.002 0.868 12266
1026.963 364.201 0.867 12266
1026.883 364.360 0.868 12266
1026.843 364.520 0.867 12282
1026.763 364.759 0.867 12298
1026.723 364.918 0.868 12298
1026.683 365.077 0.867 12298
1026.643 365.236 0.867 12314
1026.603 365.395 0.868 12314
1026.523 365.555 0.868 12330
1026.483 365.714 0.868 12330
1026.402 365.873 0.868 12347
1026.322 366.032 0.868 12347
1026.242 366.231 0.868 12347
1026.202 366.431 0.868 12363
1026.122 366.669 0.867 12363
1026.042 366.868 0.868 12379
1026.002 367.107 0.868 12379
1025.922 367.306 0.867 12379
1025.881 367.466 0.868 12395
1025.801 367.625 0.867 12411
1025.761 367.824 0.867 12411
1025.681 367.943 0.868 12411
1025.641 368.102 0.868 12427
1025.561 368.262 0.868 12427
1025.521 368.421 0.868 12427
1025.401 368.580 0.868 12443
1025.361 368.739 0.868 12459
1025.280 368.899 0.868 12459
1025.240 369.018 0.868 12459
1025.200 369.137 0.868 12476
1025.120 369.297 0.868 12492
1025.080 369.416 0.868 12492
1025.040 369.575 0.868 12492
1024.960 369.695 0.868 12508
1024.920 369.854 0.868 12508
1024.880 369.973 0.868 12524
1024.800 370.093 0.867 12524
1024.760 370.212 0.868 12524
1024.679 370.332 0.868 12540
1024.639 370.451 0.868 12540
1024.599 370.610 0.868 12557
1024.519 370.730 0.868 12557
1024.479 370.889 0.868 12573
1024.439 371.048 0.868 12573
1024.359 371.208 0.868 12573
1024.319 371.367 0.868 12589
1024.279 371.486 0.868 12605
1024.239 371.645 0.868 12605
1024.159 371.765 0.868 12605
1024.119 371.964 0.868 12621
1024.078 372.083 0.868 12621
1024.038 372.203 0.868 12621
1023.998 372.322 0.868 12638
1023.958 372.402 0.868 12654
1023.918 372.561 0.868 12654
1023.838 372.680 0.868 12654
1023.798 372.840 0.868 12670
1023.758 372.959 0.868 12670
1023.718 373.118 0.867 12686
1023.638 373.278 0.868 12686
1023.558 373.437 0.868 12702
1023.518 373.596 0.868 12702
1023.477 373.755 0.868 12702
1023.397 373.875 0.868 12718
1023.397 374.034 0.868 12718
1023.357 374.193 0.868 12735
1023.317 374.392 0.868 12735
1023.277 374.512 0.868 12751
1023.237 374.671 0.868 12751
1023.197 374.830 0.868 12767
1023.157 374.989 0.868 12767
1023.117 375.109 0.868 12767
1023.077 375.268 0.868 12783
1023.037 375.427 0.868 12783
1022.997 375.547 0.868 12783
1022.957 375.706 0.868 12799
1022.917 375.825 0.868 12815
1022.876 375.985 0.868 12815
1022.836 376.104 0.868 12815
1022.796 376.263 0.868 12832
1022.756 376.462 0.868 12848
1022.716 376.621 0.868 12848
1022.636 376.820 0.868 12848
1022.596 377.020 0.869 12864
1022.556 377.219 0.868 12864
1022.476 377.378 0.868 12864
1022.436 377.537 0.868 12880
1022.356 377.696 0.868 12880
1022.315 377.855 0.868 12896
1022.275 378.015 0.868 12896
1022.235 378.134 0.868 12912
1022.195 378.293 0.868 12912
1022.155 378.453 0.868 12928
1022.115 378.572 0.868 12928
1022.075 378.731 0.868 12928
1022.035 378.930 0.868 12945
1021.955 379.090 0.868 12945
1021.915 379.289 0.868 12945
1021.875 379.448 0.868 12961
1021.835 379.607 0.868 12977
1021.795 379.806 0.868 12977
1021.715 380.005 0.868 12977
1021.675 380.204 0.868 12993
1021.594 380.403 0.868 13009
1021.514 380.563 0.868 13009
1021.474 380.762 0.868 13009
1021.394 380.921 0.868 13026
1021.354 381.040 0.868 13026
1021.314 381.199 0.868 13026
1021.274 381.359 0.868 13042
1021.234 381.558 0.868 13058
1021.194 381.717 0.868 13058
1021.154 381.876 0.868 13058
1021.114 382.075 0.868 13074
1021.073 382.234 0.868 13074
1021.033 382.394 0.868 13090
1020.993 382.593 0.868 13090
1020.953 382.752 0.869 13090
1020.913 382.951 0.868 13107
1020.873 383.110 0.868 13123
1020.833 383.269 0.868 13123
1020.793 383.429 0.868 13123
1020.753 383.588 0.868 13139
1020.713 383.707 0.868 13139
1020.713 383.906 0.868 13139
1020.673 384.066 0.868 13155
1020.633 384.185 0.868 13171
1020.633 384.344 0.868 13171
1020.593 384.464 0.868 13171
1020.553 384.623 0.868 13188
1020.553 384.742 0.868 13204
1020.472 384.902 0.868 13204
1020.472 385.021 0.868 13204
1020.432 385.180 0.868 13220
1020.432 385.300 0.868 13220
1020.392 385.419 0.868 13220
1020.392 385.578 0.868 13236
1020.352 385.698 0.868 13236
1020.312 385.817 0.868 13252
1020.312 385.937 0.868 13252
1020.272 386.096 0.868 13269
1020.232 386.215 0.868 13269
1020.232 386.375 0.868 13285
1020.192 386.534 0.868 13285
1020.192 386.653 0.868 13285
1020.152 386.812 0.868 13301
1020.152 386.972 0.868 13301
1020.152 387.131 0.868 13301
1020.112 387.290 0.868 13317
1020.112 387.449 0.868 13333
1020.112 387.569 0.868 13333
1020.112 387.728 0.868 13333
1020.152 387.887 0.867 13349
1020.152 388.046 0.868 13365
1020.152 388.166 0.868 13365
1020.192 388.325 0.868 13365
1020.192 388.484 0.868 13381
1020.192 388.604 0.867 13381
1020.232 388.763 0.868 13397
1020.232 388.882 0.868 13397
1020.232 389.002 0.867 13397
1020.272 389.121 0.867 13413
1020.272 389.241 0.868 13413
1020.312 389.360 0.867 13430
1020.312 389.440 0.868 13430
1020.312 389.559 0.867 13446
1020.352 389.679 0.867 13446
1020.392 389.798 0.867 13446
1020.392 389.957 0.867 13462
1020.432 390.077 0.866 13478
1020.432 390.196 0.867 13478
1020.472 390.355 0.867 13478
1020.472 390.515 0.867 13494
1020.512 390.714 0.867 13494
1020.553 390.873 0.867 13494
1020.553 391.032 0.867 13510
1020.593 391.231 0.868 13526
1020.593 391.390 0.867 13526
1020.633 391.510 0.867 13526
1020.673 391.629 0.867 13542
1020.713 391.709 0.867 13542
1020.753 391.788 0.867 13559
1020.793 391.908 0.867 13559
1020.833 391.987 0.866 13575
1020.873 392.067 0.867 13575
1020.913 392.147 0.867 13575
1020.913 392.266 0.866 13591
1020.953 392.346 0.867 13591
1020.993 392.465 0.867 13607
1020.993 392.585 0.867 13607
1021.033 392.664 0.867 13607
1021.073 392.784 0.867 13623
1021.114 392.903 0.867 13639
1021.154 393.022 0.867 13639
1021.154 393.142 0.867 13639
1021.234 393.222 0.867 13656
1021.234 393.341 0.867 13672
1021.314 393.421 0.867 13672
1021.354 393.580 0.867 13672
1021.394 393.659 0.866 13688
1021.434 393.739 0.866 13688
1021.474 393.819 0.867 13688
1021.514 393.898 0.867 13704
1021.554 393.978 0.866 13720
1021.594 394.058 0.867 13720
1021.675 394.097 0.866 13720
1021.715 394.217 0.866 13737
1021.755 394.296 0.867 13737
1021.835 394.376 0.866 13753
1021.915 394.456 0.866 13753
1021.955 394.535 0.866 13753
1022.035 394.615 0.866 13769
1022.115 394.694 0.866 13769
1022.195 394.774 0.866 13785
1022.275 394.854 0.866 13785
1022.356 394.933 0.866 13801
1022.436 394.973 0.866 13801
1022.476 395.013 0.866 13801
1022.556 395.053 0.866 13817
1022.596 395.093 0.866 13834
1022.636 395.132 0.866 13834
1022.716 395.132 0.866 13834
1022.756 395.172 0.866 13850
1022.836 395.212 0.866 13850
1022.876 395.252 0.866 13850
1022.957 395.292 0.866 13866
1023.037 395.331 0.866 13882
1023.117 395.411 0.866 13882
1023.157 395.451 0.866 13882
1023.237 395.530 0.866 13899
1023.317 395.570 0.866 13915
1023.357 395.610 0.866 13915
1023.437 395.690 0.866 13915
1023.477 395.729 0.866 13931
1023.558 395.729 0.866 13931
1023.638 395.769 0.866 13931
1023.718 395.769 0.866 13947
1023.798 395.809 0.866 13947
1023.878 395.968 0.866 13963
1023.958 395.968 0.866 13963
1024.038 396.008 0.866 13979
1024.159 396.008 0.866 13979
1024.239 396.048 0.866 13995
1024.319 396.088 0.867 13995
1024.399 396.128 0.866 13995
1024.479 396.167 0.866 14012
1024.559 396.207 0.866 14012
1024.639 396.247 0.866 14012
1024.720 396.247 0.866 14028
1024.800 396.247 0.867 14044
1024.880 396.287 0.866 14044
1024.960 396.287 0.866 14044
1025.080 396.247 0.867 14060
1025.200 396.247 0.866 14076
1025.320 396.247 0.866 14076
1025.401 396.247 0.867 14076
1025.521 396.207 0.866 14092
1025.641 396.247 0.867 14092
1025.721 396.247 0.866 14092
1025.841 396.287 0.866 14108
1025.922 396.327 0.867 14124
1026.042 396.327 0.866 14124
1026.122 396.366 0.866 14124
1026.202 396.366 0.867 14140
1026.282 396.406 0.866 14140
1026.402 396.406 0.866 14157
1026.483 396.446 0.867 14157
1026.563 396.446 0.867 14157
1026.683 396.446 0.866 14173
1026.763 396.406 0.867 14173
1026.883 396.406 0.866 14189
1027.003 396.366 0.867 14189
1027.043 396.327 0.867 14205
1027.164 396.287 0.867 14205
1027.284 396.247 0.867 14205
1027.364 396.207 0.867 14222
1027.484 396.167 0.867 14238
1027.604 396.128 0.867 14238
1027.724 396.128 0.867 14238
1027.845 396.128 0.867 14254
1027.965 396.128 0.867 14270
1028.085 396.088 0.867 14270
1028.245 396.088 0.867 14270
1028.366 396.088 0.868 14286
1028.526 396.048 0.867 14286
1028.646 396.008 0.867 14286
1028.846 395.928 0.867 14302
1028.967 395.889 0.867 14302
1029.127 395.769 0.867 14319
1029.287 395.690 0.867 14319
1029.448 395.610 0.867 14335
1029.608 395.570 0.868 14335
1029.728 395.530 0.867 14351
1029.848 395.491 0.867 14351
1029.968 395.491 0.868 14351
1030.088 395.451 0.867 14367
1030.169 395.451 0.867 14367
1030.289 395.451 0.867 14367
1030.409 395.451 0.867 14383
1030.529 395.411 0.867 14399
1030.689 395.371 0.868 14399
1030.850 395.331 0.867 14399
1031.010 395.252 0.868 14415
1031.170 395.172 0.867 14431
1031.371 395.053 0.867 14431
1031.571 394.933 0.867 14431
1031.771 394.854 0.868 14448
1031.972 394.734 0.867 14448
1032.172 394.655 0.868 14448
1032.372 394.575 0.868 14464
1032.492 394.495 0.867 14480
1032.653 394.456 0.868 14480
1032.773 394.376 0.867 14480
1032.933 394.336 0.868 14496
1033.053 394.336 0.868 14496
1033.214 394.296 0.868 14512
1033.374 394.257 0.868 14512
1033.534 394.217 0.869 14512
1033.734 394.177 0.868 14528
1033.935 394.097 0.869 14528
1034.135 393.978 0.868 14544
1034.336 393.859 0.868 14544
1034.496 393.779 0.868 14560
1034.696 393.659 0.869 14560
1034.856 393.580 0.868 14560
1034.977 393.500 0.868 14576
1035.097 393.421 0.869 14593
1035.217 393.301 0.869 14593
1035.417 393.261 0.868 14593
1035.538 393.182 0.868 14609
1035.698 393.142 0.868 14609
1035.818 393.102 0.869 14609
1035.938 393.062 0.868 14625
1036.099 392.983 0.868 14641
1036.219 392.903 0.869 14641
1036.379 392.823 0.868 14641
1036.539 392.744 0.869 14657
1036.699 392.624 0.868 14674
1036.860 392.505 0.868 14674
1036.980 392.385 0.869 14674
1037.140 392.266 0.868 14690
1037.301 392.186 0.869 14690
1037.421 392.067 0.869 14690
1037.541 392.027 0.869 14706
1037.661 391.948 0.869 14706
1037.821 391.868 0.869 14722
1037.942 391.828 0.869 14722
1038.062 391.749 0.869 14722
1038.182 391.709 0.869 14738
1038.302 391.629 0.869 14754
1038.422 391.550 0.869 14754
1038.542 391.470 0.868 14754
1038.623 391.390 0.869 14771
1038.743 391.311 0.869 14787
1038.823 391.191 0.868 14787
1038.903 391.112 0.869 14787
1039.023 390.992 0.869 14803
1039.104 390.873 0.868 14803
1039.184 390.753 0.869 14803
1039.304 390.674 0.869 14819
1039.384 390.594 0.868 14835
1039.464 390.515 0.868 14835
1039.584 390.435 0.869 14835
1039.664 390.355 0.868 14852
1039.745 390.276 0.869 14852
1039.825 390.196 0.870 14868
1039.945 390.117 0.869 14868
1040.025 390.037 0.869 14884
1040.145 389.957 0.869 14884
1040.225 389.878 0.868 14884
1040.346 389.798 0.869 14900
1040.426 389.718 0.869 14900
1040.506 389.639 0.869 14916
1040.586 389.559 0.869 14916
1040.666 389.480 0.869 14916
1040.746 389.440 0.869 14932
1040.826 389.400 0.869 14948
1040.906 389.320 0.869 14948
1040.987 389.241 0.869 14948
1041.067 389.161 0.869 14964
1041.147 389.121 0.869 14964
1041.227 389.042 0.869 14964
1041.387 388.922 0.869 14980
1041.467 388.843 0.869 14997
1041.588 388.723 0.869 14997
1041.668 388.644 0.869 14997
1041.748 388.484 0.869 15013
1041.828 388.405 0.869 15029
1041.908 388.325 0.869 15029
1042.028 388.206 0.869 15029
1042.068 388.166 0.870 15045
1042.149 388.086 0.869 15045
1042.229 388.046 0.869 15045
1042.309 387.967 0.869 15061
1042.349 387.927 0.869 15077
1042.429 387.847 0.869 15077
1042.509 387.808 0.869 15077
1042.589 387.768 0.869 15093
1042.669 387.688 0.869 15093
1042.790 387.609 0.870 15110
1042.870 387.569 0.869 15110
1042.950 387.489 0.869 15126
1043.030 387.409 0.869 15126
1043.150 387.330 0.870 15126
1043.230 387.250 0.870 15142
1043.310 387.131 0.869 15142
1043.391 387.051 0.869 15158
1043.471 387.011 0.870 15158
1043.551 386.932 0.869 15158
1043.631 386.892 0.870 15174
1043.671 386.852 0.869 15190
1043.751 386.812 0.869 15190
1043.831 386.773 0.870 15190
1043.911 386.693 0.870 15206
1043.992 386.653 0.869 15206
1044.072 386.574 0.870 15206
1044.232 386.454 0.870 15223
1044.312 386.375 0.870 15239
1044.392 386.255 0.870 15239
1044.513 386.175 0.870 15239
1044.593 386.016 0.870 15255
1044.673 385.937 0.870 15271
1044.793 385.857 0.870 15271
1044.873 385.777 0.870 15271
1044.953 385.698 0.870 15287
1045.033 385.618 0.870 15287
1045.114 385.578 0.870 15287
1045.194 385.499 0.870 15303
1045.274 385.419 0.870 15319
1045.354 385.379 0.870 15319
1045.434 385.300 0.870 15319
1045.474 385.260 0.870 15335
1045.554 385.180 0.870 15335
1045.594 385.101 0.870 15352
1045.674 385.061 0.869 15352
1045.755 384.902 0.847 15352
1045.875 384.663 0.801 15368
1046.115 384.265 0.697 15384
1046.476 383.628 0.533 15384
1047.077 382.792 0.257 15384

