% x_coordinate y_coordinate pressure time
% shape 0, 1421 points
763.324 291.073 0.047 0
763.364 291.073 0.070 0
763.444 291.073 0.091 0
763.484 291.073 0.125 16
763.564 291.034 0.158 32
763.684 290.994 0.181 32
763.765 290.954 0.199 32
763.805 290.914 0.213 48
763.885 290.874 0.225 48
763.965 290.835 0.237 48
764.005 290.835 0.246 64
764.085 290.835 0.258 80
764.125 290.795 0.270 80
764.205 290.755 0.283 80
764.286 290.675 0.293 96
764.406 290.596 0.303 96
764.526 290.436 0.312 113
764.686 290.277 0.322 113
764.846 290.078 0.331 129
765.047 289.879 0.338 129
765.287 289.600 0.345 129
765.487 289.401 0.349 145
765.688 289.163 0.352 145
765.928 288.964 0.354 161
766.088 288.764 0.356 161
766.289 288.565 0.358 161
766.489 288.366 0.360 177
766.730 288.167 0.361 193
766.930 287.968 0.361 193
767.170 287.769 0.361 193
767.371 287.530 0.362 209
767.611 287.252 0.362 226
767.811 287.013 0.362 226
768.012 286.774 0.363 226
768.212 286.535 0.363 242
768.372 286.296 0.363 242
768.573 286.057 0.363 242
768.773 285.819 0.364 258
768.973 285.620 0.364 274
769.174 285.421 0.364 274
769.334 285.221 0.364 274
769.534 285.062 0.364 291
769.694 284.863 0.365 291
769.895 284.704 0.365 307
770.095 284.505 0.366 307
770.295 284.306 0.367 307
770.536 284.067 0.367 323
770.816 283.828 0.367 323
771.097 283.510 0.368 323
771.417 283.191 0.367 339
771.738 282.873 0.368 355
772.058 282.515 0.368 355
772.299 282.196 0.368 355
772.579 281.917 0.368 372
772.820 281.718 0.368 388
773.060 281.519 0.368 388
773.220 281.360 0.369 388
773.381 281.241 0.369 404
773.581 281.121 0.369 404
773.741 280.962 0.370 404
773.861 280.843 0.370 420
774.022 280.723 0.370 436
774.262 280.564 0.370 436
774.462 280.365 0.370 436
774.703 280.126 0.370 452
774.943 279.927 0.370 452
775.184 279.648 0.370 468
775.464 279.410 0.370 468
775.745 279.131 0.371 468
776.025 278.892 0.370 485
776.265 278.613 0.371 501
776.506 278.374 0.371 501
776.746 278.136 0.371 501
776.987 277.857 0.371 517
777.227 277.658 0.372 517
777.427 277.459 0.372 517
777.588 277.339 0.374 533
777.788 277.180 0.374 549
777.988 277.061 0.375 549
778.189 276.902 0.375 549
778.389 276.742 0.375 565
778.629 276.543 0.376 565
778.870 276.305 0.376 581
779.150 276.066 0.377 581
779.431 275.747 0.377 581
779.751 275.429 0.377 598
780.112 275.110 0.377 614
780.392 274.792 0.378 614
780.713 274.473 0.378 614
780.993 274.234 0.378 630
781.274 273.956 0.379 630
781.474 273.757 0.379 630
781.714 273.558 0.380 646
781.915 273.398 0.382 662
782.075 273.199 0.382 662
782.316 273.000 0.382 662
782.516 272.801 0.383 679
782.796 272.563 0.383 679
783.037 272.324 0.383 695
783.277 272.005 0.384 695
783.558 271.687 0.384 695
783.838 271.328 0.384 711
784.159 270.891 0.385 727
784.439 270.532 0.387 727
784.720 270.214 0.390 727
784.960 269.935 0.393 743
785.240 269.656 0.395 743
785.481 269.457 0.397 743
785.641 269.298 0.399 760
785.841 269.099 0.399 776
785.962 268.940 0.400 776
786.122 268.781 0.401 776
786.282 268.582 0.402 792
786.402 268.383 0.404 808
786.603 268.223 0.405 808
786.763 268.024 0.409 808
786.923 267.785 0.411 824
787.124 267.547 0.413 824
787.324 267.308 0.415 824
787.524 267.069 0.417 841
787.725 266.790 0.418 841
787.965 266.551 0.420 857
788.165 266.352 0.422 857
788.366 266.074 0.424 873
788.526 265.875 0.426 873
788.726 265.676 0.428 889
788.886 265.477 0.430 889
789.087 265.238 0.433 889
789.287 265.039 0.436 905
789.447 264.800 0.438 905
789.648 264.561 0.441 905
789.848 264.282 0.445 922
790.008 264.043 0.450 938
790.249 263.765 0.455 938
790.449 263.486 0.458 938
790.730 263.208 0.462 954
790.970 262.929 0.466 970
791.210 262.690 0.469 970
791.451 262.411 0.470 970
791.651 262.212 0.472 986
791.851 262.013 0.473 986
792.052 261.854 0.474 986
792.212 261.695 0.474 1003
792.372 261.496 0.474 1019
792.573 261.297 0.475 1019
792.733 261.098 0.475 1019
792.973 260.859 0.475 1035
793.254 260.620 0.476 1035
793.534 260.301 0.477 1051
793.815 259.983 0.479 1051
794.135 259.665 0.481 1051
794.456 259.267 0.482 1067
794.736 258.988 0.485 1067
795.017 258.709 0.486 1083
795.257 258.470 0.487 1083
795.457 258.271 0.489 1099
795.658 258.072 0.489 1099
795.818 257.913 0.490 1099
796.018 257.754 0.492 1116
796.219 257.555 0.493 1132
796.379 257.356 0.496 1132
796.619 257.117 0.498 1132
796.860 256.878 0.500 1148
797.100 256.639 0.502 1148
797.381 256.361 0.504 1148
797.621 256.122 0.508 1164
797.901 255.843 0.513 1181
798.182 255.564 0.517 1181
798.422 255.325 0.521 1181
798.703 255.087 0.525 1197
798.943 254.848 0.529 1197
799.184 254.569 0.532 1213
799.384 254.370 0.534 1213
799.624 254.171 0.537 1213
799.825 253.932 0.538 1229
800.065 253.693 0.539 1245
800.265 253.494 0.540 1245
800.506 253.216 0.542 1245
800.746 252.977 0.543 1261
800.987 252.698 0.544 1261
801.307 252.380 0.546 1261
801.588 252.061 0.547 1277
801.868 251.783 0.549 1293
802.149 251.544 0.550 1293
802.389 251.265 0.552 1293
802.589 251.066 0.554 1309
802.830 250.867 0.557 1326
803.030 250.668 0.559 1326
803.230 250.469 0.561 1326
803.391 250.270 0.563 1342
803.551 250.111 0.563 1342
803.751 249.872 0.564 1342
803.911 249.673 0.565 1358
804.112 249.474 0.565 1358
804.272 249.275 0.566 1374
804.472 249.036 0.565 1374
804.673 248.837 0.566 1391
804.833 248.638 0.566 1391
805.033 248.439 0.567 1407
805.234 248.200 0.567 1407
805.434 247.961 0.569 1407
805.634 247.642 0.570 1423
805.875 247.404 0.571 1439
806.075 247.125 0.571 1439
806.275 246.846 0.572 1439
806.476 246.568 0.573 1456
806.636 246.289 0.575 1456
806.836 246.050 0.577 1456
807.037 245.811 0.579 1472
807.197 245.572 0.581 1488
807.317 245.334 0.583 1488
807.477 245.095 0.585 1488
807.598 244.896 0.587 1504
807.758 244.657 0.588 1504
807.918 244.418 0.590 1520
808.119 244.179 0.591 1520
808.279 243.940 0.593 1536
808.479 243.701 0.594 1536
808.639 243.463 0.595 1536
808.880 243.224 0.596 1552
809.080 242.945 0.597 1552
809.280 242.746 0.598 1569
809.481 242.547 0.599 1569
809.681 242.308 0.600 1585
809.881 242.069 0.602 1585
810.002 241.870 0.604 1601
810.162 241.671 0.605 1601
810.282 241.432 0.608 1601
810.442 241.233 0.609 1617
810.563 241.034 0.611 1617
810.683 240.795 0.613 1633
810.843 240.517 0.616 1633
811.003 240.318 0.617 1650
811.164 240.079 0.619 1650
811.324 239.800 0.620 1650
811.524 239.522 0.620 1666
811.765 239.243 0.621 1682
811.965 239.004 0.621 1682
812.165 238.725 0.622 1682
812.326 238.407 0.623 1698
812.526 238.168 0.624 1698
812.646 237.929 0.626 1698
812.806 237.690 0.628 1714
812.927 237.452 0.630 1730
813.047 237.213 0.631 1730
813.167 236.974 0.633 1730
813.287 236.695 0.635 1746
813.447 236.456 0.636 1762
813.608 236.217 0.637 1762
813.728 235.939 0.638 1762
813.888 235.740 0.638 1762
814.048 235.501 0.639 1778
814.209 235.302 0.639 1778
814.329 235.063 0.640 1795
814.449 234.864 0.641 1795
814.529 234.625 0.642 1811
814.649 234.426 0.644 1811
814.770 234.227 0.644 1811
814.850 234.028 0.646 1827
814.970 233.789 0.647 1843
815.050 233.630 0.648 1843
815.130 233.431 0.649 1843
815.210 233.272 0.649 1859
815.331 233.073 0.650 1859
815.411 232.913 0.650 1859
815.491 232.754 0.651 1875
815.611 232.555 0.651 1891
815.691 232.356 0.652 1891
815.771 232.197 0.653 1891
815.851 232.038 0.653 1908
815.932 231.878 0.654 1924
815.972 231.679 0.656 1924
816.052 231.480 0.657 1924
816.092 231.321 0.659 1940
816.132 231.122 0.661 1940
816.252 230.963 0.662 1940
816.292 230.804 0.665 1956
816.372 230.604 0.667 1972
816.412 230.445 0.669 1972
816.452 230.286 0.670 1972
816.533 230.127 0.671 1988
816.573 229.968 0.672 1988
816.653 229.769 0.672 2005
816.693 229.609 0.672 2005
816.773 229.450 0.673 2005
816.813 229.291 0.673 2021
816.893 229.092 0.674 2037
816.893 228.972 0.674 2037
816.933 228.813 0.675 2037
816.973 228.694 0.676 2053
816.973 228.574 0.679 2053
817.013 228.455 0.681 2053
817.053 228.296 0.683 2069
817.094 228.176 0.686 2086
817.094 228.057 0.687 2086
817.134 227.898 0.689 2086
817.174 227.738 0.691 2102
817.174 227.619 0.692 2102
817.214 227.499 0.693 2118
817.254 227.340 0.694 2118
817.254 227.261 0.695 2134
817.294 227.141 0.695 2134
817.294 227.022 0.696 2134
817.294 226.863 0.697 2150
817.294 226.743 0.698 2150
817.294 226.663 0.698 2167
817.294 226.544 0.700 2167
817.294 226.425 0.700 2167
817.334 226.305 0.701 2183
817.334 226.226 0.702 2199
817.334 226.106 0.703 2199
817.334 226.027 0.703 2199
817.334 225.907 0.704 2215
817.334 225.827 0.705 2215
817.334 225.748 0.705 2215
817.334 225.628 0.706 2231
817.334 225.549 0.708 2247
817.334 225.429 0.709 2247
817.334 225.350 0.710 2247
817.334 225.230 0.711 2263
817.334 225.151 0.711 2280
817.334 225.071 0.713 2280
817.334 224.992 0.713 2280
817.334 224.912 0.713 2296
817.334 224.832 0.714 2296
817.334 224.792 0.714 2296
817.334 224.633 0.715 2312
817.334 224.554 0.716 2328
817.334 224.474 0.717 2328
817.334 224.394 0.717 2328
817.334 224.275 0.717 2344
817.334 224.195 0.718 2344
817.294 224.116 0.719 2360
817.254 223.996 0.719 2360
817.254 223.917 0.720 2360
817.254 223.797 0.721 2377
817.214 223.678 0.722 2377
817.214 223.598 0.723 2393
817.174 223.479 0.724 2393
817.174 223.399 0.725 2409
817.134 223.320 0.726 2409
817.134 223.280 0.727 2409
817.094 223.240 0.728 2425
817.053 223.200 0.729 2442
817.013 223.160 0.730 2442
816.973 223.081 0.731 2442
816.933 223.041 0.732 2458
816.853 223.001 0.732 2458
816.853 222.961 0.734 2458
816.813 222.882 0.735 2474
816.733 222.842 0.736 2490
816.693 222.802 0.738 2490
816.653 222.762 0.739 2490
816.613 222.683 0.739 2506
816.573 222.643 0.740 2522
816.533 222.563 0.741 2522
816.452 222.523 0.742 2522
816.412 222.444 0.743 2538
816.332 222.364 0.744 2538
816.252 222.324 0.745 2538
816.212 222.245 0.746 2554
816.132 222.205 0.747 2570
816.092 222.165 0.749 2570
816.012 222.125 0.749 2570
815.932 222.046 0.750 2587
815.851 222.006 0.750 2587
815.771 222.006 0.751 2603
815.731 221.966 0.751 2603
815.691 221.926 0.751 2603
815.651 221.887 0.752 2619
815.571 221.887 0.752 2619
815.531 221.847 0.752 2635
815.491 221.807 0.753 2635
815.411 221.807 0.753 2651
815.371 221.767 0.754 2651
815.291 221.727 0.754 2651
815.250 221.687 0.754 2668
815.210 221.648 0.755 2684
815.130 221.608 0.754 2684
815.090 221.608 0.755 2684
815.010 221.568 0.755 2700
814.970 221.568 0.755 2716
814.890 221.528 0.755 2716
814.850 221.528 0.755 2716
814.810 221.528 0.755 2732
814.730 221.488 0.756 2732
814.649 221.488 0.756 2732
814.609 221.488 0.756 2748
814.529 221.488 0.756 2748
814.449 221.449 0.756 2764
814.409 221.449 0.757 2764
814.329 221.409 0.757 2781
814.249 221.409 0.757 2781
814.209 221.369 0.758 2797
814.129 221.329 0.759 2797
814.048 221.329 0.759 2797
813.968 221.289 0.759 2813
813.928 221.289 0.759 2813
813.808 221.250 0.759 2829
813.768 221.250 0.760 2829
813.648 221.250 0.760 2845
813.568 221.250 0.760 2845
813.487 221.210 0.760 2845
813.407 221.210 0.760 2861
813.327 221.170 0.760 2877
813.207 221.170 0.760 2877
813.127 221.130 0.760 2877
813.047 221.090 0.761 2894
812.967 221.090 0.761 2894
812.846 221.051 0.761 2894
812.766 221.051 0.761 2910
812.686 221.051 0.761 2926
812.606 221.011 0.761 2926
812.486 221.011 0.761 2926
812.406 221.011 0.761 2942
812.326 221.011 0.761 2942
812.245 220.971 0.761 2958
812.165 220.971 0.761 2958
812.085 220.971 0.761 2974
812.005 220.971 0.761 2974
811.925 220.971 0.761 2974
811.845 220.931 0.762 2991
811.805 220.931 0.762 2991
811.724 220.931 0.762 3007
811.644 220.891 0.763 3007
811.604 220.851 0.763 3007
811.524 220.812 0.763 3023
811.484 220.812 0.764 3039
811.404 220.772 0.765 3039
811.324 220.692 0.765 3039
811.284 220.692 0.766 3055
811.204 220.652 0.767 3055
811.124 220.613 0.768 3055
811.043 220.613 0.769 3072
810.923 220.573 0.770 3088
810.843 220.573 0.770 3088
810.763 220.573 0.771 3088
810.723 220.573 0.771 3104
810.643 220.573 0.771 3120
810.603 220.533 0.772 3120
810.563 220.533 0.771 3120
810.523 220.533 0.772 3136
810.442 220.533 0.772 3136
810.402 220.493 0.773 3152
810.322 220.493 0.773 3152
810.282 220.493 0.774 3152
810.202 220.453 0.774 3168
810.122 220.453 0.775 3168
810.082 220.453 0.775 3168
810.002 220.414 0.775 3185
809.962 220.414 0.776 3201
809.922 220.414 0.776 3201
809.881 220.414 0.776 3201
809.801 220.414 0.776 3217
809.721 220.414 0.776 3233
809.681 220.414 0.776 3233
809.641 220.414 0.777 3233
809.561 220.414 0.776 3249
809.521 220.414 0.776 3249
809.441 220.414 0.776 3249
809.401 220.453 0.776 3265
809.361 220.453 0.777 3282
809.280 220.493 0.777 3282
809.240 220.533 0.776 3282
809.080 220.533 0.777 3298
809.040 220.573 0.777 3298
808.960 220.613 0.777 3314
808.880 220.613 0.777 3314
808.800 220.652 0.777 3330
808.760 220.692 0.777 3330
808.679 220.732 0.777 3330
808.599 220.772 0.777 3346
808.559 220.812 0.777 3346
808.519 220.851 0.777 3362
808.439 220.891 0.777 3362
808.399 220.931 0.777 3378
808.359 220.971 0.777 3378
808.279 221.011 0.776 3395
808.239 221.011 0.777 3395
808.199 221.051 0.777 3395
808.119 221.090 0.777 3411
808.078 221.130 0.776 3411
807.998 221.170 0.777 3411
807.958 221.210 0.777 3427
807.878 221.250 0.777 3443
807.838 221.289 0.777 3443
807.758 221.329 0.777 3443
807.718 221.369 0.777 3459
807.638 221.409 0.777 3475
807.558 221.449 0.777 3475
807.518 221.488 0.777 3475
807.437 221.568 0.776 3491
807.357 221.648 0.777 3491
807.237 221.727 0.777 3508
807.157 221.807 0.777 3508
807.077 221.887 0.777 3508
806.997 221.966 0.776 3524
806.917 222.046 0.777 3524
806.836 222.125 0.776 3540
806.756 222.205 0.776 3540
806.716 222.245 0.777 3556
806.676 222.324 0.776 3556
806.636 222.404 0.777 3556
806.556 222.484 0.777 3572
806.516 222.603 0.777 3589
806.476 222.683 0.776 3589
806.396 222.762 0.777 3589
806.316 222.842 0.776 3605
806.235 222.922 0.776 3605
806.195 223.001 0.777 3605
806.115 223.081 0.776 3621
806.075 223.121 0.777 3637
806.035 223.200 0.777 3637
805.955 223.320 0.776 3637
805.875 223.399 0.776 3653
805.795 223.479 0.776 3669
805.715 223.558 0.776 3669
805.634 223.678 0.777 3669
805.554 223.757 0.776 3686
805.474 223.837 0.776 3686
805.354 223.917 0.776 3686
805.314 223.996 0.777 3702
805.234 224.076 0.776 3702
805.194 224.156 0.777 3718
805.154 224.235 0.776 3718
805.114 224.275 0.776 3734
805.114 224.355 0.777 3734
805.073 224.394 0.776 3750
805.033 224.474 0.777 3750
804.993 224.514 0.777 3750
804.953 224.554 0.776 3766
804.913 224.633 0.777 3766
804.873 224.673 0.776 3766
804.833 224.753 0.776 3783
804.753 224.872 0.776 3799
804.713 224.992 0.776 3799
804.673 225.111 0.776 3799
804.633 225.230 0.777 3815
804.593 225.350 0.776 3831
804.553 225.469 0.776 3831
804.513 225.549 0.777 3831
804.472 225.628 0.776 3847
804.432 225.748 0.777 3847
804.392 225.827 0.777 3863
804.312 225.907 0.776 3863
804.312 226.027 0.776 3863
804.232 226.146 0.776 3879
804.192 226.305 0.776 3879
804.152 226.425 0.776 3896
804.072 226.544 0.776 3896
804.032 226.663 0.776 3912
803.911 226.823 0.776 3912
803.831 226.942 0.776 3912
803.711 227.101 0.776 3928
803.631 227.300 0.776 3944
803.511 227.460 0.776 3944
803.431 227.619 0.776 3944
803.311 227.778 0.776 3960
803.230 227.977 0.776 3960
803.150 228.136 0.776 3960
803.070 228.335 0.776 3976
802.990 228.534 0.776 3993
802.910 228.733 0.776 3993
802.830 228.893 0.775 3993
802.750 229.092 0.776 4009
802.669 229.291 0.776 4025
802.589 229.530 0.775 4025
802.509 229.689 0.776 4025
802.469 229.888 0.776 4041
802.389 230.087 0.776 4041
802.309 230.286 0.776 4041
802.229 230.445 0.776 4058
802.149 230.684 0.776 4058
802.028 230.883 0.776 4074
801.908 231.122 0.776 4074
801.748 231.361 0.776 4090
801.628 231.600 0.776 4090
801.467 231.878 0.775 4106
801.387 232.077 0.774 4106
801.267 232.237 0.775 4106
801.187 232.436 0.774 4122
801.107 232.595 0.773 4122
801.027 232.754 0.774 4122
800.947 232.953 0.772 4139
800.907 233.152 0.773 4155
800.826 233.311 0.773 4155
800.706 233.550 0.773 4155
800.626 233.749 0.772 4171
800.506 233.948 0.773 4187
800.386 234.187 0.771 4187
800.265 234.426 0.772 4187
800.145 234.625 0.772 4203
800.025 234.864 0.772 4203
799.905 235.103 0.772 4203
799.785 235.342 0.772 4220
799.705 235.581 0.772 4236
799.544 235.780 0.772 4236
799.464 236.018 0.772 4236
799.384 236.217 0.771 4252
799.304 236.456 0.772 4252
799.224 236.655 0.771 4268
799.144 236.854 0.771 4268
799.063 237.053 0.771 4284
798.983 237.252 0.771 4284
798.903 237.452 0.771 4284
798.783 237.651 0.771 4300
798.743 237.850 0.771 4300
798.663 238.088 0.771 4317
798.623 238.288 0.771 4317
798.543 238.487 0.771 4317
798.503 238.725 0.770 4333
798.422 238.964 0.771 4349
798.342 239.203 0.771 4349
798.222 239.442 0.771 4349
798.142 239.721 0.771 4365
798.022 239.999 0.771 4381
797.942 240.278 0.770 4381
797.861 240.557 0.771 4381
797.741 240.835 0.771 4398
797.661 241.114 0.770 4398
797.581 241.393 0.771 4398
797.541 241.631 0.771 4414
797.461 241.870 0.771 4414
797.421 242.069 0.771 4430
797.381 242.268 0.771 4430
797.341 242.467 0.771 4446
797.260 242.706 0.771 4446
797.220 242.905 0.771 4462
797.140 243.144 0.771 4462
797.060 243.463 0.771 4462
797.020 243.701 0.771 4478
796.940 243.940 0.770 4478
796.860 244.179 0.771 4494
796.820 244.418 0.770 4494
796.740 244.617 0.771 4510
796.659 244.816 0.771 4510
796.619 245.055 0.771 4510
796.579 245.254 0.770 4527
796.499 245.453 0.771 4543
796.419 245.732 0.771 4543
796.379 245.971 0.771 4543
796.299 246.209 0.771 4559
796.179 246.448 0.771 4559
796.058 246.727 0.771 4559
795.898 247.005 0.771 4575
795.738 247.244 0.771 4591
795.618 247.523 0.771 4591
795.497 247.842 0.771 4591
795.377 248.120 0.771 4607
795.257 248.359 0.771 4607
795.137 248.598 0.771 4623
795.057 248.837 0.771 4623
794.937 249.076 0.771 4623
794.816 249.275 0.771 4639
794.736 249.474 0.771 4656
794.656 249.713 0.771 4656
794.536 249.872 0.771 4656
794.456 250.071 0.771 4672
794.376 250.349 0.771 4672
794.296 250.548 0.771 4672
794.215 250.747 0.771 4688
794.095 250.986 0.771 4704
794.015 251.185 0.771 4704
793.895 251.424 0.771 4704
793.775 251.663 0.771 4721
793.694 251.862 0.771 4721
793.574 252.061 0.771 4737
793.494 252.260 0.771 4737
793.414 252.499 0.771 4753
793.334 252.698 0.771 4753
793.254 252.897 0.771 4769
793.214 253.096 0.771 4769
793.134 253.255 0.771 4769
793.053 253.454 0.771 4785
792.973 253.654 0.771 4785
792.853 253.813 0.771 4785
792.773 254.012 0.771 4801
792.653 254.211 0.771 4817
792.573 254.450 0.771 4817
792.452 254.649 0.771 4817
792.372 254.927 0.771 4833
792.292 255.126 0.771 4850
792.212 255.325 0.771 4850
792.172 255.525 0.771 4850
792.092 255.684 0.771 4866
792.052 255.843 0.771 4866
792.012 256.002 0.771 4866
791.972 256.122 0.770 4882
791.932 256.281 0.771 4898
791.891 256.400 0.771 4898
791.891 256.560 0.771 4898
791.811 256.679 0.771 4914
791.771 256.878 0.771 4914
791.691 257.077 0.771 4930
791.611 257.316 0.771 4930
791.571 257.515 0.771 4930
791.491 257.714 0.770 4946
791.411 257.953 0.771 4962
791.331 258.152 0.771 4962
791.290 258.351 0.771 4962
791.250 258.550 0.771 4978
791.170 258.709 0.770 4978
791.130 258.868 0.771 4978
791.090 258.988 0.771 4994
791.050 259.147 0.771 5011
791.010 259.306 0.771 5011
790.970 259.505 0.771 5011
790.890 259.704 0.770 5027
790.810 259.864 0.771 5027
790.730 260.063 0.770 5043
790.649 260.262 0.770 5043
790.609 260.461 0.770 5043
790.529 260.660 0.770 5059
790.489 260.859 0.770 5075
790.409 261.058 0.770 5075
790.369 261.257 0.770 5075
790.329 261.496 0.770 5092
790.289 261.735 0.770 5092
790.249 261.973 0.770 5092
790.209 262.172 0.770 5108
790.169 262.411 0.770 5124
790.048 262.690 0.769 5124
789.968 262.929 0.769 5124
789.888 263.168 0.769 5140
789.768 263.446 0.768 5157
789.688 263.685 0.768 5157
789.568 263.924 0.768 5157
789.528 264.203 0.768 5173
789.447 264.442 0.768 5173
789.367 264.680 0.768 5173
789.327 264.879 0.767 5189
789.247 265.118 0.767 5189
789.207 265.317 0.767 5205
789.127 265.556 0.768 5205
789.047 265.795 0.768 5221
788.967 265.994 0.768 5221
788.886 266.233 0.767 5237
788.806 266.512 0.768 5237
788.726 266.750 0.767 5237
788.686 267.029 0.767 5253
788.566 267.268 0.767 5253
788.486 267.507 0.767 5253
788.406 267.746 0.767 5269
788.326 267.985 0.767 5286
788.205 268.223 0.767 5286
788.125 268.422 0.767 5286
788.045 268.661 0.767 5302
787.965 268.860 0.767 5318
787.925 269.059 0.767 5318
787.845 269.219 0.767 5318
787.765 269.378 0.767 5334
787.725 269.577 0.767 5334
787.644 269.776 0.767 5334
787.564 269.935 0.767 5350
787.484 270.134 0.767 5366
787.404 270.293 0.767 5366
787.364 270.492 0.767 5366
787.284 270.652 0.767 5383
787.244 270.851 0.767 5383
787.164 271.010 0.767 5399
787.124 271.169 0.766 5399
787.083 271.328 0.766 5399
787.043 271.488 0.767 5415
787.003 271.607 0.766 5415
786.923 271.766 0.767 5431
786.883 271.926 0.767 5431
786.843 272.045 0.766 5447
786.803 272.204 0.767 5447
786.723 272.324 0.767 5447
786.683 272.483 0.766 5463
786.643 272.602 0.767 5479
786.563 272.762 0.767 5479
786.523 272.921 0.766 5479
786.442 273.120 0.767 5496
786.402 273.319 0.766 5512
786.322 273.518 0.766 5512
786.282 273.717 0.766 5512
786.202 273.916 0.766 5528
786.122 274.075 0.766 5528
786.082 274.274 0.766 5528
786.002 274.433 0.766 5544
785.962 274.593 0.766 5544
785.922 274.752 0.766 5560
785.841 274.871 0.766 5560
785.801 275.031 0.766 5576
785.721 275.190 0.766 5576
785.681 275.349 0.766 5592
785.601 275.508 0.766 5592
785.521 275.747 0.766 5592
785.441 275.946 0.766 5609
785.361 276.185 0.766 5625
785.321 276.384 0.766 5625
785.240 276.583 0.766 5625
785.200 276.782 0.766 5641
785.120 276.941 0.766 5641
785.080 277.101 0.766 5641
785.040 277.260 0.766 5657
785.000 277.459 0.766 5673
784.920 277.618 0.766 5673
784.880 277.817 0.766 5673
784.800 278.016 0.766 5690
784.720 278.215 0.766 5690
784.679 278.374 0.766 5706
784.599 278.573 0.765 5706
784.519 278.773 0.766 5706
784.439 278.972 0.766 5722
784.359 279.171 0.765 5722
784.279 279.370 0.766 5738
784.239 279.609 0.765 5738
784.159 279.768 0.766 5754
784.119 279.967 0.766 5754
784.078 280.206 0.766 5754
784.038 280.365 0.766 5771
783.958 280.524 0.766 5787
783.918 280.683 0.765 5787
783.878 280.803 0.766 5787
783.838 280.962 0.765 5803
783.798 281.121 0.765 5803
783.758 281.241 0.766 5803
783.678 281.400 0.765 5819
783.638 281.559 0.766 5835
783.558 281.718 0.766 5835
783.518 281.838 0.765 5835
783.477 281.997 0.765 5852
783.397 282.116 0.765 5852
783.357 282.276 0.765 5868
783.317 282.395 0.766 5868
783.277 282.554 0.765 5884
783.197 282.714 0.765 5884
783.117 282.833 0.765 5884
783.077 282.992 0.765 5900
782.997 283.112 0.765 5900
782.957 283.271 0.765 5916
782.876 283.390 0.765 5916
782.836 283.550 0.765 5932
782.796 283.669 0.765 5932
782.716 283.788 0.765 5948
782.676 283.948 0.765 5948
782.636 284.067 0.765 5948
782.516 284.226 0.765 5965
782.476 284.386 0.766 5965
782.396 284.545 0.765 5965
782.316 284.744 0.765 5981
782.275 284.983 0.765 5997
782.195 285.142 0.765 5997
782.155 285.301 0.766 5997
782.075 285.460 0.765 6013
782.035 285.580 0.765 6030
781.955 285.739 0.765 6030
781.915 285.819 0.765 6030
781.875 285.938 0.765 6046
781.835 286.057 0.765 6046
781.795 286.137 0.765 6046
781.714 286.257 0.765 6062
781.674 286.376 0.765 6078
781.634 286.535 0.765 6078
781.594 286.655 0.765 6078
781.554 286.774 0.765 6095
781.514 286.933 0.765 6095
781.434 287.053 0.765 6111
781.394 287.212 0.765 6111
781.314 287.331 0.766 6111
781.274 287.491 0.764 6127
781.194 287.610 0.765 6127
781.154 287.769 0.765 6143
781.114 287.889 0.765 6143
781.073 288.008 0.765 6159
781.033 288.128 0.765 6159
780.993 288.247 0.765 6159
780.953 288.366 0.764 6176
780.913 288.526 0.765 6192
780.913 288.645 0.764 6192
780.873 288.804 0.765 6192
780.833 288.964 0.763 6208
780.793 289.123 0.764 6208
780.753 289.322 0.763 6208
780.713 289.521 0.764 6224
780.633 289.720 0.762 6241
780.553 289.879 0.762 6241
780.513 290.038 0.762 6241
780.472 290.198 0.761 6257
780.432 290.357 0.762 6257
780.392 290.436 0.761 6273
780.392 290.516 0.761 6273
780.352 290.556 0.760 6289
780.352 290.635 0.761 6289
780.312 290.675 0.760 6289
780.312 290.755 0.759 6305
780.312 290.795 0.759 6305
780.312 290.835 0.759 6321
780.312 290.874 0.757 6321
780.312 290.874 0.755 6321
780.312 290.874 0.753 6337
780.312 290.874 0.747 6353
780.312 290.874 0.742 6353
780.312 290.874 0.736 6353
780.312 290.835 0.735 6369
780.352 290.675 0.735 6369
780.472 290.476 0.733 6386
780.553 290.237 0.732 6386
780.633 289.959 0.730 6402
780.793 289.600 0.728 6402
780.873 289.123 0.728 6402
780.993 288.645 0.727 6418
781.073 288.088 0.727 6418
781.194 287.411 0.727 6434
781.354 286.655 0.725 6434
781.554 285.858 0.726 6434
781.795 285.022 0.726 6450
782.035 284.107 0.726 6467
782.356 283.231 0.725 6467
782.596 282.395 0.726 6467
782.836 281.639 0.726 6483
783.037 280.922 0.725 6499
783.237 280.285 0.726 6499
783.397 279.688 0.726 6499
783.558 279.171 0.726 6515
783.678 278.653 0.726 6515
783.798 278.175 0.726 6515
783.918 277.658 0.726 6531
784.119 277.180 0.726 6531
784.279 276.703 0.726 6547
784.479 276.225 0.726 6547
784.679 275.747 0.726 6547
784.880 275.230 0.725 6563
785.080 274.752 0.726 6580
785.240 274.314 0.726 6580
785.401 273.876 0.726 6580
785.521 273.478 0.726 6596
785.641 273.080 0.726 6596
785.721 272.762 0.726 6596
785.801 272.403 0.726 6612
785.881 272.045 0.726 6628
786.002 271.687 0.726 6628
786.122 271.328 0.727 6628
786.202 270.891 0.726 6644
786.282 270.492 0.726 6660
786.362 270.134 0.727 6660
786.482 269.776 0.726 6660
786.563 269.457 0.727 6677
786.643 269.139 0.726 6677
786.763 268.860 0.726 6693
786.803 268.542 0.727 6693
786.923 268.303 0.726 6693
786.963 268.064 0.727 6709
787.083 267.785 0.727 6709
787.164 267.547 0.727 6725
787.284 267.228 0.727 6725
787.404 266.949 0.727 6741
787.484 266.631 0.727 6741
787.644 266.233 0.727 6741
787.805 265.835 0.727 6758
787.965 265.477 0.727 6774
788.125 265.118 0.727 6774
788.285 264.800 0.727 6774
788.446 264.442 0.727 6790
788.606 264.123 0.727 6790
788.766 263.765 0.728 6790
788.967 263.446 0.728 6806
789.127 263.168 0.729 6822
789.287 262.889 0.729 6822
789.447 262.610 0.730 6822
789.608 262.411 0.730 6838
789.768 262.172 0.730 6838
789.888 261.973 0.730 6855
790.048 261.774 0.731 6855
790.169 261.575 0.730 6871
790.329 261.416 0.730 6871
790.449 261.257 0.731 6871
790.569 261.138 0.730 6887
790.689 261.018 0.731 6887
790.810 260.859 0.731 6903
790.970 260.739 0.730 6903
791.090 260.580 0.730 6919
791.250 260.461 0.730 6919
791.411 260.341 0.730 6935
791.571 260.182 0.730 6935
791.731 260.063 0.730 6935
791.891 259.943 0.731 6952
792.052 259.824 0.731 6952
792.172 259.704 0.730 6952
792.292 259.585 0.730 6968
792.452 259.466 0.731 6984
792.573 259.267 0.731 6984
792.773 259.107 0.730 6984
792.933 258.988 0.731 7000
793.094 258.829 0.731 7016
793.294 258.669 0.731 7016
793.454 258.550 0.731 7016
793.614 258.431 0.731 7032
793.775 258.311 0.731 7032
793.975 258.232 0.731 7032
794.095 258.152 0.730 7048
794.255 258.072 0.731 7065
794.416 258.032 0.730 7065
794.536 257.993 0.730 7065
794.656 257.913 0.731 7081
794.776 257.873 0.730 7081
794.896 257.794 0.731 7097
795.057 257.714 0.730 7097
795.217 257.634 0.731 7097
795.377 257.515 0.731 7113
795.538 257.435 0.731 7113
795.698 257.356 0.730 7129
795.938 257.276 0.731 7129
796.099 257.196 0.731 7145
796.259 257.157 0.731 7145
796.419 257.117 0.730 7145
796.539 257.077 0.730 7162
796.700 257.077 0.730 7178
796.860 257.037 0.730 7178
796.980 257.037 0.730 7178
797.140 256.997 0.730 7194
797.260 256.918 0.730 7210
797.421 256.878 0.730 7210
797.581 256.798 0.731 7210
797.741 256.719 0.731 7226
797.901 256.639 0.731 7226
798.062 256.560 0.731 7226
798.262 256.480 0.731 7243
798.382 256.440 0.731 7243
798.543 256.400 0.731 7259
798.703 256.361 0.731 7259
798.823 256.321 0.730 7275
798.983 256.321 0.731 7275
799.144 256.321 0.730 7291
799.304 256.321 0.731 7291
799.464 256.321 0.731 7291
799.624 256.281 0.731 7307
799.785 256.281 0.731 7307
799.945 256.241 0.731 7307
800.105 256.201 0.731 7323
800.305 256.122 0.731 7340
800.466 256.042 0.730 7340
800.626 255.962 0.730 7340
800.786 255.883 0.731 7356
800.947 255.803 0.732 7372
801.107 255.724 0.731 7372
801.267 255.684 0.732 7372
801.427 255.604 0.731 7388
801.548 255.564 0.731 7388
801.708 255.564 0.732 7404
801.828 255.564 0.731 7404
801.988 255.564 0.730 7404
802.109 255.564 0.731 7420
802.229 255.564 0.731 7420
802.389 255.564 0.731 7420
802.589 255.564 0.731 7436
802.750 255.564 0.731 7452
802.950 255.564 0.731 7452
803.150 255.564 0.731 7452
803.311 255.564 0.731 7468
803.471 255.525 0.731 7485
803.631 255.485 0.732 7485
803.791 255.485 0.731 7485
803.911 255.445 0.732 7501
804.072 255.445 0.732 7501
804.232 255.445 0.732 7501
804.392 255.445 0.732 7517
804.553 255.445 0.733 7533
804.753 255.445 0.734 7533
804.913 255.445 0.733 7533
805.114 255.485 0.734 7549
805.274 255.564 0.734 7549
805.474 255.604 0.734 7565
805.674 255.684 0.734 7565
805.835 255.724 0.735 7581
806.035 255.803 0.735 7581
806.235 255.843 0.734 7581
806.396 255.923 0.735 7597
806.596 255.962 0.735 7597
806.756 256.042 0.735 7614
806.876 256.122 0.735 7614
807.037 256.201 0.736 7614
807.197 256.281 0.736 7630
807.357 256.361 0.736 7646
807.518 256.440 0.736 7646
807.678 256.520 0.736 7646
807.798 256.599 0.737 7662
807.958 256.679 0.736 7662
808.119 256.719 0.737 7662
808.199 256.798 0.737 7678
808.319 256.918 0.738 7695
808.479 256.958 0.739 7695
808.599 257.077 0.738 7695
808.679 257.157 0.739 7711
808.760 257.276 0.740 7727
808.880 257.396 0.740 7727
809.000 257.515 0.740 7727
809.040 257.595 0.740 7743
809.120 257.714 0.740 7743
809.200 257.794 0.741 7743
809.280 257.913 0.741 7759
809.361 257.993 0.740 7759
809.441 258.072 0.741 7775
809.521 258.152 0.741 7775
809.601 258.232 0.741 7791
809.681 258.311 0.741 7791
809.761 258.391 0.741 7808
809.841 258.510 0.740 7808
809.922 258.590 0.741 7808
810.002 258.669 0.740 7824
810.082 258.789 0.741 7840
810.162 258.868 0.741 7840
810.242 258.988 0.741 7840
810.322 259.067 0.741 7856
810.442 259.187 0.742 7856
810.563 259.267 0.741 7856
810.683 259.346 0.742 7872
810.803 259.426 0.742 7889
810.923 259.545 0.742 7889
811.083 259.665 0.744 7889
811.164 259.784 0.744 7905
811.284 259.943 0.744 7905
811.364 260.102 0.746 7921
811.444 260.262 0.746 7921
811.484 260.421 0.746 7937
811.564 260.580 0.746 7937
811.644 260.700 0.745 7937
811.684 260.819 0.747 7953
811.724 260.938 0.747 7953
811.765 261.058 0.747 7969
811.805 261.177 0.748 7969
811.805 261.337 0.748 7969
811.805 261.536 0.748 7985
811.805 261.735 0.750 8002
811.845 261.894 0.750 8002
811.805 262.053 0.751 8002
811.805 262.212 0.751 8018
811.805 262.411 0.751 8018
811.805 262.571 0.751 8018
811.845 262.770 0.752 8034
811.845 262.969 0.751 8050
811.885 263.168 0.752 8050
811.885 263.367 0.752 8050
811.885 263.566 0.751 8066
811.885 263.805 0.752 8083
811.885 264.004 0.752 8083
811.885 264.203 0.752 8083
811.885 264.402 0.752 8099
811.885 264.601 0.752 8099
811.885 264.840 0.752 8099
811.885 265.039 0.753 8115
811.885 265.278 0.752 8131
811.885 265.477 0.752 8131
811.885 265.676 0.753 8131
811.885 265.914 0.752 8147
811.885 266.193 0.753 8147
811.885 266.392 0.753 8164
811.885 266.631 0.753 8164
811.885 266.870 0.753 8164
811.885 267.109 0.753 8180
811.845 267.348 0.753 8180
811.845 267.547 0.753 8196
811.805 267.785 0.753 8196
811.765 268.024 0.753 8212
811.765 268.263 0.753 8212
811.724 268.542 0.753 8212
811.684 268.741 0.753 8228
811.644 268.980 0.753 8245
811.604 269.179 0.752 8245
811.564 269.418 0.753 8245
811.484 269.656 0.753 8261
811.444 269.935 0.753 8261
811.364 270.174 0.753 8261
811.324 270.453 0.754 8277
811.284 270.731 0.753 8293
811.244 270.970 0.754 8293
811.124 271.209 0.753 8293
811.083 271.448 0.754 8309
811.043 271.647 0.754 8325
811.003 271.886 0.754 8325
810.963 272.125 0.753 8325
810.923 272.324 0.753 8342
810.843 272.563 0.754 8342
810.803 272.762 0.754 8342
810.723 273.040 0.754 8358
810.643 273.239 0.754 8358
810.563 273.478 0.754 8374
810.523 273.677 0.754 8374
810.442 273.876 0.754 8390
810.362 274.075 0.754 8390
810.322 274.274 0.755 8406
810.242 274.473 0.754 8406
810.162 274.633 0.754 8406
810.122 274.832 0.754 8423
810.042 275.031 0.754 8423
809.962 275.230 0.754 8423
809.881 275.429 0.754 8439
809.801 275.668 0.754 8455
809.721 275.867 0.755 8455
809.641 276.066 0.755 8455
809.561 276.265 0.755 8471
809.521 276.464 0.755 8487
809.441 276.703 0.755 8487
809.361 276.862 0.754 8487
809.280 277.061 0.755 8503
809.200 277.260 0.755 8503
809.120 277.459 0.755 8503
809.040 277.698 0.755 8519
808.960 277.897 0.754 8536
808.880 278.056 0.755 8536
808.840 278.255 0.755 8536
808.760 278.454 0.755 8552
808.720 278.653 0.755 8552
808.639 278.812 0.755 8568
808.599 279.011 0.755 8568
808.519 279.171 0.755 8568
808.439 279.370 0.755 8584
808.399 279.569 0.755 8584
808.319 279.728 0.755 8600
808.279 279.967 0.755 8600
808.239 280.166 0.755 8616
808.239 280.365 0.755 8616
808.199 280.524 0.755 8616
808.159 280.723 0.755 8632
808.159 280.922 0.755 8648
808.119 281.081 0.755 8648
808.078 281.281 0.755 8648
808.038 281.440 0.755 8665
807.998 281.639 0.755 8665
807.958 281.798 0.756 8665
807.878 281.957 0.755 8681
807.838 282.116 0.756 8697
807.758 282.315 0.755 8697
807.718 282.515 0.756 8697
807.558 282.634 0.756 8713
807.518 282.793 0.757 8729
807.397 282.992 0.756 8729
807.357 283.151 0.757 8729
807.277 283.311 0.757 8746
807.197 283.510 0.757 8746
807.117 283.669 0.758 8746
807.077 283.868 0.758 8762
807.037 283.987 0.758 8762
806.997 284.147 0.758 8778
806.957 284.306 0.757 8778
806.917 284.465 0.758 8778
806.876 284.624 0.758 8794
806.836 284.744 0.758 8810
806.796 284.863 0.759 8810
806.796 284.983 0.759 8810
806.756 285.142 0.759 8826
806.756 285.301 0.759 8842
806.756 285.421 0.760 8842
806.716 285.580 0.760 8842
806.716 285.739 0.761 8858
806.716 285.898 0.761 8858
806.676 286.097 0.761 8875
806.636 286.257 0.761 8875
806.596 286.416 0.761 8875
806.556 286.615 0.761 8891
806.556 286.774 0.762 8891
806.556 286.933 0.761 8907
806.556 287.093 0.761 8907
806.556 287.212 0.763 8923
806.556 287.331 0.763 8923
806.556 287.491 0.763 8923
806.556 287.650 0.764 8939
806.556 287.809 0.764 8956
806.556 287.968 0.765 8956
806.596 288.128 0.765 8956
806.636 288.287 0.764 8972
806.676 288.406 0.765 8972
806.716 288.526 0.765 8972
806.796 288.645 0.764 8988
806.836 288.725 0.766 9004
806.917 288.804 0.765 9004
806.957 288.884 0.767 9004
807.037 288.924 0.767 9020
807.117 289.003 0.767 9020
807.197 289.043 0.770 9036
807.277 289.123 0.770 9036
807.357 289.242 0.771 9052
807.437 289.322 0.771 9052
807.518 289.401 0.773 9052
807.638 289.481 0.773 9068
807.758 289.561 0.773 9068
807.838 289.680 0.774 9085
807.958 289.760 0.775 9085
808.119 289.879 0.776 9085
808.239 289.959 0.776 9101
808.359 290.038 0.777 9117
808.479 290.158 0.778 9117
808.639 290.237 0.778 9117
808.760 290.317 0.779 9133
808.840 290.397 0.780 9133
808.960 290.436 0.780 9133
809.080 290.516 0.779 9149
809.200 290.556 0.781 9165
809.320 290.556 0.781 9165
809.481 290.556 0.782 9165
809.601 290.556 0.783 9181
809.761 290.556 0.783 9198
809.881 290.556 0.785 9198
810.042 290.556 0.786 9198
810.162 290.556 0.786 9214
810.322 290.556 0.787 9214
810.482 290.556 0.787 9214
810.603 290.596 0.787 9230
810.763 290.596 0.788 9230
810.923 290.635 0.787 9246
811.043 290.635 0.787 9246
811.204 290.675 0.788 9262
811.324 290.675 0.788 9262
811.484 290.675 0.788 9278
811.644 290.675 0.788 9278
811.805 290.675 0.788 9278
811.965 290.675 0.787 9294
812.125 290.675 0.788 9311
812.285 290.675 0.788 9311
812.446 290.675 0.789 9311
812.606 290.675 0.788 9327
812.806 290.675 0.789 9327
813.007 290.675 0.789 9343
813.167 290.675 0.789 9343
813.367 290.675 0.790 9343
813.568 290.635 0.790 9359
813.768 290.596 0.791 9359
813.968 290.556 0.793 9375
814.169 290.516 0.793 9375
814.369 290.476 0.795 9391
814.529 290.436 0.796 9391
814.690 290.436 0.797 9391
814.890 290.397 0.797 9407
815.090 290.397 0.798 9423
815.291 290.397 0.798 9423
815.451 290.357 0.798 9423
815.691 290.317 0.799 9439
815.891 290.277 0.799 9439
816.092 290.198 0.799 9455
816.332 290.078 0.799 9455
816.533 289.998 0.799 9472
816.773 289.879 0.800 9472
817.013 289.760 0.800 9472
817.214 289.640 0.800 9488
817.494 289.561 0.801 9488
817.735 289.481 0.801 9504
817.975 289.401 0.801 9504
818.215 289.322 0.801 9504
818.456 289.282 0.801 9520
818.736 289.202 0.801 9536
818.977 289.163 0.802 9536
819.217 289.083 0.801 9536
819.497 288.924 0.801 9553
819.738 288.804 0.802 9553
820.018 288.685 0.802 9553
820.259 288.526 0.802 9569
820.579 288.406 0.802 9585
820.860 288.247 0.802 9585
821.140 288.088 0.802 9585
821.381 287.968 0.802 9601
821.621 287.849 0.802 9617
821.861 287.769 0.803 9617
822.102 287.650 0.803 9617
822.342 287.570 0.802 9634
822.543 287.451 0.803 9634
822.783 287.371 0.803 9634
823.023 287.252 0.802 9650
823.264 287.132 0.803 9650
823.504 286.973 0.803 9666
823.785 286.814 0.803 9666
824.065 286.615 0.803 9666
824.386 286.416 0.803 9682
824.666 286.257 0.803 9698
824.947 286.097 0.804 9698
825.227 285.938 0.804 9698
825.467 285.779 0.804 9715
825.748 285.659 0.804 9731
825.948 285.500 0.803 9731
826.189 285.341 0.804 9731
826.389 285.142 0.804 9747
826.629 284.983 0.804 9747
826.870 284.784 0.804 9747
827.070 284.585 0.803 9763
827.270 284.386 0.803 9779
827.471 284.107 0.803 9779
827.671 283.908 0.803 9779
827.871 283.709 0.804 9795
828.072 283.510 0.804 9795
828.272 283.351 0.803 9812
828.472 283.151 0.804 9812
828.633 282.992 0.804 9812
828.833 282.873 0.803 9828
829.033 282.714 0.804 9828
829.194 282.554 0.804 9844
829.394 282.355 0.803 9844
829.634 282.196 0.804 9860
829.835 282.037 0.804 9860
829.995 281.798 0.804 9860
830.195 281.639 0.804 9876
830.356 281.480 0.804 9892
830.516 281.320 0.804 9892
830.676 281.201 0.804 9892
830.836 281.081 0.804 9909
830.957 280.962 0.804 9909
831.117 280.882 0.804 9909
831.237 280.803 0.804 9925
831.357 280.683 0.804 9941
831.518 280.604 0.804 9941
831.638 280.524 0.804 9941
831.798 280.445 0.804 9957
831.918 280.365 0.804 9973
832.078 280.245 0.804 9973
832.199 280.166 0.804 9973
832.359 280.046 0.804 9990
832.519 279.927 0.804 9990
832.639 279.847 0.804 9990
832.760 279.728 0.804 10006
832.880 279.648 0.804 10006
832.960 279.529 0.804 10022
833.080 279.410 0.804 10022
833.200 279.290 0.804 10038
833.361 279.131 0.799 10038
833.521 278.972 0.787 10054
833.721 278.812 0.771 10054
833.962 278.534 0.747 10054
834.282 278.215 0.712 10071
834.643 277.777 0.641 10071
835.083 277.140 0.510 10071
835.845 276.225 0.284 10087

