% x_coordinate y_coordinate pressure time
% shape 0, 1080 points
527.167 228.772 0.072 0
527.167 228.772 0.101 0
527.127 228.772 0.126 16
527.127 228.772 0.150 17
527.087 228.772 0.174 17
527.087 228.732 0.195 32
527.087 228.692 0.208 48
527.087 228.652 0.219 48
527.087 228.613 0.230 49
527.087 228.533 0.238 64
527.087 228.493 0.243 64
527.087 228.414 0.249 80
527.087 228.334 0.257 80
527.087 228.215 0.266 80
527.087 228.095 0.277 97
527.167 227.936 0.286 113
527.207 227.777 0.296 113
527.287 227.617 0.305 113
527.327 227.498 0.313 129
527.407 227.299 0.320 129
527.447 227.140 0.326 129
527.487 226.980 0.331 145
527.568 226.861 0.336 161
527.608 226.702 0.342 161
527.648 226.582 0.347 161
527.728 226.423 0.352 177
527.768 226.304 0.355 194
527.808 226.145 0.358 194
527.848 226.025 0.361 195
527.888 225.866 0.363 210
527.968 225.707 0.365 210
528.008 225.587 0.369 211
528.088 225.428 0.371 226
528.169 225.309 0.374 226
528.289 225.149 0.376 242
528.369 224.990 0.378 242
528.489 224.871 0.380 258
528.609 224.751 0.380 258
528.730 224.672 0.381 274
528.850 224.552 0.380 274
528.930 224.473 0.382 274
529.010 224.393 0.382 290
529.130 224.313 0.383 290
529.250 224.194 0.384 306
529.331 224.114 0.386 306
529.411 224.035 0.387 322
529.531 223.955 0.389 322
529.651 223.836 0.389 322
529.771 223.756 0.391 338
529.891 223.676 0.392 354
530.012 223.597 0.392 354
530.132 223.517 0.392 354
530.252 223.438 0.393 370
530.412 223.358 0.393 370
530.573 223.278 0.393 370
530.733 223.199 0.393 387
530.893 223.079 0.393 403
531.013 222.960 0.393 403
531.134 222.840 0.393 403
531.254 222.761 0.394 419
531.374 222.681 0.395 419
531.494 222.602 0.395 435
531.614 222.522 0.396 435
531.735 222.482 0.396 451
531.855 222.402 0.398 451
531.975 222.323 0.399 467
532.055 222.243 0.399 467
532.215 222.164 0.400 467
532.336 222.084 0.400 483
532.416 222.004 0.399 483
532.576 221.925 0.400 483
532.696 221.845 0.400 499
532.816 221.766 0.400 515
532.937 221.726 0.401 515
533.057 221.646 0.400 515
533.137 221.567 0.401 531
533.257 221.487 0.402 547
533.337 221.407 0.403 547
533.417 221.328 0.405 547
533.497 221.248 0.407 563
533.538 221.208 0.408 563
533.618 221.168 0.408 580
533.698 221.129 0.409 580
533.778 221.129 0.409 596
533.898 221.089 0.409 596
533.978 221.089 0.409 596
534.058 221.049 0.409 612
534.179 221.009 0.409 612
534.259 221.009 0.409 628
534.339 221.009 0.409 628
534.419 220.969 0.409 628
534.459 220.969 0.409 644
534.539 220.930 0.409 660
534.659 220.930 0.409 660
534.699 220.890 0.410 660
534.780 220.890 0.410 676
534.860 220.890 0.410 676
534.980 220.890 0.410 676
535.060 220.890 0.411 692
535.140 220.890 0.412 708
535.260 220.890 0.412 708
535.421 220.890 0.413 708
535.541 220.890 0.413 725
535.661 220.890 0.415 741
535.821 220.890 0.416 741
535.982 220.890 0.417 741
536.102 220.890 0.417 757
536.262 220.890 0.418 757
536.382 220.890 0.419 757
536.543 220.890 0.419 773
536.703 220.890 0.421 773
536.823 220.890 0.423 789
536.983 220.890 0.426 789
537.103 220.890 0.430 805
537.184 220.890 0.434 805
537.304 220.890 0.436 821
537.424 220.890 0.439 821
537.504 220.890 0.440 821
537.624 220.890 0.441 837
537.745 220.890 0.442 853
537.865 220.890 0.443 853
537.945 220.930 0.443 853
538.065 220.969 0.443 869
538.185 221.009 0.444 869
538.306 221.049 0.444 869
538.426 221.049 0.444 885
538.546 221.089 0.445 901
538.666 221.089 0.446 901
538.826 221.129 0.448 901
538.987 221.129 0.451 917
539.107 221.168 0.455 933
539.227 221.168 0.456 933
539.347 221.208 0.457 933
539.467 221.248 0.458 950
539.628 221.248 0.459 950
539.748 221.288 0.460 950
539.828 221.328 0.460 966
539.948 221.367 0.460 966
540.028 221.407 0.461 982
540.149 221.407 0.462 982
540.229 221.447 0.462 998
540.309 221.487 0.464 998
540.389 221.527 0.464 1014
540.469 221.567 0.465 1014
540.589 221.606 0.466 1014
540.669 221.646 0.467 1030
540.750 221.686 0.468 1030
540.870 221.726 0.468 1046
540.950 221.766 0.469 1046
541.070 221.766 0.471 1062
541.150 221.805 0.472 1062
541.270 221.845 0.474 1062
541.391 221.885 0.475 1078
541.511 221.925 0.476 1094
541.591 222.004 0.476 1094
541.711 222.044 0.477 1094
541.831 222.084 0.478 1111
541.952 222.124 0.478 1127
542.032 222.203 0.478 1127
542.152 222.203 0.478 1127
542.272 222.243 0.479 1143
542.392 222.283 0.479 1143
542.472 222.283 0.480 1143
542.553 222.323 0.481 1159
542.633 222.323 0.482 1159
542.793 222.363 0.483 1175
542.913 222.363 0.485 1175
542.993 222.402 0.486 1191
543.114 222.442 0.487 1191
543.234 222.442 0.489 1207
543.354 222.482 0.490 1207
543.434 222.522 0.491 1207
543.554 222.562 0.492 1223
543.674 222.562 0.492 1223
543.755 222.602 0.492 1239
543.875 222.602 0.492 1239
543.995 222.641 0.493 1255
544.115 222.641 0.493 1255
544.235 222.681 0.493 1255
544.356 222.681 0.493 1271
544.436 222.681 0.494 1287
544.556 222.761 0.494 1287
544.676 222.761 0.494 1287
544.756 222.801 0.495 1303
544.836 222.840 0.496 1303
544.957 222.840 0.496 1303
545.077 222.880 0.497 1319
545.157 222.920 0.497 1335
545.277 222.960 0.498 1335
545.437 223.000 0.498 1335
545.558 223.039 0.498 1352
545.678 223.039 0.499 1368
545.798 223.079 0.499 1368
545.918 223.119 0.499 1368
546.078 223.159 0.499 1384
546.199 223.199 0.500 1384
546.319 223.238 0.499 1400
546.439 223.278 0.499 1400
546.599 223.318 0.500 1400
546.720 223.358 0.500 1416
546.840 223.438 0.500 1416
546.960 223.477 0.500 1416
547.080 223.517 0.500 1432
547.200 223.597 0.500 1448
547.321 223.637 0.500 1448
547.441 223.676 0.500 1448
547.561 223.716 0.500 1464
547.681 223.756 0.500 1481
547.801 223.756 0.500 1481
547.922 223.796 0.500 1481
548.042 223.836 0.500 1498
548.162 223.836 0.500 1498
548.322 223.875 0.500 1498
548.402 223.875 0.500 1514
548.523 223.875 0.500 1530
548.643 223.875 0.500 1530
548.763 223.915 0.500 1531
548.883 223.915 0.501 1546
548.963 223.915 0.500 1546
549.083 223.955 0.501 1547
549.164 223.955 0.501 1562
549.284 223.995 0.500 1578
549.404 223.995 0.501 1578
549.484 224.035 0.501 1579
549.604 224.035 0.501 1594
549.725 224.074 0.501 1594
549.845 224.074 0.501 1610
549.925 224.074 0.501 1610
550.005 224.074 0.501 1626
550.125 224.074 0.501 1626
550.285 224.074 0.502 1627
550.366 224.074 0.502 1642
550.486 224.074 0.502 1642
550.566 224.074 0.502 1658
550.686 224.074 0.503 1658
550.766 224.074 0.503 1674
550.886 224.074 0.503 1674
551.007 224.074 0.503 1690
551.127 224.074 0.503 1690
551.207 224.074 0.503 1690
551.327 224.074 0.504 1707
551.447 224.074 0.504 1723
551.568 224.074 0.504 1723
551.688 224.074 0.504 1723
551.768 224.074 0.503 1739
551.848 224.074 0.504 1739
551.928 224.074 0.504 1739
552.048 224.074 0.503 1755
552.129 224.074 0.504 1772
552.249 224.074 0.504 1772
552.329 224.074 0.504 1772
552.449 224.074 0.504 1788
552.529 224.035 0.504 1788
552.649 223.995 0.505 1804
552.770 223.955 0.505 1804
552.850 223.915 0.505 1821
552.970 223.875 0.505 1821
553.050 223.836 0.505 1821
553.170 223.796 0.505 1837
553.290 223.716 0.506 1837
553.371 223.676 0.505 1853
553.491 223.637 0.505 1853
553.611 223.597 0.506 1853
553.731 223.557 0.506 1869
553.811 223.517 0.505 1885
553.891 223.477 0.506 1885
553.972 223.398 0.506 1885
554.052 223.358 0.506 1902
554.132 223.278 0.506 1902
554.212 223.199 0.506 1902
554.292 223.119 0.506 1918
554.372 223.039 0.508 1934
554.452 222.960 0.507 1934
554.533 222.880 0.508 1934
554.613 222.840 0.507 1950
554.733 222.761 0.508 1967
554.773 222.681 0.508 1967
554.853 222.562 0.508 1967
554.933 222.522 0.508 1983
555.013 222.442 0.508 1983
555.053 222.363 0.508 1983
555.094 222.323 0.508 1999
555.174 222.243 0.509 1999
555.214 222.164 0.509 2015
555.294 222.124 0.509 2015
555.334 222.044 0.509 2015
555.374 222.004 0.509 2031
555.414 221.925 0.510 2047
555.454 221.885 0.510 2047
555.454 221.845 0.510 2047
555.454 221.805 0.510 2063
555.494 221.766 0.510 2063
555.494 221.726 0.510 2063
555.534 221.686 0.510 2080
555.574 221.686 0.510 2096
555.574 221.646 0.511 2096
555.574 221.606 0.511 2096
555.574 221.567 0.512 2112
555.574 221.567 0.513 2128
555.574 221.527 0.514 2128
555.574 221.527 0.516 2128
555.574 221.487 0.519 2144
555.574 221.487 0.521 2144
555.574 221.447 0.523 2160
555.574 221.447 0.524 2160
555.574 221.407 0.525 2176
555.574 221.367 0.525 2176
555.574 221.328 0.526 2176
555.574 221.288 0.525 2192
555.574 221.248 0.525 2192
555.574 221.248 0.526 2209
555.574 221.208 0.526 2209
555.574 221.168 0.527 2236
555.574 221.168 0.526 2236
555.574 221.168 0.527 2252
555.574 221.168 0.528 2268
555.574 221.168 0.529 2268
555.574 221.168 0.530 2268
555.574 221.168 0.531 2285
555.574 221.168 0.532 2301
555.574 221.168 0.533 2301
555.574 221.129 0.533 2317
555.574 221.129 0.534 2317
555.574 221.129 0.535 2333
555.574 221.089 0.534 2333
555.574 221.049 0.536 2333
555.574 221.009 0.536 2349
555.574 220.969 0.536 2349
555.574 220.969 0.537 2349
555.574 220.930 0.537 2365
555.574 220.930 0.538 2382
555.574 220.890 0.538 2382
555.574 220.890 0.539 2398
555.574 220.890 0.538 2414
555.574 220.890 0.539 2414
555.574 220.890 0.540 2414
555.574 220.890 0.541 2430
555.614 220.850 0.542 2450
555.614 220.810 0.542 2450
555.654 220.770 0.542 2466
555.654 220.731 0.543 2482
555.654 220.691 0.543 2482
555.654 220.651 0.543 2482
555.654 220.651 0.543 2498
555.654 220.651 0.544 2514
555.654 220.651 0.545 2531
555.654 220.651 0.546 2547
555.654 220.651 0.547 2547
555.654 220.731 0.547 2547
555.654 220.850 0.548 2563
555.614 220.930 0.548 2563
555.574 221.049 0.548 2563
555.534 221.129 0.549 2579
555.534 221.248 0.549 2596
555.494 221.328 0.551 2596
555.454 221.407 0.554 2596
555.374 221.527 0.556 2612
555.334 221.686 0.559 2628
555.294 221.805 0.560 2628
555.214 222.004 0.562 2628
555.134 222.164 0.563 2644
555.053 222.402 0.564 2644
554.973 222.562 0.564 2644
554.893 222.840 0.564 2660
554.813 223.079 0.565 2676
554.693 223.318 0.565 2676
554.613 223.517 0.565 2676
554.533 223.756 0.565 2692
554.412 223.995 0.565 2692
554.332 224.194 0.565 2708
554.252 224.393 0.565 2708
554.172 224.592 0.565 2709
554.092 224.791 0.565 2724
554.012 224.990 0.565 2740
553.891 225.229 0.566 2740
553.811 225.428 0.566 2740
553.691 225.627 0.566 2757
553.611 225.866 0.566 2757
553.491 226.065 0.566 2773
553.411 226.304 0.566 2773
553.290 226.503 0.566 2773
553.210 226.702 0.566 2789
553.090 226.901 0.566 2789
553.050 227.180 0.567 2805
552.970 227.339 0.567 2805
552.890 227.498 0.567 2821
552.810 227.697 0.567 2821
552.770 227.856 0.567 2821
552.730 227.976 0.567 2837
552.649 228.135 0.567 2853
552.609 228.254 0.567 2853
552.569 228.414 0.567 2853
552.489 228.573 0.567 2869
552.449 228.732 0.567 2869
552.369 228.891 0.569 2869
552.289 229.051 0.569 2885
552.249 229.250 0.570 2902
552.169 229.449 0.570 2902
552.129 229.648 0.570 2902
552.048 229.847 0.570 2918
552.008 230.006 0.570 2934
551.928 230.205 0.569 2934
551.888 230.404 0.570 2934
551.768 230.563 0.570 2950
551.688 230.762 0.570 2950
551.608 230.961 0.570 2950
551.487 231.200 0.571 2966
551.407 231.399 0.570 2966
551.287 231.678 0.571 2982
551.207 231.917 0.571 2982
551.087 232.116 0.571 2998
551.007 232.355 0.571 2998
550.927 232.593 0.571 3014
550.806 232.792 0.571 3014
550.726 232.992 0.570 3014
550.646 233.191 0.571 3030
550.566 233.429 0.571 3046
550.486 233.628 0.571 3046
550.446 233.827 0.571 3046
550.366 234.066 0.571 3063
550.285 234.226 0.571 3063
550.205 234.385 0.571 3063
550.165 234.584 0.571 3079
550.085 234.743 0.571 3095
550.005 234.902 0.571 3095
549.925 235.101 0.571 3095
549.845 235.300 0.571 3111
549.765 235.539 0.571 3127
549.644 235.738 0.572 3127
549.564 235.977 0.572 3127
549.484 236.256 0.572 3143
549.404 236.495 0.571 3143
549.324 236.733 0.571 3143
549.284 236.972 0.572 3159
549.204 237.171 0.572 3175
549.124 237.410 0.571 3175
549.043 237.649 0.572 3175
548.963 237.888 0.572 3191
548.883 238.127 0.572 3191
548.803 238.366 0.572 3207
548.723 238.644 0.573 3207
548.643 238.843 0.573 3207
548.563 239.082 0.573 3223
548.482 239.281 0.573 3223
548.442 239.480 0.573 3240
548.402 239.679 0.574 3240
548.362 239.839 0.574 3256
548.282 240.038 0.575 3256
548.242 240.197 0.575 3256
548.162 240.396 0.576 3272
548.122 240.555 0.577 3288
548.042 240.714 0.577 3288
548.002 240.913 0.578 3288
547.922 241.112 0.580 3304
547.841 241.272 0.580 3304
547.801 241.431 0.581 3304
547.761 241.630 0.582 3320
547.641 241.789 0.583 3336
547.601 241.948 0.583 3336
547.561 242.108 0.584 3336
547.481 242.267 0.583 3352
547.441 242.426 0.584 3369
547.401 242.585 0.584 3369
547.361 242.745 0.585 3369
547.321 242.904 0.586 3385
547.280 243.103 0.586 3385
547.200 243.302 0.585 3385
547.120 243.461 0.587 3401
547.040 243.620 0.587 3401
547.000 243.819 0.587 3417
546.920 244.018 0.588 3417
546.880 244.178 0.588 3433
546.800 244.337 0.589 3433
546.760 244.536 0.589 3449
546.720 244.735 0.588 3449
546.639 244.894 0.589 3449
546.599 245.053 0.590 3465
546.519 245.252 0.590 3481
546.479 245.452 0.591 3481
546.399 245.651 0.591 3481
546.319 245.810 0.591 3497
546.239 245.969 0.591 3497
546.159 246.168 0.591 3497
546.078 246.327 0.592 3513
545.998 246.526 0.592 3529
545.918 246.725 0.593 3529
545.838 246.924 0.593 3529
545.758 247.084 0.594 3545
545.718 247.243 0.594 3562
545.598 247.442 0.594 3562
545.518 247.641 0.595 3562
545.477 247.800 0.596 3578
545.437 247.959 0.597 3578
545.397 248.119 0.598 3578
545.357 248.278 0.598 3594
545.317 248.437 0.600 3594
545.277 248.636 0.600 3610
545.197 248.795 0.600 3610
545.157 248.955 0.601 3626
545.077 249.154 0.600 3626
545.037 249.313 0.602 3642
544.957 249.472 0.602 3642
544.917 249.631 0.602 3642
544.836 249.791 0.603 3658
544.796 249.990 0.603 3658
544.756 250.149 0.602 3674
544.676 250.308 0.603 3674
544.636 250.467 0.603 3690
544.596 250.627 0.603 3690
544.556 250.826 0.604 3690
544.516 251.025 0.604 3706
544.436 251.184 0.604 3722
544.396 251.383 0.604 3722
544.316 251.542 0.604 3722
544.235 251.701 0.604 3738
544.195 251.861 0.605 3738
544.115 252.020 0.605 3738
544.075 252.219 0.605 3754
544.035 252.378 0.606 3770
543.995 252.537 0.605 3770
543.955 252.657 0.606 3770
543.875 252.816 0.606 3786
543.835 252.975 0.606 3803
543.795 253.135 0.606 3803
543.755 253.294 0.607 3803
543.674 253.453 0.606 3819
543.634 253.572 0.607 3819
543.554 253.732 0.607 3835
543.514 253.891 0.607 3835
543.474 254.010 0.608 3835
543.394 254.170 0.607 3851
543.314 254.329 0.608 3851
543.274 254.488 0.608 3851
543.194 254.647 0.608 3867
543.114 254.806 0.609 3884
543.073 254.966 0.609 3884
542.993 255.125 0.609 3884
542.913 255.284 0.609 3900
542.873 255.443 0.609 3917
542.793 255.603 0.609 3917
542.753 255.762 0.609 3917
542.673 255.921 0.609 3933
542.633 256.080 0.609 3933
542.593 256.240 0.610 3933
542.513 256.439 0.609 3949
542.472 256.598 0.610 3965
542.432 256.837 0.610 3965
542.392 256.956 0.609 3965
542.352 257.155 0.609 3981
542.312 257.314 0.609 3981
542.272 257.474 0.609 3997
542.192 257.593 0.609 3997
542.152 257.792 0.610 4014
542.112 257.912 0.610 4014
542.072 258.071 0.610 4014
541.992 258.230 0.610 4030
541.992 258.389 0.610 4030
541.952 258.588 0.610 4046
541.912 258.747 0.610 4046
541.831 258.907 0.610 4046
541.791 259.106 0.610 4062
541.751 259.265 0.609 4078
541.631 259.464 0.610 4078
541.551 259.584 0.610 4079
541.471 259.743 0.610 4094
541.391 259.902 0.610 4094
541.351 260.061 0.610 4095
541.270 260.181 0.610 4110
541.230 260.300 0.611 4127
541.190 260.419 0.611 4127
541.150 260.579 0.611 4128
541.110 260.698 0.611 4143
541.070 260.818 0.610 4159
541.030 260.937 0.611 4159
540.990 261.056 0.611 4159
540.910 261.216 0.610 4175
540.870 261.335 0.610 4175
540.870 261.454 0.611 4175
540.790 261.574 0.610 4192
540.750 261.733 0.611 4192
540.710 261.853 0.610 4208
540.669 261.972 0.611 4208
540.589 262.091 0.611 4224
540.549 262.251 0.611 4224
540.509 262.370 0.611 4240
540.429 262.490 0.611 4240
540.389 262.649 0.611 4240
540.349 262.768 0.611 4256
540.309 262.888 0.610 4256
540.269 263.007 0.611 4273
540.229 263.126 0.611 4273
540.229 263.246 0.611 4289
540.189 263.365 0.610 4289
540.149 263.445 0.611 4289
540.109 263.604 0.610 4305
540.068 263.724 0.611 4322
540.028 263.843 0.611 4322
539.948 263.962 0.611 4322
539.908 264.082 0.611 4338
539.868 264.241 0.612 4338
539.828 264.361 0.611 4338
539.788 264.480 0.611 4354
539.748 264.599 0.611 4370
539.708 264.759 0.611 4370
539.588 264.878 0.611 4370
539.548 264.997 0.611 4387
539.508 265.117 0.611 4387
539.427 265.236 0.611 4387
539.387 265.356 0.611 4404
539.347 265.475 0.611 4420
539.307 265.595 0.612 4420
539.267 265.674 0.612 4420
539.227 265.794 0.611 4436
539.187 265.953 0.612 4436
539.147 266.032 0.612 4452
539.107 266.152 0.612 4452
539.107 266.232 0.612 4452
539.067 266.351 0.612 4468
538.987 266.470 0.612 4468
538.987 266.590 0.612 4484
538.906 266.709 0.612 4484
538.866 266.829 0.612 4500
538.826 266.948 0.612 4500
538.746 267.107 0.612 4500
538.706 267.227 0.613 4516
538.666 267.306 0.612 4532
538.626 267.426 0.612 4532
538.586 267.545 0.613 4532
538.546 267.665 0.613 4548
538.506 267.744 0.613 4548
538.426 267.864 0.613 4548
538.386 267.983 0.613 4564
538.346 268.102 0.613 4581
538.265 268.262 0.614 4581
538.225 268.421 0.614 4581
538.185 268.540 0.614 4597
538.185 268.660 0.614 4597
538.145 268.779 0.614 4613
538.105 268.899 0.614 4613
538.065 269.058 0.614 4629
538.025 269.177 0.614 4629
537.985 269.297 0.615 4645
537.905 269.456 0.614 4645
537.865 269.615 0.614 4645
537.825 269.774 0.614 4661
537.785 269.934 0.615 4661
537.745 270.133 0.615 4677
537.705 270.252 0.615 4677
537.664 270.451 0.614 4693
537.624 270.610 0.615 4693
537.544 270.730 0.615 4693
537.504 270.849 0.614 4709
537.424 271.009 0.615 4725
537.424 271.128 0.615 4725
537.344 271.287 0.615 4725
537.304 271.407 0.615 4741
537.264 271.566 0.615 4741
537.224 271.725 0.615 4758
537.184 271.844 0.615 4758
537.103 272.004 0.615 4774
537.063 272.163 0.615 4774
537.023 272.322 0.616 4774
536.943 272.442 0.615 4790
536.903 272.601 0.615 4790
536.823 272.800 0.616 4806
536.783 272.919 0.615 4806
536.743 273.078 0.616 4806
536.663 273.198 0.616 4822
536.623 273.317 0.616 4838
536.583 273.437 0.616 4838
536.543 273.556 0.616 4838
536.462 273.676 0.616 4854
536.422 273.795 0.616 4854
536.382 273.914 0.616 4854
536.302 274.034 0.616 4870
536.262 274.153 0.616 4886
536.222 274.273 0.616 4886
536.182 274.392 0.616 4886
536.102 274.551 0.616 4903
536.062 274.671 0.616 4919
536.022 274.790 0.616 4919
535.982 274.949 0.616 4919
535.942 275.109 0.616 4935
535.901 275.268 0.616 4935
535.861 275.387 0.616 4935
535.821 275.547 0.616 4951
535.781 275.666 0.616 4951
535.741 275.825 0.616 4967
535.661 275.945 0.616 4967
535.621 276.104 0.616 4983
535.581 276.223 0.616 4983
535.461 276.343 0.616 4999
535.421 276.502 0.616 4999
535.381 276.621 0.616 4999
535.341 276.741 0.616 5015
535.301 276.900 0.616 5015
535.260 277.020 0.616 5031
535.220 277.139 0.616 5031
535.180 277.338 0.616 5047
535.140 277.457 0.616 5047
535.100 277.577 0.616 5047
535.020 277.696 0.616 5064
534.940 277.816 0.616 5080
534.900 277.975 0.616 5080
534.860 278.094 0.616 5080
534.780 278.214 0.616 5096
534.740 278.333 0.617 5096
534.699 278.492 0.616 5096
534.619 278.612 0.616 5112
534.579 278.731 0.616 5128
534.539 278.891 0.616 5128
534.459 279.010 0.616 5128
534.419 279.129 0.617 5144
534.339 279.289 0.616 5160
534.299 279.408 0.617 5160
534.259 279.527 0.616 5160
534.179 279.687 0.616 5176
534.099 279.846 0.617 5176
534.058 279.965 0.617 5176
534.018 280.085 0.616 5192
533.938 280.204 0.617 5192
533.898 280.363 0.617 5209
533.818 280.483 0.616 5209
533.778 280.602 0.617 5209
533.738 280.762 0.616 5226
533.698 280.881 0.616 5242
533.618 281.000 0.617 5242
533.578 281.120 0.617 5242
533.497 281.279 0.616 5258
533.457 281.398 0.617 5274
533.417 281.518 0.616 5274
533.297 281.637 0.617 5274
533.257 281.717 0.617 5290
533.217 281.836 0.616 5290
533.177 281.956 0.617 5290
533.137 282.035 0.617 5306
533.097 282.115 0.617 5322
533.017 282.195 0.617 5322
532.977 282.274 0.617 5322
532.937 282.354 0.617 5338
532.897 282.473 0.617 5338
532.816 282.593 0.617 5354
532.736 282.712 0.617 5354
532.696 282.832 0.617 5370
532.616 282.911 0.617 5370
532.536 283.031 0.617 5370
532.456 283.150 0.617 5386
532.416 283.269 0.617 5386
532.376 283.389 0.618 5403
532.295 283.508 0.618 5403
532.255 283.588 0.617 5419
532.215 283.668 0.618 5419
532.175 283.787 0.618 5435
532.135 283.867 0.618 5435
532.095 283.946 0.618 5435
532.055 284.066 0.618 5451
532.015 284.225 0.618 5451
531.975 284.344 0.618 5451
531.895 284.464 0.618 5467
531.855 284.583 0.618 5483
531.775 284.703 0.618 5483
531.735 284.822 0.618 5483
531.654 284.902 0.618 5499
531.574 285.021 0.618 5515
531.494 285.101 0.618 5515
531.414 285.180 0.619 5515
531.334 285.260 0.618 5532
531.254 285.379 0.618 5532
531.214 285.459 0.619 5532
531.134 285.539 0.619 5548
531.094 285.618 0.619 5564
531.013 285.698 0.619 5564
530.933 285.777 0.619 5564
530.813 285.817 0.619 5581
530.733 285.897 0.619 5581
530.653 285.976 0.619 5597
530.613 286.056 0.619 5597
530.533 286.096 0.619 5597
530.452 286.175 0.619 5613
530.412 286.255 0.620 5613
530.372 286.335 0.619 5629
530.292 286.374 0.619 5629
530.252 286.454 0.620 5645
530.172 286.534 0.620 5645
530.132 286.613 0.620 5646
530.052 286.653 0.620 5661
529.972 286.733 0.620 5677
529.891 286.812 0.620 5677
529.811 286.932 0.620 5678
529.731 287.011 0.620 5693
529.651 287.091 0.621 5693
529.571 287.171 0.620 5694
529.491 287.250 0.620 5710
529.411 287.330 0.621 5726
529.331 287.410 0.621 5726
529.250 287.489 0.621 5727
529.170 287.569 0.622 5742
529.130 287.648 0.621 5742
529.010 287.728 0.622 5758
528.930 287.768 0.622 5758
528.850 287.847 0.621 5774
528.770 287.927 0.622 5774
528.690 287.967 0.622 5775
528.609 288.007 0.622 5790
528.529 288.086 0.622 5790
528.449 288.126 0.623 5806
528.369 288.166 0.623 5806
528.289 288.245 0.624 5822
528.209 288.285 0.624 5822
528.129 288.325 0.624 5838
528.048 288.405 0.625 5838
527.928 288.484 0.626 5838
527.848 288.524 0.626 5854
527.728 288.604 0.627 5854
527.648 288.644 0.628 5870
527.568 288.723 0.629 5870
527.447 288.763 0.630 5887
527.367 288.882 0.630 5887
527.247 288.922 0.631 5888
527.167 288.962 0.631 5903
527.087 289.042 0.631 5919
526.967 289.121 0.632 5919
526.886 289.161 0.632 5919
526.806 289.201 0.632 5935
526.726 289.241 0.632 5935
526.646 289.281 0.633 5951
526.566 289.320 0.634 5951
526.446 289.360 0.636 5967
526.366 289.360 0.638 5967
526.245 289.400 0.640 5967
526.165 289.440 0.641 5983
526.045 289.440 0.641 5983
525.925 289.480 0.642 5999
525.805 289.519 0.642 5999
525.684 289.559 0.642 5999
525.564 289.639 0.642 6015
525.484 289.679 0.642 6031
525.364 289.718 0.642 6031
525.244 289.798 0.643 6031
525.164 289.838 0.643 6047
525.043 289.878 0.643 6047
524.963 289.917 0.644 6047
524.803 289.957 0.644 6063
524.723 289.997 0.643 6079
524.603 289.997 0.645 6079
524.523 290.037 0.645 6079
524.402 290.037 0.647 6095
524.322 290.077 0.649 6111
524.242 290.077 0.651 6111
524.122 290.116 0.653 6111
524.042 290.116 0.655 6127
523.922 290.116 0.656 6127
523.801 290.116 0.657 6143
523.681 290.156 0.658 6143
523.601 290.156 0.658 6143
523.481 290.196 0.659 6159
523.401 290.196 0.659 6159
523.321 290.196 0.660 6175
523.240 290.236 0.661 6175
523.120 290.236 0.663 6191
523.040 290.236 0.664 6191
522.920 290.236 0.666 6191
522.800 290.236 0.666 6207
522.679 290.236 0.668 6223
522.559 290.236 0.669 6223
522.479 290.236 0.669 6223
522.359 290.236 0.670 6239
522.239 290.236 0.671 6239
522.119 290.236 0.672 6239
521.998 290.236 0.674 6255
521.878 290.236 0.675 6271
521.758 290.236 0.676 6271
521.678 290.236 0.677 6271
521.558 290.236 0.679 6287
521.437 290.236 0.680 6304
521.277 290.236 0.682 6304
521.157 290.236 0.683 6304
521.037 290.236 0.684 6320
520.957 290.236 0.685 6320
520.836 290.236 0.685 6320
520.756 290.236 0.686 6336
520.636 290.236 0.687 6352
520.556 290.236 0.687 6352
520.476 290.236 0.688 6352
520.396 290.236 0.688 6368
520.315 290.196 0.689 6368
520.235 290.156 0.689 6384
520.115 290.116 0.690 6384
519.995 290.077 0.692 6384
519.875 290.037 0.693 6400
519.755 289.997 0.695 6416
519.634 289.917 0.697 6416
519.474 289.878 0.699 6416
519.354 289.838 0.700 6432
519.234 289.798 0.702 6432
519.154 289.798 0.703 6432
519.033 289.758 0.703 6448
518.953 289.758 0.704 6465
518.833 289.718 0.704 6465
518.753 289.718 0.704 6465
518.633 289.679 0.706 6481
518.553 289.679 0.707 6481
518.432 289.639 0.708 6497
518.352 289.639 0.709 6497
518.232 289.599 0.710 6513
518.152 289.599 0.711 6513
518.072 289.599 0.711 6513
517.952 289.559 0.712 6529
517.871 289.559 0.711 6529
517.791 289.519 0.712 6545
517.711 289.480 0.712 6545
517.551 289.480 0.712 6545
517.471 289.440 0.712 6561
517.391 289.400 0.713 6577
517.270 289.360 0.713 6577
517.190 289.320 0.714 6577
517.070 289.241 0.713 6593
516.950 289.201 0.715 6609
516.830 289.161 0.715 6609
516.750 289.121 0.716 6609
516.629 289.042 0.716 6625
516.549 289.002 0.716 6625
516.469 288.922 0.716 6625
516.349 288.882 0.717 6642
516.269 288.843 0.717 6658
516.189 288.803 0.717 6658
516.149 288.763 0.717 6658
516.068 288.723 0.717 6674
515.988 288.683 0.717 6674
515.948 288.604 0.717 6690
515.868 288.564 0.717 6690
515.828 288.524 0.718 6690
515.748 288.484 0.719 6706
515.668 288.445 0.718 6706
515.628 288.405 0.719 6722
515.548 288.365 0.719 6722
515.467 288.285 0.720 6738
515.387 288.206 0.720 6738
515.307 288.126 0.721 6738
515.227 288.086 0.721 6754
515.147 287.967 0.723 6770
515.067 287.887 0.723 6770
514.987 287.808 0.723 6770
514.947 287.728 0.725 6786
514.866 287.688 0.725 6786
514.786 287.609 0.727 6786
514.746 287.569 0.726 6802
514.666 287.529 0.728 6819
514.626 287.489 0.729 6819
514.546 287.449 0.728 6819
514.506 287.370 0.728 6835
514.466 287.330 0.729 6851
514.386 287.290 0.729 6851
514.346 287.211 0.729 6851
514.265 287.131 0.731 6867
514.225 287.091 0.730 6867
514.145 287.011 0.730 6867
514.105 286.892 0.730 6883
514.025 286.812 0.731 6883
513.905 286.653 0.731 6899
513.825 286.573 0.731 6899
513.704 286.454 0.731 6915
513.624 286.374 0.732 6915
513.544 286.295 0.732 6931
513.464 286.215 0.732 6931
513.384 286.175 0.733 6931
513.344 286.096 0.733 6947
513.264 286.016 0.733 6963
513.144 285.937 0.733 6963
513.063 285.857 0.733 6963
513.023 285.817 0.733 6980
512.943 285.738 0.734 6980
512.863 285.738 0.734 6980
512.823 285.658 0.734 6996
512.743 285.618 0.734 7012
512.703 285.578 0.734 7012
512.663 285.499 0.735 7012
512.583 285.459 0.735 7028
512.543 285.379 0.735 7028
512.503 285.300 0.735 7044
512.422 285.260 0.735 7044
512.382 285.180 0.736 7060
512.302 285.140 0.735 7060
512.262 285.101 0.736 7060
512.222 285.061 0.735 7076
512.182 285.021 0.735 7076
512.102 284.981 0.735 7092
512.062 284.941 0.736 7092
512.022 284.862 0.735 7092
511.982 284.822 0.735 7108
511.942 284.742 0.736 7124
511.901 284.703 0.736 7124
511.861 284.623 0.736 7124
511.821 284.583 0.736 7140
511.781 284.504 0.735 7140
511.741 284.384 0.735 7140
511.701 284.344 0.736 7156
511.661 284.265 0.735 7172
511.621 284.145 0.735 7172
511.581 284.066 0.736 7172
511.541 283.946 0.735 7188
511.501 283.867 0.735 7205
511.461 283.747 0.735 7205
511.421 283.668 0.735 7205
511.381 283.588 0.735 7221
511.341 283.508 0.735 7221
511.341 283.389 0.735 7237
511.300 283.309 0.735 7237
511.300 283.230 0.735 7237
511.260 283.110 0.735 7253
511.220 283.031 0.735 7253
511.220 282.911 0.734 7269
511.180 282.832 0.735 7269
511.140 282.712 0.735 7285
511.100 282.593 0.735 7285
511.100 282.513 0.735 7285
511.060 282.394 0.735 7301
511.060 282.314 0.735 7317
511.020 282.234 0.735 7317
511.020 282.195 0.735 7317
511.020 282.075 0.735 7333
511.020 281.996 0.736 7333
510.980 281.916 0.735 7333
510.980 281.836 0.735 7349
510.980 281.757 0.736 7365
510.940 281.677 0.735 7365
510.940 281.597 0.735 7365
510.900 281.518 0.736 7382
510.860 281.398 0.735 7398
510.860 281.319 0.735 7398
510.860 281.199 0.735 7398
510.860 281.120 0.735 7414
510.860 281.040 0.735 7414
510.860 280.961 0.735 7430
510.860 280.841 0.735 7430
510.860 280.762 0.735 7430
510.860 280.682 0.735 7446
510.860 280.602 0.734 7446
510.860 280.483 0.734 7462
510.860 280.403 0.734 7462
510.860 280.324 0.734 7478
510.860 280.204 0.734 7478
510.860 280.125 0.734 7478
510.860 280.045 0.734 7494
510.860 279.965 0.735 7510
510.860 279.886 0.734 7510
510.860 279.806 0.735 7510
510.860 279.727 0.735 7527
510.860 279.647 0.735 7527
510.860 279.527 0.735 7527
510.860 279.448 0.735 7543
510.860 279.368 0.735 7559
510.860 279.289 0.735 7559
510.860 279.209 0.735 7559
510.860 279.129 0.735 7575
510.860 279.050 0.736 7575
510.860 278.930 0.735 7591
510.860 278.891 0.736 7591
510.820 278.811 0.735 7607
510.820 278.731 0.735 7607
510.820 278.652 0.735 7607
510.820 278.572 0.735 7623
510.820 278.492 0.735 7623
510.820 278.413 0.735 7639
510.820 278.293 0.734 7639
510.820 278.174 0.734 7655
510.820 278.055 0.735 7655
510.820 277.975 0.734 7671
510.820 277.856 0.734 7671
510.820 277.776 0.734 7671
510.820 277.696 0.733 7687
510.820 277.617 0.734 7703
510.820 277.457 0.734 7703
510.820 277.338 0.733 7703
510.860 277.179 0.733 7719
510.980 276.980 0.726 7719
511.060 276.701 0.701 7719
511.140 276.303 0.649 7735
511.220 275.785 0.528 7752
511.300 275.029 0.257 7752

