% x_coordinate y_coordinate pressure time
% shape 0, 216 points
927.514 185.659 0.017 0
927.514 185.659 0.053 0
927.514 185.659 0.074 1
927.514 185.659 0.094 16
927.514 185.659 0.116 17
927.514 185.659 0.131 32
927.514 185.659 0.139 33
927.514 185.659 0.146 33
927.514 185.659 0.152 48
927.514 185.659 0.160 64
927.514 185.659 0.168 64
927.514 185.659 0.175 64
927.594 185.659 0.181 80
927.674 185.659 0.188 96
927.755 185.659 0.195 96
927.875 185.659 0.202 96
927.995 185.659 0.208 113
928.115 185.659 0.213 113
928.235 185.659 0.217 113
928.316 185.659 0.219 129
928.436 185.659 0.220 129
928.596 185.659 0.220 145
928.716 185.659 0.220 145
928.836 185.659 0.220 145
928.957 185.659 0.220 161
929.117 185.659 0.221 177
929.277 185.659 0.222 177
929.477 185.580 0.223 177
929.678 185.500 0.225 193
929.838 185.421 0.226 209
930.038 185.381 0.227 209
930.239 185.341 0.227 209
930.399 185.301 0.229 225
930.519 185.301 0.229 225
930.639 185.301 0.229 226
930.760 185.301 0.229 241
930.880 185.301 0.229 257
931.000 185.301 0.229 257
931.120 185.301 0.229 257
931.240 185.261 0.229 273
931.361 185.182 0.229 273
931.561 185.102 0.230 289
931.721 185.022 0.229 289
931.881 184.943 0.230 305
932.082 184.863 0.229 305
932.242 184.784 0.229 322
932.402 184.744 0.230 322
932.482 184.664 0.229 322
932.603 184.664 0.230 338
932.683 184.624 0.230 338
932.803 184.585 0.230 338
932.923 184.545 0.230 354
933.003 184.505 0.230 370
933.164 184.465 0.230 370
933.324 184.346 0.230 371
933.564 184.266 0.230 386
933.765 184.147 0.229 402
934.005 183.987 0.230 402
934.245 183.828 0.230 403
934.526 183.669 0.230 418
934.766 183.510 0.230 418
935.007 183.351 0.230 419
935.167 183.231 0.231 434
935.367 183.112 0.231 450
935.528 183.032 0.231 450
935.688 182.952 0.231 451
935.808 182.913 0.231 466
935.968 182.873 0.231 466
936.129 182.793 0.232 482
936.289 182.714 0.233 482
936.489 182.634 0.235 482
936.649 182.554 0.236 498
936.850 182.435 0.237 515
937.010 182.355 0.238 515
937.210 182.236 0.238 515
937.371 182.156 0.239 531
937.491 182.077 0.238 531
937.651 181.997 0.239 531
937.731 181.917 0.239 547
937.851 181.838 0.239 563
937.972 181.758 0.239 563
938.052 181.718 0.239 563
938.172 181.639 0.239 579
938.252 181.559 0.239 579
938.332 181.519 0.239 595
938.452 181.440 0.239 595
938.573 181.360 0.240 595
938.693 181.280 0.239 611
938.773 181.241 0.240 627
938.893 181.121 0.241 627
938.973 181.042 0.241 627
939.094 181.002 0.241 643
939.214 180.922 0.241 643
939.294 180.803 0.241 643
939.454 180.723 0.242 659
939.574 180.644 0.243 676
939.695 180.564 0.244 676
939.775 180.445 0.247 676
939.855 180.365 0.249 692
939.975 180.285 0.251 708
940.055 180.206 0.252 708
940.135 180.126 0.253 708
940.255 180.007 0.253 724
940.376 179.927 0.254 724
940.496 179.808 0.253 724
940.616 179.728 0.254 740
940.736 179.609 0.254 740
940.937 179.489 0.253 757
941.057 179.370 0.254 757
941.217 179.250 0.254 757
941.337 179.131 0.255 773
941.497 179.011 0.255 789
941.578 178.892 0.255 789
941.698 178.773 0.255 789
941.778 178.693 0.255 805
941.858 178.613 0.256 805
941.938 178.574 0.256 805
942.018 178.494 0.257 821
942.099 178.454 0.256 837
942.219 178.375 0.257 837
942.299 178.335 0.257 837
942.419 178.255 0.256 853
942.499 178.175 0.257 870
942.579 178.096 0.257 870
942.699 177.976 0.257 870
942.820 177.857 0.257 886
942.940 177.738 0.258 886
943.020 177.658 0.258 886
943.100 177.538 0.259 902
943.180 177.459 0.261 918
943.260 177.419 0.264 918
943.300 177.379 0.268 918
943.341 177.339 0.270 934
943.381 177.300 0.273 934
943.461 177.220 0.275 951
943.501 177.180 0.276 951
943.581 177.101 0.276 951
943.661 176.981 0.276 967
943.781 176.862 0.277 967
943.861 176.742 0.277 983
943.942 176.663 0.277 983
944.062 176.504 0.278 999
944.102 176.384 0.279 999
944.182 176.265 0.279 999
944.262 176.185 0.282 1015
944.302 176.105 0.284 1031
944.382 176.026 0.286 1031
944.422 175.946 0.289 1031
944.462 175.906 0.292 1047
944.503 175.827 0.296 1047
944.583 175.787 0.298 1047
944.623 175.707 0.300 1063
944.663 175.628 0.302 1080
944.743 175.548 0.303 1080
944.863 175.468 0.304 1080
944.983 175.389 0.306 1096
945.023 175.269 0.307 1096
945.144 175.190 0.308 1112
945.224 175.110 0.309 1112
945.304 175.031 0.310 1128
945.344 174.911 0.310 1128
945.424 174.832 0.310 1144
945.464 174.792 0.310 1144
945.504 174.712 0.311 1144
945.544 174.633 0.312 1160
945.544 174.593 0.312 1160
945.584 174.513 0.313 1160
945.624 174.433 0.315 1176
945.664 174.354 0.316 1192
945.745 174.234 0.317 1192
945.825 174.155 0.317 1193
945.905 174.075 0.317 1208
945.985 173.996 0.318 1224
946.065 173.916 0.318 1224
946.105 173.876 0.319 1224
946.185 173.797 0.319 1240
946.225 173.717 0.320 1240
946.265 173.677 0.320 1240
946.346 173.598 0.321 1256
946.426 173.518 0.322 1273
946.466 173.398 0.322 1273
946.586 173.319 0.323 1273
946.626 173.239 0.324 1289
946.706 173.160 0.325 1289
946.786 173.080 0.326 1305
946.826 173.000 0.326 1305
946.866 172.961 0.327 1321
946.906 172.921 0.329 1321
946.947 172.881 0.330 1337
946.947 172.841 0.331 1337
946.987 172.762 0.332 1337
947.027 172.722 0.332 1353
947.107 172.642 0.333 1353
947.147 172.523 0.334 1353
947.187 172.403 0.335 1369
947.307 172.324 0.337 1385
947.347 172.164 0.337 1385
947.427 172.045 0.337 1385
947.508 171.886 0.337 1401
947.588 171.727 0.337 1417
947.708 171.607 0.337 1417
947.788 171.488 0.338 1417
947.868 171.408 0.338 1433
947.948 171.289 0.338 1433
948.068 171.209 0.338 1433
948.109 171.090 0.338 1449
948.189 170.970 0.338 1466
948.309 170.771 0.339 1466
948.389 170.572 0.339 1466
948.509 170.333 0.330 1482
948.629 170.055 0.301 1482
948.790 169.696 0.256 1498
948.950 169.378 0.222 1498
949.070 169.020 0.185 1498
949.230 168.661 0.139 1514
949.351 168.263 0.074 1530

% x_coordinate y_coordinate pressure time
% shape 1, 555 points
955.801 150.947 0.022 0
955.881 150.907 0.049 0
955.881 150.827 0.069 16
955.922 150.787 0.092 16
955.962 150.708 0.116 32
955.962 150.628 0.140 32
956.002 150.548 0.157 33
956.002 150.469 0.173 48
956.002 150.389 0.188 48
956.002 150.310 0.202 49
956.002 150.230 0.213 64
956.042 150.150 0.224 80
956.042 150.071 0.233 80
956.042 149.991 0.239 80
956.042 149.951 0.245 96
956.082 149.912 0.250 112
956.082 149.912 0.254 112
956.082 149.912 0.258 112
956.082 149.912 0.261 128
956.082 149.912 0.263 128
956.082 149.912 0.265 144
956.082 149.912 0.269 144
956.082 149.951 0.273 160
956.082 150.111 0.278 160
956.082 150.230 0.283 160
956.002 150.349 0.289 176
955.962 150.509 0.295 176
955.881 150.668 0.302 192
955.841 150.867 0.308 192
955.761 151.066 0.314 192
955.721 151.265 0.321 208
955.641 151.464 0.326 225
955.601 151.743 0.330 225
955.521 151.982 0.334 225
955.441 152.260 0.336 241
955.361 152.499 0.338 257
955.281 152.778 0.339 257
955.160 153.056 0.340 257
955.080 153.335 0.341 273
954.960 153.574 0.342 273
954.840 153.853 0.344 273
954.719 154.131 0.346 289
954.639 154.410 0.347 289
954.519 154.649 0.349 305
954.439 154.888 0.350 305
954.319 155.126 0.352 321
954.199 155.405 0.352 321
954.119 155.644 0.353 337
954.038 155.883 0.353 337
953.958 156.122 0.353 337
953.878 156.360 0.354 353
953.798 156.599 0.354 369
953.718 156.798 0.354 369
953.678 157.037 0.354 369
953.598 157.236 0.354 385
953.558 157.435 0.354 385
953.477 157.634 0.354 385
953.397 157.873 0.355 401
953.317 158.072 0.355 417
953.197 158.271 0.356 417
953.037 158.510 0.357 417
952.957 158.709 0.358 433
952.836 158.908 0.360 449
952.756 159.107 0.362 449
952.636 159.306 0.363 449
952.556 159.505 0.365 466
952.476 159.704 0.366 466
952.396 159.903 0.367 466
952.315 160.142 0.367 482
952.235 160.341 0.367 482
952.195 160.540 0.367 498
952.155 160.779 0.368 498
952.075 160.978 0.368 498
952.035 161.137 0.368 514
951.995 161.297 0.369 530
951.955 161.456 0.370 530
951.915 161.575 0.372 531
951.875 161.735 0.375 546
951.835 161.854 0.377 562
951.755 162.013 0.378 562
951.674 162.173 0.379 562
951.634 162.372 0.380 578
951.554 162.531 0.382 578
951.474 162.730 0.382 594
951.354 162.889 0.383 594
951.314 163.088 0.383 594
951.194 163.247 0.383 610
951.114 163.407 0.384 610
951.033 163.526 0.384 626
950.993 163.645 0.385 626
950.953 163.765 0.386 642
950.913 163.884 0.387 642
950.833 164.004 0.388 642
950.833 164.123 0.388 658
950.793 164.242 0.390 674
950.753 164.402 0.391 674
950.713 164.521 0.391 674
950.713 164.641 0.393 690
950.673 164.720 0.394 690
950.633 164.840 0.395 690
950.593 164.959 0.397 706
950.553 165.039 0.398 722
950.553 165.158 0.399 722
950.513 165.317 0.400 722
950.472 165.437 0.400 738
950.432 165.556 0.401 754
950.392 165.676 0.400 754
950.392 165.795 0.401 754
950.312 165.954 0.401 771
950.312 166.074 0.401 771
950.272 166.233 0.401 771
950.232 166.352 0.401 787
950.192 166.472 0.401 787
950.192 166.591 0.401 803
950.152 166.711 0.402 803
950.112 166.870 0.401 819
950.072 166.989 0.402 819
950.032 167.109 0.402 835
950.032 167.228 0.402 835
949.992 167.387 0.402 835
949.911 167.547 0.402 851
949.911 167.666 0.403 851
949.871 167.785 0.403 867
949.871 167.905 0.403 867
949.831 168.024 0.403 883
949.791 168.144 0.403 883
949.751 168.263 0.403 883
949.711 168.343 0.403 899
949.711 168.462 0.403 915
949.671 168.542 0.403 915
949.631 168.661 0.403 915
949.631 168.781 0.404 931
949.551 168.860 0.404 931
949.511 168.980 0.404 947
949.471 169.059 0.404 947
949.431 169.179 0.404 947
949.351 169.258 0.404 963
949.310 169.378 0.404 979
949.270 169.497 0.404 979
949.230 169.617 0.405 979
949.150 169.776 0.405 995
949.110 169.895 0.405 995
949.070 170.015 0.405 995
949.030 170.134 0.405 1011
948.990 170.254 0.405 1027
948.950 170.413 0.406 1027
948.910 170.532 0.406 1027
948.870 170.652 0.407 1043
948.830 170.771 0.407 1060
948.790 170.891 0.407 1060
948.790 171.010 0.408 1060
948.750 171.129 0.408 1077
948.710 171.209 0.408 1077
948.669 171.328 0.409 1077
948.629 171.448 0.409 1093
948.589 171.567 0.410 1109
948.549 171.687 0.410 1109
948.509 171.806 0.410 1109
948.469 171.926 0.410 1125
948.429 172.085 0.411 1125
948.389 172.204 0.411 1125
948.349 172.324 0.412 1141
948.269 172.483 0.412 1157
948.229 172.602 0.412 1157
948.189 172.682 0.413 1157
948.149 172.801 0.413 1173
948.109 172.921 0.415 1173
948.068 173.000 0.416 1189
948.068 173.120 0.417 1189
948.028 173.239 0.417 1189
948.028 173.359 0.418 1205
948.028 173.478 0.418 1221
947.988 173.598 0.419 1221
947.988 173.757 0.420 1221
947.948 173.836 0.420 1237
947.948 173.956 0.420 1237
947.908 174.075 0.421 1253
947.868 174.155 0.422 1253
947.868 174.274 0.423 1269
947.828 174.394 0.424 1269
947.828 174.473 0.424 1269
947.828 174.553 0.425 1285
947.788 174.672 0.426 1285
947.788 174.792 0.426 1301
947.788 174.871 0.427 1301
947.748 174.951 0.428 1301
947.708 175.070 0.428 1317
947.708 175.190 0.428 1334
947.668 175.269 0.428 1334
947.668 175.389 0.429 1334
947.628 175.468 0.429 1350
947.588 175.588 0.429 1366
947.588 175.668 0.429 1366
947.548 175.787 0.430 1366
947.548 175.867 0.430 1382
947.467 175.986 0.431 1382
947.467 176.066 0.431 1382
947.427 176.185 0.431 1398
947.387 176.304 0.432 1414
947.347 176.384 0.433 1414
947.347 176.543 0.433 1414
947.307 176.663 0.434 1430
947.267 176.742 0.434 1430
947.227 176.862 0.435 1446
947.227 176.941 0.435 1446
947.227 177.021 0.435 1462
947.227 177.101 0.436 1462
947.227 177.140 0.436 1462
947.227 177.220 0.436 1478
947.227 177.300 0.437 1478
947.227 177.339 0.437 1494
947.227 177.419 0.437 1494
947.227 177.499 0.438 1494
947.227 177.578 0.439 1510
947.227 177.658 0.439 1527
947.227 177.777 0.440 1527
947.187 177.857 0.440 1527
947.187 177.937 0.441 1543
947.187 178.016 0.441 1543
947.187 178.096 0.441 1543
947.147 178.175 0.442 1559
947.147 178.255 0.442 1575
947.147 178.335 0.442 1575
947.147 178.414 0.443 1575
947.147 178.494 0.443 1591
947.147 178.534 0.444 1591
947.147 178.613 0.444 1607
947.147 178.693 0.444 1607
947.147 178.812 0.444 1623
947.147 178.932 0.445 1623
947.147 179.011 0.445 1639
947.147 179.091 0.445 1639
947.147 179.171 0.446 1640
947.147 179.250 0.445 1655
947.147 179.330 0.446 1655
947.107 179.449 0.446 1671
947.107 179.529 0.446 1671
947.107 179.609 0.446 1687
947.107 179.728 0.446 1687
947.107 179.808 0.446 1687
947.107 179.887 0.446 1703
947.107 180.007 0.446 1719
947.107 180.086 0.446 1719
947.107 180.206 0.446 1719
947.107 180.285 0.446 1735
947.107 180.365 0.446 1735
947.107 180.445 0.446 1735
947.107 180.524 0.446 1751
947.107 180.564 0.446 1767
947.107 180.644 0.446 1767
947.107 180.723 0.446 1767
947.107 180.763 0.446 1783
947.107 180.843 0.446 1799
947.107 180.882 0.446 1799
947.107 180.922 0.446 1799
947.107 181.002 0.446 1815
947.107 181.121 0.446 1815
947.107 181.201 0.447 1815
947.107 181.280 0.447 1832
947.107 181.360 0.447 1848
947.107 181.440 0.447 1848
947.107 181.519 0.447 1848
947.107 181.559 0.447 1864
947.107 181.639 0.447 1864
947.107 181.679 0.447 1880
947.107 181.718 0.447 1880
947.107 181.798 0.447 1880
947.147 181.838 0.446 1896
947.187 181.878 0.446 1896
947.227 181.957 0.446 1912
947.267 182.037 0.447 1912
947.267 182.077 0.447 1928
947.307 182.116 0.448 1928
947.347 182.156 0.448 1928
947.347 182.236 0.449 1944
947.387 182.276 0.449 1960
947.427 182.355 0.449 1960
947.427 182.395 0.449 1960
947.467 182.475 0.449 1976
947.508 182.554 0.450 1976
947.548 182.634 0.450 1976
947.588 182.714 0.450 1992
947.668 182.753 0.451 2008
947.708 182.833 0.451 2008
947.748 182.913 0.451 2008
947.788 182.992 0.451 2024
947.868 183.072 0.452 2040
947.908 183.151 0.452 2040
947.948 183.231 0.452 2040
947.988 183.311 0.452 2056
948.068 183.390 0.453 2056
948.109 183.470 0.454 2056
948.149 183.510 0.454 2072
948.189 183.550 0.455 2089
948.229 183.589 0.456 2089
948.269 183.629 0.456 2089
948.309 183.669 0.457 2105
948.389 183.709 0.457 2105
948.429 183.749 0.457 2121
948.469 183.788 0.457 2121
948.509 183.828 0.458 2121
948.549 183.868 0.458 2137
948.589 183.908 0.458 2137
948.629 183.948 0.458 2153
948.669 183.987 0.458 2153
948.669 184.027 0.458 2169
948.710 184.067 0.459 2169
948.750 184.107 0.459 2169
948.790 184.107 0.459 2185
948.830 184.147 0.460 2201
948.830 184.186 0.460 2201
948.870 184.226 0.460 2201
948.910 184.266 0.460 2217
948.990 184.266 0.461 2217
949.030 184.306 0.462 2217
949.070 184.306 0.462 2233
949.110 184.346 0.462 2249
949.150 184.346 0.462 2249
949.190 184.386 0.463 2249
949.270 184.386 0.463 2265
949.310 184.425 0.463 2281
949.391 184.465 0.463 2281
949.431 184.465 0.464 2281
949.471 184.505 0.463 2297
949.551 184.545 0.464 2297
949.631 184.545 0.464 2297
949.671 184.585 0.463 2313
949.711 184.624 0.464 2329
949.791 184.664 0.464 2329
949.871 184.704 0.464 2329
949.911 184.704 0.464 2345
949.952 184.744 0.464 2361
950.032 184.784 0.464 2361
950.112 184.863 0.464 2361
950.152 184.903 0.464 2377
950.232 184.943 0.464 2377
950.312 184.983 0.465 2377
950.392 185.022 0.465 2393
950.432 185.022 0.465 2393
950.553 185.022 0.465 2410
950.633 185.022 0.465 2410
950.753 185.022 0.465 2426
950.833 185.062 0.465 2426
950.913 185.062 0.465 2442
951.033 185.062 0.465 2442
951.114 185.062 0.465 2442
951.234 185.062 0.466 2458
951.314 185.062 0.466 2458
951.434 185.062 0.466 2474
951.514 185.062 0.466 2474
951.594 185.062 0.466 2490
951.715 185.062 0.466 2490
951.875 185.062 0.466 2490
951.995 185.062 0.466 2506
952.075 185.062 0.466 2522
952.195 185.062 0.466 2522
952.315 185.062 0.467 2522
952.436 185.062 0.466 2538
952.556 185.062 0.467 2538
952.676 185.062 0.467 2538
952.796 185.062 0.467 2554
952.917 185.062 0.467 2570
953.037 185.062 0.467 2570
953.157 185.062 0.467 2571
953.277 185.062 0.467 2586
953.437 185.062 0.467 2602
953.558 185.062 0.467 2602
953.718 185.062 0.468 2603
953.878 185.062 0.468 2618
953.998 184.983 0.468 2618
954.159 184.983 0.468 2619
954.319 184.903 0.467 2634
954.479 184.863 0.468 2650
954.599 184.823 0.468 2650
954.719 184.823 0.468 2650
954.880 184.784 0.468 2667
955.000 184.744 0.468 2667
955.120 184.744 0.468 2683
955.200 184.704 0.468 2683
955.361 184.704 0.468 2683
955.441 184.704 0.468 2699
955.521 184.664 0.468 2699
955.601 184.624 0.468 2699
955.721 184.585 0.468 2715
955.841 184.545 0.469 2731
955.962 184.505 0.469 2731
956.082 184.465 0.469 2731
956.202 184.386 0.469 2747
956.322 184.306 0.469 2763
956.442 184.266 0.469 2763
956.563 184.226 0.469 2763
956.683 184.147 0.469 2779
956.763 184.147 0.469 2779
956.883 184.107 0.469 2779
956.963 184.067 0.469 2795
957.083 184.027 0.469 2811
957.164 184.027 0.469 2811
957.284 183.987 0.469 2811
957.404 183.948 0.470 2827
957.484 183.908 0.469 2827
957.604 183.868 0.469 2843
957.724 183.828 0.470 2843
957.845 183.788 0.470 2859
957.965 183.749 0.470 2859
958.085 183.709 0.470 2875
958.205 183.709 0.469 2875
958.326 183.669 0.470 2875
958.446 183.589 0.470 2891
958.566 183.550 0.470 2891
958.686 183.510 0.470 2891
958.806 183.470 0.470 2907
958.887 183.430 0.470 2923
959.007 183.390 0.470 2923
959.087 183.351 0.470 2923
959.207 183.271 0.470 2940
959.327 183.231 0.470 2956
959.447 183.151 0.470 2956
959.568 183.032 0.470 2956
959.688 182.992 0.470 2972
959.848 182.913 0.470 2972
959.928 182.833 0.470 2988
960.089 182.753 0.470 2988
960.209 182.714 0.470 2988
960.289 182.634 0.471 3004
960.409 182.554 0.470 3004
960.529 182.515 0.470 3020
960.649 182.435 0.471 3020
960.770 182.355 0.471 3036
960.890 182.315 0.471 3036
960.970 182.236 0.470 3036
961.090 182.156 0.470 3052
961.210 182.077 0.471 3068
961.331 181.997 0.471 3068
961.451 181.957 0.470 3068
961.611 181.878 0.471 3084
961.771 181.798 0.470 3084
961.892 181.718 0.470 3084
962.012 181.679 0.471 3100
962.132 181.599 0.471 3116
962.252 181.519 0.471 3116
962.332 181.440 0.471 3116
962.452 181.360 0.471 3132
962.573 181.280 0.470 3148
962.693 181.201 0.471 3148
962.813 181.121 0.471 3148
962.933 181.042 0.471 3164
963.053 180.962 0.471 3164
963.174 180.882 0.471 3164
963.294 180.763 0.471 3180
963.414 180.683 0.471 3196
963.494 180.604 0.471 3196
963.614 180.524 0.471 3197
963.735 180.445 0.471 3212
963.815 180.405 0.471 3212
963.935 180.325 0.471 3228
964.055 180.246 0.471 3228
964.175 180.166 0.471 3229
964.295 180.086 0.471 3244
964.416 180.007 0.471 3261
964.576 179.927 0.471 3261
964.696 179.808 0.471 3261
964.816 179.768 0.471 3277
964.937 179.688 0.471 3277
965.057 179.609 0.471 3277
965.137 179.529 0.471 3293
965.257 179.489 0.471 3309
965.377 179.409 0.471 3309
965.457 179.370 0.471 3309
965.578 179.290 0.472 3325
965.698 179.250 0.471 3325
965.778 179.171 0.471 3341
965.858 179.131 0.471 3341
965.978 179.051 0.471 3341
966.058 178.972 0.471 3357
966.139 178.892 0.471 3373
966.259 178.812 0.471 3373
966.339 178.733 0.472 3373
966.459 178.653 0.473 3390
966.539 178.574 0.471 3390
966.659 178.534 0.471 3390
966.740 178.414 0.471 3407
966.860 178.335 0.471 3423
966.940 178.295 0.471 3423
967.020 178.215 0.471 3424
967.100 178.175 0.472 3439
967.220 178.136 0.471 3455
967.260 178.056 0.471 3455
967.421 178.016 0.473 3455
967.501 177.937 0.472 3471
967.581 177.857 0.473 3471
967.701 177.777 0.472 3471
967.781 177.738 0.472 3487
967.901 177.658 0.472 3503
967.942 177.578 0.472 3503
968.062 177.538 0.472 3503
968.142 177.459 0.471 3519
968.262 177.419 0.472 3519
968.342 177.339 0.473 3535
968.422 177.260 0.471 3535
968.543 177.180 0.472 3535
968.623 177.101 0.472 3551
968.703 177.021 0.472 3551
968.823 176.941 0.473 3567
968.903 176.862 0.472 3567
968.943 176.782 0.472 3583
969.063 176.703 0.472 3583
969.144 176.623 0.473 3583
969.184 176.583 0.472 3599
969.264 176.504 0.473 3615
969.344 176.464 0.472 3615
969.464 176.384 0.472 3615
969.504 176.344 0.473 3631
969.584 176.265 0.472 3647
969.664 176.225 0.473 3647
969.705 176.105 0.473 3647
969.825 176.026 0.472 3664
969.905 175.946 0.473 3664
969.985 175.867 0.472 3664
970.065 175.827 0.472 3680
970.145 175.747 0.473 3680
970.265 175.668 0.472 3696
970.306 175.588 0.472 3696
970.386 175.548 0.473 3712
970.466 175.468 0.472 3712
970.546 175.389 0.473 3728
970.626 175.349 0.473 3728
970.666 175.269 0.472 3728
970.786 175.190 0.473 3744
970.826 175.110 0.473 3744
970.906 175.031 0.472 3760
970.987 174.951 0.473 3760
971.067 174.871 0.473 3776
971.147 174.752 0.472 3776
971.227 174.672 0.473 3776
971.307 174.593 0.473 3793
971.387 174.513 0.473 3809
971.508 174.433 0.473 3809

% x_coordinate y_coordinate pressure time
% shape 2, 321 points
961.932 133.909 0.040 0
961.892 133.948 0.090 16
961.851 133.948 0.128 16
961.811 133.988 0.157 32
961.771 133.988 0.182 32
961.691 133.988 0.196 48
961.651 133.988 0.209 48
961.611 133.988 0.222 49
961.571 133.988 0.235 65
961.531 133.988 0.251 81
961.491 133.988 0.270 81
961.451 133.988 0.290 81
961.411 133.988 0.310 97
961.411 133.988 0.325 113
961.371 133.988 0.336 113
961.331 133.909 0.346 113
961.331 133.869 0.354 129
961.331 133.829 0.360 129
961.290 133.789 0.364 129
961.290 133.670 0.367 145
961.290 133.630 0.370 161
961.331 133.590 0.372 161
961.331 133.550 0.374 161
961.331 133.510 0.375 177
961.371 133.510 0.375 177
961.411 133.510 0.375 193
961.491 133.510 0.375 193
961.571 133.510 0.375 209
961.651 133.510 0.376 209
961.731 133.510 0.376 209
961.851 133.670 0.377 225
961.972 133.829 0.377 225
962.052 133.988 0.377 241
962.132 134.108 0.378 241
962.212 134.267 0.379 257
962.252 134.346 0.379 257
962.292 134.466 0.380 273
962.332 134.546 0.380 273
962.292 134.625 0.382 273
962.292 134.665 0.384 289
962.252 134.705 0.390 289
962.212 134.705 0.397 289
962.132 134.705 0.408 305
962.052 134.705 0.416 321
961.972 134.705 0.424 321
961.892 134.705 0.430 321
961.771 134.705 0.435 337
961.691 134.705 0.439 354
961.611 134.705 0.444 354
961.531 134.705 0.447 354
961.451 134.705 0.448 370
961.411 134.625 0.450 370
961.371 134.546 0.452 370
961.371 134.466 0.453 386
961.371 134.346 0.453 402
961.331 134.267 0.453 402
961.371 134.108 0.453 403
961.411 133.988 0.452 418
961.451 133.869 0.452 418
961.531 133.710 0.451 434
961.611 133.590 0.451 434
961.731 133.471 0.450 435
961.811 133.431 0.450 450
961.851 133.391 0.450 466
961.972 133.391 0.449 466
962.132 133.391 0.449 467
962.292 133.391 0.448 482
962.372 133.391 0.448 482
962.492 133.471 0.448 483
962.532 133.590 0.449 498
962.613 133.749 0.449 514
962.613 133.869 0.449 514
962.653 133.988 0.450 515
962.773 134.068 0.450 530
962.773 134.187 0.450 546
962.733 134.307 0.451 546
962.653 134.386 0.452 547
962.613 134.466 0.453 562
962.452 134.506 0.454 562
962.372 134.546 0.455 578
962.252 134.585 0.457 578
962.172 134.585 0.458 578
962.052 134.585 0.462 594
961.932 134.585 0.467 594
961.851 134.585 0.471 610
961.771 134.585 0.475 610
961.691 134.585 0.479 626
961.611 134.506 0.480 626
961.571 134.426 0.482 626
961.531 134.346 0.483 642
961.491 134.227 0.484 658
961.491 134.147 0.484 658
961.491 134.068 0.483 658
961.531 133.988 0.482 675
961.571 133.909 0.482 675
961.651 133.829 0.480 675
961.731 133.789 0.480 691
961.811 133.670 0.480 707
961.892 133.670 0.479 707
962.012 133.670 0.479 708
962.132 133.670 0.479 723
962.252 133.670 0.478 739
962.372 133.670 0.478 739
962.492 133.749 0.477 740
962.573 133.869 0.477 755
962.613 134.028 0.477 755
962.653 134.187 0.477 771
962.653 134.346 0.476 771
962.653 134.466 0.477 771
962.532 134.625 0.477 787
962.452 134.745 0.478 803
962.372 134.864 0.478 803
962.332 134.944 0.479 803
962.212 134.983 0.480 819
962.052 135.023 0.481 819
961.892 135.023 0.484 819
961.731 135.023 0.490 835
961.611 135.023 0.495 851
961.451 135.023 0.500 851
961.331 134.983 0.503 852
961.210 134.864 0.505 867
961.130 134.745 0.507 867
961.050 134.585 0.508 883
960.970 134.426 0.508 883
960.930 134.267 0.509 884
960.810 134.068 0.509 899
960.810 133.909 0.508 915
960.810 133.670 0.508 915
960.890 133.510 0.508 916
960.970 133.351 0.506 931
961.050 133.232 0.505 931
961.130 133.152 0.505 932
961.250 133.073 0.505 947
961.290 133.033 0.504 963
961.411 133.033 0.503 963
961.571 133.033 0.502 964
961.731 133.033 0.502 979
961.892 133.112 0.501 995
962.052 133.272 0.500 995
962.172 133.431 0.499 995
962.252 133.630 0.498 1011
962.372 133.869 0.497 1011
962.372 134.068 0.498 1011
962.412 134.227 0.497 1027
962.492 134.386 0.498 1044
962.492 134.506 0.498 1044
962.412 134.625 0.498 1044
962.372 134.705 0.499 1060
962.252 134.784 0.499 1060
962.172 134.864 0.500 1076
962.092 134.864 0.500 1076
961.972 134.904 0.500 1076
961.892 134.904 0.501 1092
961.771 134.904 0.502 1108
961.691 134.904 0.503 1108
961.571 134.904 0.505 1108
961.491 134.864 0.508 1124
961.371 134.784 0.510 1124
961.290 134.665 0.513 1124
961.250 134.546 0.515 1140
961.210 134.426 0.516 1156
961.210 134.307 0.517 1156
961.210 134.187 0.516 1156
961.210 134.028 0.516 1172
961.250 133.909 0.516 1188
961.331 133.829 0.515 1188
961.411 133.670 0.514 1188
961.531 133.590 0.514 1204
961.571 133.510 0.513 1204
961.731 133.471 0.513 1204
961.892 133.471 0.513 1220
962.052 133.471 0.512 1236
962.172 133.471 0.510 1236
962.372 133.471 0.509 1236
962.492 133.550 0.506 1252
962.613 133.749 0.504 1252
962.733 133.948 0.502 1268
962.813 134.147 0.501 1268
962.853 134.307 0.500 1268
962.893 134.546 0.500 1284
963.013 134.705 0.499 1284
963.013 134.904 0.499 1300
962.973 135.063 0.499 1300
962.893 135.182 0.499 1316
962.773 135.302 0.500 1316
962.653 135.382 0.500 1316
962.613 135.461 0.500 1332
962.452 135.501 0.500 1348
962.292 135.541 0.500 1348
962.092 135.541 0.502 1348
961.932 135.541 0.503 1365
961.731 135.541 0.506 1365
961.571 135.541 0.510 1365
961.411 135.541 0.514 1381
961.250 135.541 0.520 1397
961.090 135.501 0.526 1397
960.930 135.382 0.533 1416
960.810 135.262 0.538 1417
960.689 135.103 0.542 1432
960.609 134.944 0.543 1432
960.529 134.784 0.544 1432
960.529 134.585 0.545 1432
960.489 134.426 0.544 1448
960.409 134.227 0.545 1464
960.449 134.068 0.543 1464
960.529 133.909 0.543 1464
960.609 133.710 0.543 1480
960.730 133.590 0.543 1480
960.770 133.471 0.543 1480
960.930 133.391 0.543 1496
961.130 133.351 0.542 1512
961.371 133.351 0.541 1512
961.571 133.351 0.539 1512
961.811 133.351 0.534 1529
962.012 133.351 0.530 1529
962.212 133.351 0.526 1545
962.372 133.510 0.522 1545
962.492 133.670 0.521 1545
962.613 133.869 0.520 1561
962.693 134.068 0.519 1577
962.733 134.227 0.518 1577
962.773 134.426 0.518 1577
962.893 134.585 0.518 1593
962.853 134.745 0.519 1593
962.813 134.904 0.518 1593
962.733 135.063 0.519 1609
962.653 135.182 0.520 1625
962.532 135.302 0.519 1625
962.412 135.421 0.520 1625
962.412 135.501 0.520 1642
962.252 135.620 0.521 1642
962.092 135.660 0.522 1658
961.932 135.740 0.522 1658
961.811 135.780 0.523 1674
961.651 135.780 0.524 1674
961.531 135.780 0.526 1690
961.411 135.780 0.529 1690
961.290 135.780 0.533 1690
961.170 135.780 0.537 1706
961.050 135.780 0.540 1706
960.930 135.660 0.543 1706
960.850 135.501 0.543 1722
960.770 135.342 0.545 1738
960.730 135.143 0.545 1738
960.649 134.944 0.546 1738
960.649 134.705 0.546 1755
960.529 134.506 0.546 1771
960.569 134.267 0.545 1771
960.609 134.028 0.546 1771
960.689 133.789 0.545 1787
960.810 133.510 0.545 1787
960.930 133.311 0.545 1787
960.970 133.073 0.544 1803
961.130 132.913 0.544 1819
961.290 132.754 0.543 1819
961.451 132.635 0.543 1819
961.611 132.555 0.543 1835
961.771 132.476 0.543 1835
962.012 132.476 0.541 1852
962.132 132.476 0.540 1852
962.292 132.476 0.537 1852
962.412 132.476 0.535 1868
962.532 132.555 0.533 1868
962.653 132.754 0.532 1884
962.693 132.953 0.530 1884
962.773 133.152 0.530 1900
962.853 133.391 0.529 1900
962.853 133.670 0.529 1900
962.973 133.948 0.529 1916
962.973 134.227 0.528 1932
962.933 134.466 0.528 1932
962.853 134.705 0.528 1932
962.693 134.944 0.528 1949
962.613 135.143 0.528 1965
962.492 135.342 0.528 1965
962.492 135.501 0.528 1965
962.372 135.620 0.529 1981
962.212 135.740 0.529 1981
962.092 135.819 0.529 1981
961.972 135.899 0.530 1997
961.811 135.939 0.530 1997
961.691 135.939 0.530 2013
961.571 135.939 0.531 2013
961.451 135.939 0.533 2029
961.290 135.939 0.536 2029
961.210 135.939 0.540 2045
961.090 135.859 0.543 2045
960.970 135.740 0.545 2045
960.890 135.581 0.548 2062
960.810 135.382 0.549 2062
960.770 135.222 0.551 2062
960.730 134.983 0.552 2078
960.689 134.784 0.552 2094
960.569 134.546 0.553 2094
960.609 134.346 0.552 2094
960.649 134.147 0.552 2110
960.689 133.988 0.551 2126
960.770 133.829 0.551 2126
960.890 133.670 0.550 2126
960.970 133.550 0.549 2142
961.090 133.471 0.549 2142
961.210 133.471 0.549 2142
961.210 133.431 0.547 2158
961.331 133.431 0.543 2175
961.451 133.431 0.541 2175
961.531 133.431 0.537 2175
961.651 133.431 0.533 2191
961.731 133.550 0.531 2191
961.811 133.710 0.530 2207
961.892 133.948 0.529 2207
961.932 134.147 0.529 2207
962.012 134.346 0.529 2223
962.012 134.506 0.529 2239
962.052 134.705 0.528 2239
962.052 134.864 0.525 2240
962.172 135.023 0.516 2255
962.132 135.182 0.500 2255
962.132 135.342 0.473 2256
962.052 135.461 0.428 2271
961.972 135.581 0.341 2287
961.851 135.660 0.176 2287

