% x_coordinate y_coordinate pressure time
% shape 0, 770 points
664.756 332.512 0.063 0
664.796 332.512 0.097 0
664.876 332.552 0.138 16
664.957 332.592 0.173 16
665.077 332.632 0.201 17
665.157 332.672 0.153 32
665.237 332.672 0.237 48
665.317 332.711 0.266 49
665.317 332.711 0.281 49
665.317 332.672 0.300 64
665.317 332.632 0.325 64
665.277 332.632 0.341 80
665.197 332.592 0.358 80
665.117 332.552 0.370 96
665.037 332.472 0.382 96
664.957 332.393 0.392 96
664.917 332.353 0.400 112
664.917 332.273 0.408 112
664.917 332.194 0.413 129
664.917 332.114 0.418 129
664.917 332.035 0.421 145
664.917 331.955 0.423 145
664.917 331.836 0.426 161
664.917 331.796 0.428 161
664.997 331.637 0.434 161
665.117 331.438 0.440 177
665.237 331.159 0.445 177
665.357 330.920 0.451 177
665.518 330.641 0.457 193
665.678 330.363 0.463 210
665.878 330.084 0.469 210
666.038 329.845 0.473 210
666.239 329.646 0.476 226
666.439 329.447 0.477 242
666.639 329.288 0.478 242
666.840 329.089 0.479 242
667.080 328.969 0.479 259
667.280 328.770 0.479 259
667.521 328.611 0.479 259
667.801 328.452 0.479 275
668.042 328.293 0.479 291
668.242 328.173 0.479 291
668.523 328.054 0.479 291
668.763 327.934 0.479 307
669.003 327.815 0.480 307
669.204 327.735 0.479 323
669.444 327.695 0.479 323
669.725 327.616 0.480 323
670.005 327.576 0.479 339
670.245 327.536 0.479 339
670.566 327.496 0.480 356
670.846 327.457 0.480 356
671.167 327.417 0.480 372
671.407 327.337 0.480 372
671.728 327.258 0.480 372
671.968 327.178 0.480 388
672.209 327.098 0.480 404
672.409 327.019 0.480 404
672.609 326.939 0.480 404
672.770 326.899 0.480 420
672.930 326.860 0.480 437
673.050 326.820 0.481 437
673.210 326.700 0.480 437
673.331 326.700 0.480 453
673.451 326.740 0.480 453
673.571 326.740 0.479 453
673.731 326.780 0.480 469
673.891 326.820 0.480 469
674.052 326.860 0.480 485
674.252 326.899 0.480 485
674.452 326.899 0.480 502
674.653 326.939 0.480 502
674.853 326.939 0.480 518
675.053 326.939 0.480 518
675.294 326.939 0.480 518
675.454 326.979 0.480 534
675.654 327.019 0.480 534
675.815 327.059 0.480 534
676.015 327.098 0.480 550
676.215 327.178 0.480 566
676.416 327.218 0.480 566
676.616 327.297 0.480 566
676.816 327.337 0.480 583
677.017 327.377 0.480 599
677.217 327.417 0.481 599
677.377 327.457 0.480 599
677.578 327.457 0.480 615
677.738 327.496 0.480 615
677.898 327.536 0.480 615
678.058 327.576 0.481 631
678.259 327.616 0.481 647
678.459 327.695 0.482 647
678.619 327.735 0.484 647
678.780 327.815 0.484 663
678.940 327.895 0.485 663
679.180 327.974 0.485 680
679.341 328.014 0.485 680
679.541 328.094 0.486 680
679.741 328.133 0.486 696
679.901 328.213 0.486 696
680.102 328.213 0.486 712
680.302 328.253 0.487 712
680.503 328.253 0.487 728
680.703 328.253 0.487 728
680.943 328.253 0.488 728
681.144 328.253 0.489 745
681.304 328.293 0.491 761
681.504 328.293 0.492 761
681.705 328.332 0.493 761
681.865 328.372 0.495 777
682.025 328.412 0.494 777
682.225 328.452 0.496 777
682.386 328.492 0.496 793
682.586 328.531 0.498 810
682.786 328.571 0.499 810
683.027 328.611 0.499 810
683.267 328.651 0.500 826
683.508 328.691 0.500 826
683.788 328.731 0.500 842
684.028 328.810 0.500 842
684.269 328.890 0.501 858
684.549 328.930 0.501 858
684.830 328.969 0.501 858
685.110 329.049 0.501 874
685.391 329.049 0.502 874
685.671 329.089 0.502 890
685.952 329.089 0.502 890
686.232 329.089 0.503 907
686.513 329.129 0.503 907
686.793 329.129 0.504 923
687.073 329.129 0.504 923
687.354 329.129 0.504 923
687.594 329.129 0.504 939
687.875 329.089 0.505 939
688.115 329.089 0.505 939
688.356 329.089 0.505 956
688.556 329.049 0.505 972
688.756 329.049 0.506 972
688.957 329.009 0.506 972
689.197 328.969 0.506 988
689.357 328.930 0.506 1004
689.558 328.890 0.506 1004
689.758 328.850 0.506 1004
689.958 328.810 0.506 1021
690.119 328.731 0.506 1021
690.359 328.611 0.507 1021
690.519 328.531 0.508 1037
690.720 328.452 0.508 1037
690.880 328.332 0.508 1053
691.040 328.213 0.509 1053
691.160 328.213 0.509 1069
691.320 328.094 0.509 1069
691.441 327.934 0.509 1086
691.601 327.815 0.510 1086
691.721 327.656 0.511 1086
691.841 327.536 0.511 1102
691.922 327.377 0.511 1102
692.002 327.218 0.511 1102
692.042 327.098 0.512 1118
692.122 326.939 0.512 1134
692.162 326.820 0.513 1134
692.202 326.700 0.513 1134
692.282 326.621 0.513 1151
692.322 326.501 0.512 1167
692.362 326.422 0.512 1167
692.402 326.302 0.512 1167
692.442 326.262 0.512 1183
692.442 326.183 0.512 1183
692.442 326.143 0.512 1183
692.482 326.063 0.512 1199
692.482 326.024 0.512 1216
692.482 325.984 0.512 1216
692.482 325.944 0.513 1232
692.482 325.904 0.513 1232
692.482 325.785 0.513 1248
692.482 325.785 0.514 1248
692.402 325.785 0.513 1265
692.362 325.785 0.514 1265
692.282 325.825 0.514 1265
692.202 325.864 0.514 1281
692.122 325.904 0.514 1297
692.042 325.984 0.514 1297
691.922 326.103 0.513 1297
691.801 326.103 0.513 1313
691.641 326.302 0.513 1330
691.481 326.541 0.513 1330
691.280 326.820 0.513 1330
691.120 327.098 0.514 1346
690.880 327.417 0.514 1346
690.639 327.775 0.514 1346
690.439 328.094 0.514 1362
690.279 328.412 0.515 1378
690.038 328.810 0.516 1378
689.838 329.129 0.516 1378
689.678 329.487 0.517 1395
689.518 329.805 0.517 1395
689.317 330.164 0.518 1411
689.157 330.522 0.519 1411
688.997 330.920 0.519 1411
688.876 331.318 0.519 1427
688.716 331.716 0.519 1427
688.556 332.154 0.519 1443
688.396 332.552 0.519 1443
688.235 332.990 0.519 1459
688.035 333.508 0.519 1459
687.875 333.945 0.520 1459
687.715 334.383 0.520 1475
687.594 334.821 0.520 1492
687.474 335.259 0.520 1492
687.354 335.657 0.520 1492
687.234 336.095 0.520 1508
687.114 336.493 0.520 1508
686.993 336.891 0.520 1508
686.873 337.250 0.520 1524
686.793 337.648 0.520 1540
686.673 338.125 0.520 1540
686.553 338.484 0.520 1540
686.432 338.882 0.520 1557
686.352 339.280 0.520 1573
686.232 339.678 0.520 1573
686.112 340.076 0.520 1573
686.032 340.514 0.520 1589
685.911 340.912 0.520 1589
685.791 341.350 0.520 1589
685.671 341.748 0.520 1605
685.551 342.146 0.521 1605
685.431 342.544 0.520 1622
685.351 342.942 0.520 1622
685.230 343.300 0.521 1622
685.150 343.698 0.521 1638
685.030 344.057 0.521 1654
684.950 344.415 0.521 1654
684.830 344.773 0.521 1654
684.709 345.171 0.521 1670
684.589 345.490 0.521 1670
684.509 345.808 0.521 1670
684.389 346.127 0.521 1686
684.309 346.405 0.521 1703
684.269 346.644 0.521 1703
684.189 346.923 0.521 1703
684.149 347.162 0.521 1719
684.068 347.480 0.521 1735
683.948 347.759 0.522 1735
683.868 348.038 0.521 1735
683.708 348.316 0.522 1751
683.588 348.635 0.522 1751
683.427 348.953 0.522 1767
683.267 349.272 0.522 1767
683.147 349.590 0.522 1767
683.027 349.988 0.522 1784
682.907 350.307 0.521 1784
682.786 350.665 0.522 1784
682.706 350.983 0.522 1800
682.586 351.342 0.522 1816
682.386 351.660 0.521 1816
682.265 352.018 0.522 1816
682.145 352.377 0.522 1832
682.065 352.735 0.522 1849
681.945 353.053 0.522 1849
681.825 353.372 0.522 1849
681.745 353.730 0.522 1865
681.624 354.088 0.522 1865
681.504 354.407 0.522 1865
681.384 354.805 0.521 1881
681.264 355.163 0.522 1881
681.144 355.561 0.522 1897
680.983 355.920 0.522 1897
680.903 356.238 0.522 1913
680.783 356.596 0.522 1913
680.703 356.995 0.522 1929
680.543 357.313 0.522 1929
680.503 357.631 0.522 1929
680.382 357.910 0.522 1946
680.302 358.229 0.522 1962
680.182 358.547 0.522 1962
680.102 358.865 0.523 1962
679.942 359.184 0.522 1978
679.821 359.542 0.523 1978
679.661 359.901 0.523 1978
679.541 360.259 0.523 1994
679.381 360.617 0.523 2011
679.260 361.015 0.523 2011
679.140 361.373 0.523 2011
678.980 361.771 0.522 2027
678.860 362.170 0.523 2027
678.740 362.528 0.523 2043
678.579 362.886 0.522 2043
678.499 363.244 0.522 2060
678.339 363.603 0.523 2060
678.219 364.001 0.523 2060
678.099 364.359 0.523 2076
677.978 364.717 0.523 2076
677.858 365.076 0.523 2092
677.738 365.434 0.523 2092
677.618 365.752 0.523 2092
677.538 366.071 0.523 2108
677.417 366.429 0.523 2125
677.337 366.787 0.523 2125
677.257 367.106 0.523 2125
677.177 367.424 0.523 2141
677.057 367.703 0.523 2141
676.977 368.021 0.523 2141
676.856 368.340 0.523 2157
676.656 368.658 0.523 2174
676.536 369.017 0.523 2174
676.416 369.335 0.524 2174
676.255 369.654 0.523 2190
676.135 370.012 0.523 2190
676.015 370.330 0.523 2206
675.895 370.649 0.524 2206
675.735 370.967 0.524 2206
675.614 371.286 0.523 2222
675.494 371.604 0.524 2222
675.414 371.923 0.524 2239
675.294 372.241 0.523 2239
675.174 372.599 0.524 2255
675.053 372.918 0.524 2255
674.893 373.236 0.523 2255
674.813 373.594 0.524 2271
674.653 373.953 0.523 2287
674.492 374.271 0.524 2287
674.372 374.590 0.523 2287
674.212 374.948 0.524 2304
674.092 375.267 0.523 2304
673.932 375.625 0.524 2304
673.771 375.983 0.524 2320
673.651 376.302 0.524 2336
673.491 376.660 0.524 2336
673.371 376.978 0.524 2336
673.250 377.297 0.524 2352
673.130 377.575 0.524 2352
673.010 377.894 0.524 2368
672.890 378.252 0.524 2368
672.770 378.571 0.524 2385
672.649 378.889 0.524 2385
672.489 379.208 0.524 2385
672.369 379.486 0.524 2401
672.209 379.805 0.524 2401
672.129 380.123 0.524 2417
672.008 380.402 0.523 2417
671.888 380.720 0.524 2417
671.768 381.039 0.524 2433
671.688 381.317 0.524 2449
671.568 381.636 0.524 2449
671.447 381.954 0.524 2449
671.327 382.273 0.523 2466
671.207 382.591 0.524 2482
671.127 382.950 0.524 2482
671.007 383.228 0.524 2482
670.886 383.507 0.524 2498
670.806 383.786 0.524 2498
670.726 384.064 0.524 2498
670.606 384.343 0.524 2514
670.526 384.582 0.524 2514
670.406 384.860 0.524 2531
670.326 385.139 0.524 2531
670.245 385.418 0.524 2531
670.165 385.696 0.524 2547
670.085 385.975 0.524 2563
669.965 386.254 0.524 2563
669.885 386.532 0.524 2563
669.845 386.811 0.524 2579
669.765 387.050 0.524 2579
669.685 387.289 0.524 2579
669.604 387.527 0.524 2596
669.564 387.806 0.524 2612
669.484 388.045 0.524 2612
669.364 388.284 0.524 2612
669.324 388.483 0.524 2628
669.244 388.682 0.524 2644
669.204 388.881 0.524 2644
669.124 389.080 0.524 2644
669.043 389.279 0.524 2661
669.003 389.478 0.524 2661
668.883 389.717 0.524 2661
668.803 389.956 0.524 2677
668.723 390.195 0.524 2677
668.643 390.433 0.524 2693
668.523 390.672 0.524 2693
668.442 390.871 0.524 2693
668.362 391.110 0.525 2709
668.282 391.349 0.524 2725
668.202 391.548 0.524 2725
668.122 391.787 0.524 2725
668.042 391.986 0.524 2742
667.922 392.185 0.524 2758
667.841 392.464 0.525 2758
667.761 392.663 0.524 2758
667.681 392.902 0.525 2774
667.601 393.101 0.524 2774
667.521 393.339 0.524 2774
667.441 393.578 0.524 2790
667.361 393.817 0.524 2807
667.280 394.016 0.524 2807
667.240 394.255 0.525 2807
667.160 394.494 0.524 2823
667.080 394.693 0.524 2823
667.040 394.972 0.524 2839
666.960 395.210 0.524 2839
666.840 395.489 0.525 2839
666.800 395.728 0.525 2855
666.720 396.007 0.525 2855
666.559 396.285 0.525 2872
666.479 396.564 0.525 2872
666.439 396.803 0.525 2888
666.319 397.081 0.525 2888
666.239 397.400 0.525 2888
666.159 397.679 0.524 2904
666.078 397.917 0.525 2920
665.958 398.196 0.525 2920
665.838 398.475 0.525 2920
665.758 398.714 0.525 2937
665.678 398.992 0.525 2937
665.558 399.231 0.525 2937
665.477 399.470 0.525 2953
665.397 399.749 0.525 2969
665.317 399.987 0.525 2969
665.237 400.226 0.525 2969
665.157 400.425 0.524 2985
665.077 400.704 0.525 2985
664.957 400.943 0.525 3001
664.876 401.222 0.525 3001
664.796 401.460 0.525 3001
664.716 401.739 0.525 3017
664.636 402.058 0.525 3034
664.516 402.336 0.525 3034
664.436 402.575 0.525 3034
664.356 402.854 0.525 3050
664.275 403.132 0.525 3050
664.195 403.411 0.525 3050
664.115 403.690 0.525 3066
664.035 403.968 0.525 3082
663.955 404.207 0.525 3082
663.835 404.526 0.525 3082
663.755 404.804 0.525 3098
663.674 405.083 0.525 3115
663.594 405.401 0.525 3115
663.474 405.680 0.525 3115
663.394 405.999 0.525 3131
663.274 406.317 0.525 3131
663.194 406.596 0.525 3131
663.114 406.954 0.525 3147
662.993 407.272 0.525 3147
662.913 407.591 0.525 3164
662.833 407.949 0.525 3164
662.673 408.268 0.525 3164
662.593 408.546 0.525 3180
662.472 408.865 0.525 3196
662.392 409.183 0.525 3196
662.312 409.462 0.525 3196
662.232 409.701 0.525 3213
662.152 409.940 0.525 3213
662.072 410.218 0.525 3213
661.992 410.457 0.525 3229
661.912 410.736 0.525 3245
661.791 411.014 0.525 3245
661.711 411.293 0.525 3245
661.631 411.612 0.525 3261
661.551 411.850 0.525 3277
661.431 412.129 0.525 3277
661.351 412.408 0.525 3277
661.270 412.647 0.525 3294
661.150 412.925 0.525 3294
661.070 413.164 0.525 3294
660.990 413.403 0.525 3310
660.910 413.682 0.525 3310
660.830 414.000 0.525 3326
660.669 414.239 0.525 3326
660.589 414.518 0.525 3342
660.509 414.796 0.525 3342
660.429 415.075 0.525 3358
660.349 415.314 0.525 3358
660.269 415.552 0.525 3358
660.189 415.791 0.525 3375
660.109 416.030 0.525 3375
659.988 416.269 0.525 3375
659.948 416.588 0.525 3391
659.828 416.826 0.525 3407
659.748 417.065 0.525 3407
659.668 417.304 0.525 3407
659.588 417.543 0.525 3423
659.508 417.782 0.525 3439
659.427 418.021 0.525 3439
659.347 418.259 0.525 3439
659.267 418.498 0.525 3455
659.147 418.777 0.525 3455
659.067 418.976 0.525 3456
658.947 419.175 0.525 3471
658.866 419.414 0.525 3488
658.746 419.573 0.525 3488
658.626 419.772 0.525 3488
658.546 419.971 0.525 3505
658.466 420.210 0.525 3505
658.386 420.409 0.525 3521
658.265 420.608 0.525 3521
658.185 420.807 0.525 3522
658.065 421.046 0.525 3537
657.985 421.285 0.525 3537
657.865 421.484 0.525 3553
657.785 421.683 0.525 3553
657.664 421.842 0.525 3569
657.584 422.001 0.525 3569
657.464 422.201 0.525 3569
657.344 422.320 0.525 3585
657.264 422.479 0.525 3601
657.144 422.638 0.525 3601
657.023 422.798 0.525 3601
656.863 422.957 0.525 3618
656.743 423.116 0.525 3634
656.583 423.315 0.525 3634
656.422 423.514 0.526 3634
656.262 423.673 0.526 3650
656.102 423.872 0.525 3650
655.982 424.032 0.525 3650
655.821 424.191 0.526 3666
655.701 424.390 0.526 3666
655.541 424.549 0.526 3682
655.421 424.748 0.526 3682
655.301 424.908 0.526 3698
655.180 425.107 0.527 3698
655.020 425.306 0.526 3714
654.900 425.505 0.527 3714
654.780 425.664 0.526 3714
654.659 425.823 0.526 3731
654.539 426.062 0.526 3731
654.379 426.221 0.526 3731
654.299 426.341 0.526 3747
654.139 426.500 0.526 3763
654.018 426.619 0.526 3763
653.898 426.778 0.527 3763
653.738 426.898 0.527 3779
653.618 427.017 0.527 3795
653.417 427.137 0.528 3795
653.257 427.256 0.528 3795
653.137 427.376 0.530 3811
652.977 427.455 0.531 3811
652.856 427.575 0.532 3811
652.696 427.654 0.533 3827
652.536 427.774 0.535 3844
652.416 427.893 0.536 3844
652.255 428.013 0.537 3844
652.095 428.132 0.537 3860
651.975 428.251 0.538 3860
651.815 428.411 0.538 3876
651.654 428.490 0.538 3876
651.494 428.570 0.539 3892
651.374 428.649 0.540 3892
651.214 428.689 0.541 3892
651.053 428.729 0.543 3908
650.893 428.809 0.544 3908
650.773 428.888 0.545 3924
650.613 428.968 0.546 3924
650.372 429.048 0.547 3940
650.172 429.167 0.547 3940
650.012 429.286 0.548 3956
649.811 429.406 0.548 3956
649.651 429.485 0.548 3956
649.451 429.565 0.548 3972
649.290 429.645 0.549 3972
649.130 429.685 0.549 3972
648.930 429.724 0.552 3989
648.770 429.844 0.555 4005
648.609 429.844 0.559 4005
648.409 429.884 0.563 4005
648.249 429.923 0.565 4021
648.048 430.003 0.566 4037
647.848 430.122 0.567 4037
647.608 430.242 0.567 4037
647.407 430.361 0.567 4054
647.127 430.481 0.568 4054
646.927 430.600 0.567 4054
646.726 430.719 0.567 4070
646.526 430.839 0.568 4070
646.286 430.919 0.568 4086
646.085 430.998 0.568 4086
645.845 431.078 0.568 4102
645.644 431.118 0.569 4102
645.404 431.157 0.569 4118
645.124 431.157 0.570 4118
644.883 431.157 0.570 4118
644.603 431.157 0.571 4134
644.322 431.157 0.572 4150
644.082 431.157 0.573 4150
643.841 431.118 0.575 4150
643.561 431.118 0.576 4166
643.321 431.118 0.579 4166
643.080 431.157 0.580 4166
642.840 431.157 0.581 4183
642.599 431.157 0.582 4199
642.399 431.157 0.583 4199
642.159 431.157 0.582 4199
641.918 431.157 0.584 4215
641.678 431.118 0.584 4215
641.477 431.078 0.585 4231
641.277 430.998 0.587 4231
641.077 430.919 0.589 4247
640.876 430.759 0.592 4247
640.676 430.640 0.594 4247
640.436 430.520 0.596 4263
640.235 430.520 0.597 4263
640.035 430.401 0.597 4279
639.795 430.282 0.597 4279
639.554 430.122 0.598 4296
639.354 429.963 0.598 4296
639.154 429.764 0.598 4312
638.953 429.605 0.598 4312
638.753 429.366 0.599 4312
638.593 429.127 0.598 4328
638.432 428.888 0.598 4328
638.272 428.610 0.599 4328
638.112 428.331 0.599 4344
637.992 428.092 0.598 4360
637.831 427.813 0.598 4360
637.711 427.575 0.598 4360
637.631 427.296 0.599 4377
637.511 427.017 0.599 4393
637.431 426.739 0.599 4393
637.351 426.460 0.599 4393
637.270 426.181 0.598 4409
637.230 425.863 0.599 4409
637.190 425.544 0.598 4409
637.150 425.266 0.599 4425
637.110 424.987 0.599 4441
637.070 424.708 0.598 4441
637.030 424.390 0.599 4441
636.990 424.072 0.599 4458
636.950 423.753 0.598 4458
636.950 423.395 0.599 4474
636.910 423.076 0.599 4474
636.910 422.718 0.598 4490
636.910 422.320 0.599 4490
636.910 421.962 0.598 4490
636.910 421.564 0.598 4506
636.910 421.126 0.598 4506
636.990 420.728 0.598 4522
637.110 420.330 0.598 4522
637.190 419.931 0.599 4522
637.270 419.573 0.598 4538
637.351 419.215 0.598 4555
637.471 418.896 0.599 4555
637.551 418.538 0.598 4555
637.631 418.220 0.598 4572
637.751 417.941 0.598 4572
637.871 417.623 0.598 4572
637.992 417.304 0.598 4588
638.112 416.986 0.598 4604
638.272 416.627 0.597 4604
638.432 416.269 0.599 4604
638.593 415.911 0.598 4620
638.753 415.552 0.598 4620
638.993 415.154 0.598 4620
639.154 414.836 0.598 4636
639.274 414.518 0.598 4653
639.434 414.239 0.599 4653
639.554 413.920 0.598 4653
639.715 413.682 0.599 4669
639.875 413.482 0.599 4669
640.035 413.244 0.598 4685
640.235 413.005 0.599 4685
640.436 412.766 0.599 4701
640.676 412.487 0.599 4701
640.957 412.209 0.599 4717
641.237 411.930 0.599 4717
641.518 411.572 0.599 4717
641.838 411.253 0.599 4733
642.119 410.975 0.599 4733
642.399 410.696 0.599 4733
642.679 410.417 0.599 4749
642.920 410.218 0.598 4766
643.160 410.019 0.598 4766
643.401 409.820 0.599 4766
643.641 409.621 0.598 4782
643.922 409.462 0.599 4798
644.202 409.223 0.599 4798
644.563 408.984 0.599 4798
644.923 408.705 0.599 4814
645.284 408.427 0.599 4814
645.644 408.108 0.599 4814
646.045 407.790 0.598 4831
646.406 407.511 0.599 4847
646.766 407.272 0.598 4847
647.087 406.994 0.599 4847
647.367 406.755 0.598 4863
647.688 406.556 0.599 4863
647.928 406.357 0.599 4879
648.209 406.198 0.599 4879
648.449 406.038 0.599 4879
648.770 405.879 0.599 4895
649.050 405.680 0.599 4911
649.371 405.481 0.599 4911
649.731 405.282 0.599 4911
650.092 405.083 0.599 4927
650.452 404.804 0.599 4927
650.893 404.526 0.599 4927
651.294 404.247 0.599 4944
651.694 403.968 0.599 4960
652.095 403.729 0.599 4960
652.496 403.530 0.599 4960
652.897 403.331 0.599 4976
653.217 403.132 0.599 4992
653.578 402.933 0.599 4992
653.938 402.774 0.599 4992
654.299 402.615 0.599 5008
654.619 402.456 0.599 5008
654.940 402.296 0.599 5008
655.260 402.137 0.599 5024
655.541 401.938 0.599 5041
655.901 401.779 0.599 5041
656.182 401.620 0.599 5041
656.462 401.500 0.599 5057
656.783 401.341 0.599 5057
657.184 401.222 0.599 5073
657.504 401.062 0.599 5073
657.865 400.903 0.599 5073
658.225 400.744 0.599 5089
658.586 400.585 0.599 5089
658.906 400.385 0.599 5089
659.267 400.186 0.599 5105
659.588 399.948 0.599 5121
659.908 399.709 0.599 5121
660.269 399.430 0.599 5121
660.589 399.191 0.599 5137
660.910 398.913 0.599 5154
661.230 398.674 0.599 5154
661.551 398.435 0.599 5154
661.871 398.196 0.599 5170
662.192 397.957 0.599 5170
662.513 397.718 0.599 5170
662.833 397.519 0.599 5186
663.234 397.280 0.600 5202
663.554 397.042 0.599 5202
663.915 396.803 0.599 5202
664.275 396.564 0.599 5218
664.676 396.285 0.599 5218
665.077 395.967 0.599 5234
665.477 395.688 0.599 5234
665.918 395.370 0.599 5234
666.399 395.051 0.600 5251
666.840 394.693 0.599 5267
667.240 394.414 0.600 5267
667.641 394.136 0.600 5267
668.002 393.817 0.600 5283
668.402 393.578 0.599 5283
668.763 393.300 0.600 5283
669.124 393.061 0.600 5299
669.564 392.822 0.600 5315
669.965 392.583 0.600 5315
670.406 392.265 0.600 5315
670.846 391.986 0.600 5332
671.327 391.667 0.600 5348
671.848 391.349 0.599 5348
672.329 391.031 0.600 5348
672.890 390.672 0.600 5364
673.451 390.314 0.600 5364
674.012 389.836 0.600 5364
674.573 389.398 0.600 5380
675.214 388.881 0.600 5380
675.895 388.284 0.600 5396
676.576 387.567 0.599 5396
677.257 386.851 0.600 5412
678.018 385.935 0.600 5412
678.900 384.900 0.600 5428
679.821 383.706 0.597 5428
680.943 382.313 0.574 5428
682.225 380.760 0.543 5445

