% x_coordinate y_coordinate pressure time
% shape 0, 1247 points
743.407 289.957 0.303 289
743.728 289.798 0.305 289
744.048 289.639 0.306 305
744.329 289.519 0.307 321
744.569 289.400 0.307 321
744.770 289.320 0.308 321
744.970 289.281 0.308 337
745.130 289.241 0.309 337
745.331 289.241 0.309 354
745.451 289.201 0.308 354
745.611 289.201 0.309 370
745.771 289.201 0.309 370
745.932 289.201 0.309 370
746.052 289.161 0.310 386
746.172 289.121 0.309 386
746.332 289.081 0.310 402
746.492 289.002 0.310 402
746.613 288.922 0.310 402
746.733 288.843 0.310 418
746.893 288.763 0.310 434
747.013 288.723 0.310 434
747.174 288.604 0.310 434
747.294 288.524 0.311 450
747.414 288.484 0.311 450
747.534 288.405 0.311 450
747.654 288.365 0.311 467
747.735 288.285 0.311 483
747.855 288.206 0.311 483
747.975 288.126 0.311 483
748.135 288.007 0.311 499
748.255 287.887 0.311 515
748.456 287.728 0.311 515
748.616 287.609 0.311 515
748.776 287.449 0.312 531
748.937 287.290 0.312 531
749.057 287.171 0.312 531
749.177 287.051 0.312 548
749.297 286.932 0.312 564
749.377 286.852 0.313 564
749.497 286.733 0.313 564
749.618 286.653 0.313 580
749.738 286.573 0.313 580
749.858 286.454 0.313 596
750.058 286.255 0.313 596
750.219 286.136 0.314 596
750.379 285.976 0.314 612
750.579 285.777 0.314 612
750.780 285.618 0.314 612
750.980 285.419 0.316 629
751.180 285.260 0.318 645
751.341 285.101 0.320 645
751.501 284.941 0.321 645
751.661 284.822 0.321 661
751.781 284.742 0.322 677
751.901 284.663 0.323 677
752.022 284.583 0.323 677
752.102 284.504 0.323 693
752.222 284.424 0.323 693
752.342 284.305 0.324 693
752.422 284.185 0.324 710
752.543 284.066 0.324 726
752.663 283.906 0.324 726
752.783 283.787 0.324 726
752.943 283.628 0.325 742
753.063 283.508 0.325 742
753.184 283.389 0.325 758
753.304 283.269 0.325 758
753.424 283.150 0.325 758
753.544 283.031 0.325 774
753.664 282.911 0.326 774
753.745 282.792 0.326 791
753.865 282.712 0.326 791
753.985 282.593 0.326 807
754.065 282.473 0.326 807
754.185 282.354 0.326 807
754.306 282.234 0.326 823
754.426 282.155 0.326 839
754.546 282.035 0.326 839
754.666 281.916 0.326 839
754.786 281.836 0.326 856
754.906 281.717 0.326 856
755.027 281.558 0.326 856
755.147 281.438 0.326 872
755.267 281.319 0.326 888
755.347 281.239 0.326 888
755.427 281.120 0.326 888
755.508 281.040 0.326 904
755.628 280.961 0.326 904
755.748 280.881 0.326 921
755.828 280.801 0.327 921
755.908 280.722 0.326 937
755.988 280.602 0.327 937
756.068 280.483 0.327 937
756.149 280.363 0.327 953
756.269 280.244 0.327 953
756.349 280.125 0.327 969
756.469 280.005 0.327 969
756.549 279.846 0.327 969
756.629 279.727 0.327 985
756.710 279.567 0.327 1002
756.790 279.408 0.328 1002
756.870 279.249 0.330 1002
756.950 279.129 0.332 1018
757.030 278.970 0.333 1018
757.150 278.811 0.334 1018
757.270 278.652 0.334 1034
757.351 278.492 0.334 1050
757.471 278.333 0.335 1050
757.591 278.214 0.335 1050
757.671 278.055 0.335 1066
757.791 277.895 0.335 1083
757.871 277.776 0.335 1083
757.952 277.617 0.335 1083
758.032 277.497 0.335 1099
758.192 277.378 0.336 1099
758.272 277.219 0.337 1115
758.392 277.099 0.338 1115
758.472 276.940 0.340 1115
758.553 276.781 0.341 1131
758.633 276.621 0.342 1131
758.753 276.502 0.342 1147
758.833 276.383 0.343 1147
758.913 276.223 0.343 1163
759.033 276.104 0.344 1163
759.114 275.945 0.344 1163
759.194 275.825 0.344 1180
759.234 275.666 0.344 1196
759.314 275.547 0.344 1196
759.394 275.427 0.344 1196
759.434 275.308 0.345 1212
759.514 275.188 0.346 1212
759.594 275.069 0.347 1212
759.674 274.910 0.349 1228
759.715 274.790 0.352 1244
759.795 274.671 0.354 1244
759.875 274.512 0.356 1244
759.955 274.392 0.357 1261
759.995 274.273 0.358 1261
760.075 274.153 0.358 1277
760.115 274.034 0.359 1277
760.155 273.914 0.359 1277
760.195 273.795 0.360 1293
760.275 273.636 0.361 1293
760.315 273.477 0.363 1309
760.436 273.357 0.367 1309
760.516 273.198 0.370 1325
760.596 273.039 0.373 1325
760.676 272.919 0.376 1325
760.756 272.800 0.379 1341
760.836 272.680 0.381 1357
760.876 272.561 0.382 1357
760.957 272.481 0.383 1357
761.037 272.362 0.384 1374
761.077 272.243 0.384 1390
761.117 272.123 0.384 1390
761.197 272.043 0.384 1390
761.277 271.924 0.385 1406
761.357 271.765 0.385 1406
761.437 271.606 0.385 1406
761.477 271.446 0.386 1422
761.598 271.287 0.386 1422
761.678 271.088 0.389 1438
761.758 270.929 0.392 1438
761.878 270.730 0.393 1438
761.998 270.571 0.395 1454
762.078 270.411 0.396 1471
762.159 270.252 0.397 1471
762.239 270.133 0.398 1471
762.319 269.934 0.399 1487
762.359 269.774 0.399 1487
762.439 269.655 0.399 1487
762.519 269.496 0.400 1503
762.599 269.337 0.399 1519
762.639 269.177 0.400 1519
762.760 269.018 0.400 1519
762.840 268.859 0.400 1535
762.920 268.660 0.400 1552
763.000 268.501 0.401 1552
763.080 268.341 0.402 1552
763.120 268.182 0.403 1568
763.160 268.023 0.405 1568
763.200 267.903 0.407 1568
763.200 267.784 0.408 1584
763.240 267.625 0.408 1584
763.280 267.505 0.409 1600
763.321 267.386 0.409 1600
763.401 267.227 0.409 1617
763.481 267.107 0.409 1617
763.521 266.988 0.409 1633
763.601 266.829 0.409 1633
763.681 266.709 0.410 1633
763.761 266.550 0.410 1649
763.801 266.431 0.410 1649
763.881 266.311 0.410 1649
763.922 266.192 0.410 1665
763.962 266.072 0.410 1681
764.002 265.993 0.411 1681
764.042 265.873 0.410 1681
764.082 265.754 0.411 1698
764.122 265.674 0.411 1714
764.162 265.515 0.411 1714
764.202 265.356 0.411 1714
764.242 265.236 0.411 1730
764.282 265.117 0.411 1730
764.322 264.958 0.411 1730
764.402 264.838 0.411 1746
764.442 264.679 0.411 1762
764.482 264.520 0.411 1762
764.563 264.400 0.412 1763
764.603 264.281 0.412 1778
764.683 264.161 0.413 1778
764.763 264.042 0.412 1794
764.803 263.962 0.413 1794
764.843 263.843 0.413 1810
764.923 263.763 0.413 1810
764.963 263.644 0.413 1826
765.043 263.564 0.413 1826
765.124 263.445 0.413 1827
765.164 263.325 0.413 1842
765.244 263.166 0.412 1859
765.324 263.007 0.413 1859
765.364 262.848 0.413 1860
765.404 262.649 0.413 1875
765.484 262.490 0.413 1875
765.524 262.290 0.413 1875
765.604 262.131 0.413 1891
765.684 261.932 0.413 1891
765.765 261.733 0.415 1907
765.845 261.574 0.415 1907
765.965 261.415 0.416 1923
766.045 261.216 0.416 1923
766.165 261.056 0.416 1939
766.205 260.937 0.416 1939
766.286 260.738 0.416 1939
766.366 260.539 0.416 1955
766.406 260.380 0.417 1955
766.486 260.181 0.417 1955
766.526 259.982 0.416 1971
766.606 259.783 0.417 1987
766.686 259.544 0.417 1987
766.766 259.345 0.417 1987
766.886 259.146 0.417 2003
766.927 258.947 0.417 2019
767.007 258.747 0.417 2019
767.047 258.588 0.418 2019
767.127 258.389 0.417 2035
767.167 258.230 0.418 2035
767.207 258.111 0.418 2051
767.247 257.991 0.418 2051
767.287 257.912 0.418 2051
767.327 257.792 0.418 2067
767.367 257.673 0.418 2083
767.407 257.553 0.418 2083
767.407 257.434 0.418 2083
767.447 257.314 0.418 2100
767.487 257.195 0.418 2100
767.487 257.076 0.418 2100
767.487 256.956 0.418 2116
767.528 256.837 0.419 2132
767.528 256.717 0.418 2132
767.528 256.638 0.419 2132
767.568 256.518 0.419 2148
767.568 256.399 0.419 2148
767.568 256.279 0.419 2164
767.608 256.120 0.419 2164
767.648 256.001 0.419 2180
767.688 255.881 0.419 2180
767.688 255.722 0.419 2180
767.688 255.603 0.419 2196
767.728 255.443 0.419 2196
767.768 255.324 0.419 2212
767.768 255.244 0.419 2212
767.808 255.165 0.419 2228
767.808 255.085 0.419 2228
767.808 255.045 0.419 2244
767.808 255.045 0.418 2260
767.808 255.045 0.417 2276
767.808 255.125 0.417 2276
767.808 255.244 0.418 2276
767.808 255.404 0.418 2292
767.808 255.603 0.418 2292
767.768 255.842 0.419 2292
767.688 256.041 0.419 2308
767.648 256.359 0.419 2325
767.528 256.598 0.420 2325
767.447 256.876 0.419 2325
767.407 257.115 0.420 2342
767.327 257.434 0.420 2342
767.207 257.752 0.420 2358
767.127 258.071 0.420 2358
767.047 258.389 0.420 2358
766.927 258.787 0.420 2374
766.806 259.146 0.420 2390
766.646 259.504 0.420 2390
766.526 259.862 0.420 2390
766.406 260.220 0.420 2406
766.286 260.579 0.420 2406
766.165 260.937 0.420 2406
766.085 261.295 0.421 2422
765.965 261.574 0.420 2438
765.885 261.892 0.420 2438
765.765 262.211 0.421 2438
765.644 262.490 0.420 2454
765.524 262.848 0.420 2454
765.404 263.206 0.420 2470
765.284 263.564 0.420 2470
765.124 263.883 0.420 2486
764.963 264.241 0.421 2486
764.763 264.599 0.420 2487
764.563 264.918 0.421 2502
764.402 265.236 0.421 2502
764.242 265.595 0.421 2518
764.082 265.913 0.421 2518
763.922 266.192 0.421 2518
763.761 266.510 0.421 2535
763.601 266.829 0.421 2551
763.481 267.107 0.421 2551
763.321 267.426 0.421 2552
763.200 267.784 0.422 2567
763.080 268.102 0.422 2583
762.960 268.381 0.424 2583
762.800 268.700 0.425 2584
762.679 268.978 0.426 2599
762.479 269.257 0.428 2599
762.359 269.536 0.431 2600
762.239 269.814 0.434 2615
762.078 270.093 0.437 2631
761.998 270.372 0.440 2631
761.918 270.610 0.443 2632
761.838 270.849 0.446 2647
761.798 271.048 0.448 2647
761.718 271.287 0.451 2663
761.678 271.486 0.456 2663
761.598 271.685 0.459 2663
761.518 271.844 0.463 2679
761.437 272.043 0.466 2679
761.357 272.282 0.468 2695
761.277 272.521 0.469 2695
761.157 272.720 0.470 2711
761.117 272.959 0.471 2711
761.037 273.158 0.472 2711
760.957 273.357 0.473 2727
760.876 273.556 0.474 2744
760.796 273.715 0.475 2744
760.716 273.914 0.476 2744
760.556 274.074 0.477 2760
760.476 274.233 0.479 2760
760.396 274.392 0.480 2776
760.315 274.551 0.481 2776
760.195 274.750 0.482 2792
760.155 274.949 0.484 2792
760.075 275.109 0.485 2792
759.995 275.308 0.486 2808
759.915 275.467 0.486 2808
759.875 275.626 0.487 2824
759.795 275.785 0.487 2824
759.755 275.945 0.487 2840
759.715 276.144 0.488 2840
759.674 276.343 0.488 2856
759.594 276.542 0.488 2856
759.514 276.741 0.488 2856
759.434 276.980 0.488 2872
759.394 277.179 0.489 2872
759.314 277.418 0.489 2872
759.274 277.577 0.489 2888
759.234 277.776 0.489 2904
759.194 277.975 0.490 2904
759.154 278.174 0.490 2905
759.114 278.333 0.490 2920
759.073 278.532 0.490 2936
759.033 278.731 0.490 2936
758.993 278.891 0.490 2937
758.913 279.090 0.490 2952
758.873 279.368 0.490 2952
758.833 279.567 0.491 2952
758.713 279.766 0.491 2969
758.633 280.005 0.491 2985
758.593 280.204 0.491 2985
758.513 280.403 0.491 2985
758.472 280.602 0.491 3001
758.392 280.801 0.492 3001
758.312 281.000 0.492 3017
758.232 281.199 0.492 3017
758.192 281.398 0.493 3017
758.112 281.597 0.493 3033
758.072 281.797 0.494 3049
757.992 281.956 0.494 3049
757.952 282.155 0.495 3049
757.871 282.314 0.496 3065
757.831 282.473 0.496 3065
757.751 282.633 0.496 3065
757.671 282.792 0.497 3081
757.631 282.951 0.497 3097
757.551 283.070 0.497 3097
757.471 283.230 0.498 3097
757.391 283.349 0.498 3113
757.311 283.508 0.499 3129
757.230 283.707 0.500 3129
757.190 283.946 0.500 3129
757.110 284.145 0.500 3145
757.030 284.305 0.500 3145
756.990 284.504 0.500 3145
756.910 284.663 0.500 3161
756.870 284.822 0.500 3177
756.750 284.941 0.500 3177
756.710 285.101 0.500 3177
756.629 285.260 0.500 3193
756.589 285.379 0.501 3193
756.509 285.539 0.501 3209
756.469 285.698 0.501 3209
756.429 285.857 0.501 3209
756.389 285.976 0.501 3226
756.349 286.136 0.501 3226
756.269 286.295 0.501 3242
756.229 286.414 0.502 3242
756.189 286.573 0.502 3258
756.149 286.733 0.502 3258
756.109 286.852 0.502 3259
756.028 286.972 0.502 3274
755.988 287.091 0.502 3290
755.948 287.211 0.503 3290
755.908 287.370 0.503 3290
755.828 287.449 0.503 3306
755.788 287.609 0.503 3306
755.708 287.728 0.504 3322
755.668 287.887 0.504 3322
755.628 288.046 0.505 3322
755.588 288.166 0.505 3338
755.548 288.325 0.505 3354
755.467 288.445 0.506 3354
755.427 288.644 0.506 3354
755.387 288.763 0.506 3370
755.347 288.922 0.506 3370
755.347 289.042 0.508 3370
755.267 289.161 0.508 3386
755.227 289.241 0.508 3403
755.187 289.360 0.509 3403
755.147 289.480 0.510 3403
755.107 289.599 0.511 3419
755.027 289.718 0.512 3419
754.987 289.838 0.512 3435
754.947 289.957 0.513 3435
754.906 290.116 0.513 3451
754.786 290.236 0.513 3451
754.786 290.355 0.514 3468
754.746 290.475 0.514 3468
754.666 290.594 0.515 3468
754.626 290.714 0.515 3484
754.586 290.873 0.516 3484
754.506 291.032 0.516 3484
754.466 291.151 0.516 3500
754.386 291.311 0.516 3516
754.306 291.470 0.516 3516
754.265 291.589 0.516 3516
754.225 291.749 0.517 3533
754.145 291.868 0.516 3552
754.105 292.027 0.517 3552
754.065 292.147 0.517 3552
754.025 292.266 0.517 3568
753.985 292.386 0.517 3568
753.945 292.505 0.517 3568
753.905 292.585 0.517 3584
753.865 292.704 0.517 3584
753.825 292.823 0.517 3601
753.785 292.983 0.518 3601
753.745 293.102 0.517 3601
753.704 293.301 0.518 3617
753.664 293.421 0.518 3617
753.624 293.580 0.518 3633
753.544 293.699 0.518 3633
753.504 293.858 0.518 3649
753.464 294.018 0.518 3649
753.424 294.137 0.518 3649
753.344 294.257 0.518 3666
753.304 294.376 0.518 3682
753.264 294.495 0.518 3682
753.224 294.615 0.518 3682
753.184 294.734 0.518 3698
753.104 294.854 0.518 3698
753.104 294.973 0.518 3698
753.063 295.132 0.518 3714
752.983 295.292 0.519 3731
752.943 295.530 0.518 3731
752.863 295.690 0.519 3731
752.823 295.889 0.519 3747
752.743 296.088 0.519 3747
752.703 296.247 0.519 3763
752.663 296.406 0.519 3763
752.623 296.565 0.519 3780
752.543 296.685 0.519 3780
752.543 296.844 0.519 3780
752.503 296.964 0.519 3796
752.422 297.083 0.519 3796
752.382 297.242 0.519 3812
752.382 297.362 0.519 3812
752.342 297.481 0.519 3812
752.302 297.600 0.519 3828
752.262 297.760 0.520 3845
752.222 297.919 0.520 3845
752.222 298.038 0.519 3845
752.182 298.198 0.520 3861
752.142 298.317 0.520 3861
752.102 298.476 0.520 3861
752.062 298.596 0.520 3877
752.022 298.755 0.521 3894
751.982 298.914 0.522 3894
751.942 299.073 0.522 3894
751.901 299.233 0.523 3910
751.861 299.392 0.523 3910
751.821 299.551 0.523 3926
751.741 299.750 0.524 3926
751.701 299.909 0.524 3926
751.661 300.069 0.524 3942
751.621 300.268 0.524 3959
751.581 300.427 0.525 3959
751.541 300.546 0.525 3959
751.501 300.706 0.525 3975
751.461 300.825 0.525 3975
751.461 300.984 0.525 3975
751.421 301.104 0.525 3991
751.381 301.223 0.526 4007
751.341 301.342 0.526 4007
751.300 301.502 0.526 4007
751.260 301.581 0.527 4023
751.220 301.740 0.527 4040
751.140 301.860 0.527 4040
751.060 301.979 0.528 4040
751.020 302.099 0.529 4056
750.940 302.258 0.529 4056
750.900 302.378 0.530 4056
750.820 302.577 0.530 4072
750.740 302.696 0.531 4072
750.700 302.855 0.531 4088
750.619 302.975 0.531 4088
750.579 303.094 0.532 4105
750.539 303.253 0.532 4105
750.499 303.412 0.532 4121
750.459 303.532 0.533 4121
750.419 303.651 0.533 4121
750.379 303.811 0.533 4137
750.339 303.930 0.533 4137
750.299 304.049 0.533 4137
750.219 304.169 0.533 4154
750.219 304.288 0.533 4170
750.179 304.408 0.533 4170
750.139 304.527 0.534 4170
750.099 304.686 0.534 4186
750.058 304.846 0.534 4203
750.018 304.965 0.534 4203
749.978 305.124 0.534 4203
749.898 305.244 0.534 4219
749.858 305.363 0.534 4219
749.818 305.522 0.534 4219
749.738 305.682 0.534 4235
749.698 305.801 0.535 4235
749.658 305.960 0.534 4251
749.578 306.080 0.535 4251
749.538 306.239 0.535 4267
749.497 306.358 0.535 4267
749.417 306.478 0.535 4284
749.377 306.597 0.535 4284
749.337 306.717 0.535 4284
749.257 306.796 0.535 4300
749.217 306.916 0.536 4300
749.137 307.035 0.536 4300
749.097 307.234 0.536 4316
749.057 307.354 0.536 4332
749.017 307.473 0.536 4332
748.977 307.632 0.536 4332
748.937 307.791 0.536 4348
748.856 307.911 0.536 4364
748.816 308.070 0.536 4364
748.816 308.229 0.536 4364
748.776 308.349 0.537 4381
748.696 308.508 0.537 4381
748.656 308.627 0.537 4397
748.616 308.747 0.537 4397
748.536 308.906 0.537 4397
748.496 309.025 0.537 4413
748.416 309.145 0.537 4413
748.376 309.264 0.537 4430
748.295 309.384 0.537 4430
748.255 309.543 0.537 4446
748.215 309.662 0.537 4446
748.175 309.742 0.537 4446
748.135 309.861 0.537 4462
748.055 309.981 0.537 4479
748.015 310.100 0.537 4479
747.975 310.220 0.537 4479
747.895 310.379 0.537 4495
747.815 310.498 0.537 4495
747.775 310.658 0.537 4495
747.695 310.817 0.537 4511
747.614 311.016 0.537 4511
747.574 311.175 0.537 4527
747.494 311.295 0.537 4527
747.454 311.454 0.537 4544
747.414 311.573 0.537 4544
747.334 311.693 0.537 4560
747.294 311.852 0.537 4560
747.214 311.971 0.537 4560
747.174 312.130 0.537 4576
747.093 312.250 0.538 4576
747.053 312.369 0.537 4592
747.013 312.529 0.537 4592
746.973 312.648 0.538 4609
746.973 312.767 0.537 4609
746.933 312.887 0.537 4609
746.853 313.006 0.538 4625
746.813 313.126 0.538 4641
746.773 313.245 0.538 4641
746.733 313.325 0.538 4641
746.653 313.444 0.538 4657
746.613 313.564 0.538 4657
746.533 313.683 0.538 4657
746.492 313.802 0.538 4673
746.412 313.922 0.538 4690
746.372 314.041 0.538 4690
746.332 314.201 0.538 4690
746.252 314.320 0.539 4706
746.212 314.439 0.538 4706
746.172 314.519 0.538 4722
746.132 314.638 0.539 4722
746.052 314.758 0.538 4738
746.012 314.877 0.538 4738
745.972 314.957 0.538 4755
745.891 315.076 0.538 4755
745.851 315.196 0.538 4755
745.811 315.315 0.538 4771
745.771 315.435 0.538 4771
745.691 315.554 0.539 4771
745.651 315.673 0.539 4787
745.571 315.793 0.538 4803
745.491 315.952 0.539 4803
745.451 316.111 0.539 4803
745.371 316.231 0.539 4819
745.291 316.390 0.539 4836
745.250 316.589 0.539 4836
745.210 316.708 0.539 4836
745.130 316.868 0.539 4852
745.090 317.027 0.539 4852
744.970 317.146 0.539 4852
744.930 317.306 0.539 4868
744.850 317.465 0.539 4868
744.770 317.664 0.539 4884
744.730 317.823 0.539 4884
744.689 317.982 0.539 4901
744.609 318.142 0.539 4901
744.529 318.301 0.539 4917
744.489 318.460 0.539 4917
744.449 318.579 0.539 4917
744.369 318.739 0.539 4933
744.329 318.938 0.539 4933
744.249 319.057 0.539 4933
744.209 319.177 0.539 4950
744.129 319.296 0.539 4966
744.089 319.455 0.539 4966
743.968 319.575 0.539 4966
743.888 319.694 0.539 4982
743.808 319.774 0.539 4999
743.688 319.893 0.539 4999
743.608 320.013 0.540 4999
743.487 320.132 0.539 5015
743.407 320.212 0.540 5015
743.287 320.371 0.540 5015
743.207 320.490 0.539 5031
743.087 320.610 0.540 5031
743.007 320.729 0.540 5047
742.886 320.849 0.539 5047
742.806 320.968 0.540 5047
742.686 321.048 0.540 5064
742.526 321.127 0.540 5080
742.446 321.247 0.540 5080
742.326 321.326 0.540 5080
742.205 321.406 0.540 5097
742.085 321.525 0.540 5097
741.925 321.645 0.540 5097
741.765 321.764 0.541 5113
741.604 321.884 0.540 5129
741.444 322.043 0.540 5129
741.324 322.162 0.541 5129
741.164 322.282 0.541 5145
741.043 322.401 0.541 5162
740.923 322.481 0.541 5162
740.803 322.560 0.541 5162
740.683 322.640 0.540 5178
740.563 322.719 0.541 5178
740.442 322.799 0.541 5178
740.322 322.879 0.540 5194
740.242 322.958 0.541 5194
740.122 323.078 0.541 5210
740.002 323.157 0.540 5210
739.881 323.237 0.541 5226
739.801 323.317 0.541 5226
739.641 323.396 0.541 5243
739.521 323.476 0.542 5243
739.401 323.555 0.541 5243
739.280 323.595 0.541 5259
739.160 323.635 0.541 5259
739.040 323.675 0.540 5259
738.920 323.715 0.541 5275
738.800 323.755 0.541 5291
738.639 323.794 0.541 5291
738.519 323.874 0.542 5291
738.399 323.954 0.542 5307
738.279 324.033 0.542 5324
738.159 324.073 0.542 5324
738.038 324.153 0.542 5324
737.918 324.192 0.542 5340
737.798 324.232 0.542 5340
737.718 324.312 0.542 5340
737.638 324.352 0.542 5356
737.518 324.352 0.542 5373
737.437 324.391 0.543 5373
737.317 324.431 0.543 5373
737.197 324.431 0.543 5389
737.037 324.471 0.545 5389
736.876 324.471 0.547 5405
736.756 324.511 0.549 5405
736.596 324.551 0.550 5405
736.396 324.630 0.552 5421
736.195 324.710 0.552 5421
736.035 324.789 0.552 5438
735.875 324.909 0.553 5438
735.715 324.989 0.553 5454
735.514 325.068 0.553 5454
735.394 325.148 0.554 5454
735.234 325.188 0.554 5470
735.073 325.227 0.555 5487
734.953 325.267 0.556 5487
734.873 325.307 0.557 5487
734.753 325.347 0.560 5503
734.633 325.347 0.562 5503
734.513 325.387 0.564 5503
734.392 325.387 0.565 5519
734.272 325.427 0.565 5535
734.152 325.427 0.566 5535
734.032 325.466 0.566 5535
733.871 325.506 0.566 5551
733.751 325.546 0.566 5568
733.631 325.546 0.567 5568
733.471 325.665 0.567 5568
733.351 325.705 0.568 5584
733.230 325.705 0.570 5584
733.070 325.745 0.571 5584
732.950 325.745 0.573 5600
732.830 325.745 0.574 5600
732.709 325.785 0.575 5616
732.589 325.785 0.577 5616
732.429 325.785 0.578 5616
732.309 325.825 0.578 5633
732.149 325.864 0.579 5649
731.988 325.904 0.579 5649
731.828 325.984 0.579 5649
731.708 325.984 0.580 5665
731.548 326.024 0.580 5681
731.427 326.063 0.580 5681
731.307 326.063 0.581 5681
731.187 326.063 0.581 5698
731.067 326.063 0.582 5698
730.947 326.063 0.583 5698
730.826 326.063 0.584 5714
730.706 326.063 0.585 5714
730.586 326.024 0.586 5730
730.466 326.024 0.587 5730
730.346 326.024 0.587 5746
730.225 326.024 0.587 5746
730.065 326.024 0.588 5762
729.905 326.024 0.588 5762
729.785 325.984 0.588 5762
729.624 325.984 0.588 5779
729.424 325.904 0.589 5779
729.264 325.864 0.589 5795
729.104 325.825 0.591 5795
728.943 325.785 0.593 5811
728.783 325.745 0.594 5811
728.663 325.705 0.596 5811
728.503 325.665 0.596 5827
728.422 325.626 0.597 5844
728.302 325.626 0.598 5844
728.142 325.586 0.598 5844
728.022 325.586 0.599 5860
727.901 325.546 0.599 5860
727.781 325.506 0.599 5860
727.661 325.506 0.600 5876
727.541 325.466 0.600 5892
727.421 325.466 0.600 5892
727.301 325.427 0.600 5892
727.180 325.387 0.600 5909
727.020 325.347 0.601 5925
726.940 325.307 0.602 5925
726.820 325.267 0.602 5925
726.700 325.188 0.603 5941
726.539 325.108 0.604 5941
726.419 324.989 0.606 5941
726.259 324.909 0.607 5957
726.099 324.789 0.608 5957
725.938 324.670 0.608 5974
725.778 324.670 0.610 5974
725.658 324.551 0.610 5974
725.497 324.431 0.611 5990
725.337 324.272 0.612 6006
725.217 324.153 0.613 6006
725.137 324.033 0.614 6006
725.017 323.914 0.615 6022
724.937 323.794 0.615 6022
724.856 323.635 0.615 6022
724.776 323.516 0.617 6038
724.696 323.396 0.617 6055
724.616 323.277 0.617 6055
724.496 323.157 0.617 6055
724.376 323.078 0.617 6071
724.296 322.958 0.617 6087
724.175 322.799 0.618 6087
724.135 322.680 0.618 6087
724.015 322.520 0.617 6104
723.975 322.361 0.617 6104
723.895 322.202 0.617 6104
723.855 322.083 0.617 6120
723.775 321.923 0.618 6120
723.735 321.804 0.618 6136
723.694 321.685 0.618 6136
723.614 321.565 0.619 6152
723.574 321.446 0.619 6152
723.534 321.286 0.619 6169
723.494 321.127 0.619 6169
723.414 321.008 0.620 6169
723.374 320.849 0.620 6185
723.294 320.689 0.621 6185
723.214 320.570 0.621 6185
723.134 320.411 0.621 6201
723.094 320.291 0.621 6218
723.013 320.172 0.622 6218
722.973 320.052 0.622 6218
722.893 319.973 0.622 6234
722.853 319.853 0.622 6250
722.813 319.734 0.622 6250
722.773 319.575 0.622 6250
722.733 319.455 0.623 6266
722.653 319.336 0.623 6266
722.653 319.177 0.623 6266
722.613 319.017 0.624 6283
722.573 318.858 0.625 6299
722.533 318.739 0.625 6299
722.533 318.619 0.626 6299
722.533 318.500 0.626 6315
722.492 318.380 0.627 6315
722.492 318.261 0.627 6331
722.492 318.142 0.627 6331
722.452 318.022 0.628 6348
722.452 317.903 0.628 6348
722.452 317.823 0.627 6348
722.452 317.704 0.628 6364
722.452 317.624 0.629 6364
722.452 317.505 0.628 6380
722.452 317.425 0.628 6380
722.452 317.306 0.627 6380
722.452 317.226 0.627 6396
722.452 317.146 0.628 6413
722.452 317.067 0.627 6413
722.452 316.947 0.627 6413
722.492 316.868 0.628 6429
722.573 316.788 0.627 6429
722.613 316.629 0.628 6429
722.653 316.549 0.628 6445
722.693 316.430 0.628 6461
722.773 316.350 0.629 6461
722.933 316.231 0.628 6461
723.013 316.111 0.629 6478
723.134 315.992 0.629 6494
723.294 315.833 0.629 6494
723.414 315.673 0.629 6494
723.574 315.474 0.629 6510
723.694 315.315 0.629 6510
723.855 315.156 0.629 6510
723.975 314.957 0.630 6526
724.095 314.798 0.629 6526
724.215 314.678 0.630 6542
724.336 314.519 0.629 6542
724.456 314.400 0.630 6542
724.536 314.201 0.630 6558
724.696 314.041 0.630 6575
724.816 313.882 0.630 6575
724.937 313.723 0.630 6575
725.097 313.603 0.630 6591
725.257 313.444 0.630 6591
725.417 313.285 0.630 6591
725.618 313.126 0.630 6607
725.818 313.006 0.630 6623
725.978 312.847 0.630 6623
726.139 312.728 0.630 6623
726.339 312.568 0.630 6639
726.539 312.409 0.630 6656
726.740 312.250 0.630 6656
726.980 312.091 0.630 6656
727.180 311.892 0.630 6672
727.421 311.693 0.630 6672
727.661 311.494 0.630 6688
727.901 311.255 0.630 6688
728.102 311.056 0.630 6688
728.342 310.857 0.630 6705
728.543 310.658 0.630 6705
728.743 310.498 0.630 6705
728.983 310.339 0.631 6721
729.144 310.220 0.630 6737
729.344 310.100 0.631 6737
729.584 310.021 0.630 6737
729.785 309.901 0.631 6753
729.945 309.822 0.631 6770
730.145 309.742 0.630 6770
730.305 309.622 0.631 6770
730.506 309.543 0.631 6786
730.706 309.423 0.630 6786
730.906 309.304 0.631 6786
731.147 309.185 0.631 6802
731.347 309.065 0.631 6818
731.668 308.906 0.631 6818
731.868 308.787 0.631 6818
732.109 308.627 0.631 6835
732.349 308.508 0.631 6835
732.589 308.388 0.631 6851
732.830 308.229 0.631 6851
733.030 308.110 0.631 6851
733.270 307.990 0.632 6867
733.511 307.871 0.632 6867
733.711 307.791 0.632 6884
733.912 307.672 0.632 6884
734.152 307.553 0.632 6900
734.352 307.473 0.633 6900
734.553 307.354 0.632 6900
734.833 307.194 0.633 6916
735.073 307.075 0.633 6933
735.314 306.955 0.633 6933
735.514 306.796 0.633 6933
735.755 306.677 0.633 6949
735.995 306.518 0.633 6949
736.235 306.398 0.633 6949
736.436 306.239 0.633 6965
736.676 306.119 0.633 6981
736.917 306.000 0.633 6981
737.117 305.881 0.633 6981
737.357 305.761 0.633 6998
737.598 305.642 0.633 6998
737.878 305.562 0.633 7014
738.159 305.443 0.633 7014
738.359 305.323 0.633 7014
738.639 305.204 0.633 7030
738.880 305.084 0.633 7046
739.120 304.965 0.633 7046
739.361 304.806 0.633 7046
739.641 304.646 0.633 7063
739.881 304.527 0.633 7063
740.122 304.368 0.633 7063
740.362 304.248 0.633 7079
740.603 304.089 0.633 7095
740.803 303.930 0.633 7095
741.043 303.811 0.633 7095
741.244 303.651 0.633 7111
741.444 303.532 0.633 7128
741.644 303.412 0.634 7128
741.805 303.293 0.633 7128
742.005 303.174 0.633 7144
742.205 303.094 0.633 7144
742.406 302.975 0.633 7144
742.606 302.855 0.634 7161
742.806 302.696 0.634 7161
743.047 302.577 0.633 7177
743.287 302.378 0.634 7177
743.528 302.218 0.634 7177
743.728 302.059 0.633 7193
744.008 301.900 0.634 7210
744.209 301.740 0.633 7210
744.449 301.581 0.633 7210
744.609 301.422 0.633 7226
744.810 301.303 0.634 7226
744.970 301.143 0.633 7226
745.170 301.024 0.634 7242
745.331 300.905 0.634 7258
745.531 300.745 0.634 7258
745.731 300.626 0.633 7258
745.932 300.467 0.633 7274
746.132 300.307 0.634 7291
746.332 300.069 0.634 7291
746.573 299.870 0.633 7291
746.813 299.670 0.634 7307
747.053 299.471 0.634 7307
747.294 299.272 0.633 7307
747.454 299.073 0.634 7323
747.654 298.914 0.634 7323
747.855 298.755 0.634 7339
748.015 298.596 0.634 7339
748.215 298.476 0.634 7339
748.376 298.317 0.634 7355
748.576 298.198 0.634 7372
748.776 298.038 0.634 7372
748.937 297.919 0.634 7372
749.137 297.760 0.634 7388
749.377 297.600 0.634 7388
749.578 297.481 0.634 7388
749.858 297.362 0.634 7404
750.099 297.202 0.634 7420
750.339 297.083 0.634 7420
750.579 296.924 0.634 7420
750.780 296.725 0.634 7437
751.020 296.565 0.634 7453
751.260 296.406 0.634 7453
751.501 296.207 0.634 7453
751.741 296.048 0.635 7470
751.982 295.889 0.634 7470
752.182 295.729 0.634 7470
752.382 295.570 0.634 7486
752.583 295.371 0.634 7486
752.823 295.252 0.635 7502
753.063 295.093 0.634 7502
753.264 294.973 0.634 7518
753.504 294.814 0.634 7518
753.745 294.694 0.634 7534
753.985 294.535 0.634 7534
754.225 294.376 0.635 7534
754.466 294.217 0.634 7551
754.706 294.057 0.635 7551
754.947 293.938 0.635 7551
755.187 293.819 0.634 7567
755.387 293.699 0.634 7583
755.588 293.580 0.635 7583
755.748 293.500 0.635 7583
756.028 293.381 0.635 7599
756.229 293.301 0.635 7616
756.429 293.182 0.635 7616
756.669 293.022 0.635 7616
756.910 292.903 0.635 7632
757.190 292.744 0.634 7632
757.431 292.624 0.635 7632
757.711 292.465 0.635 7648
757.952 292.306 0.635 7664
758.232 292.147 0.635 7664
758.472 291.948 0.635 7664
758.713 291.788 0.635 7681
758.993 291.629 0.635 7681
759.234 291.470 0.635 7697
759.474 291.311 0.635 7697
759.715 291.151 0.635 7697
759.955 290.992 0.634 7713
760.195 290.833 0.635 7713
760.436 290.634 0.635 7730
760.676 290.475 0.635 7730
760.957 290.315 0.635 7746
761.197 290.196 0.635 7746
761.437 290.037 0.635 7746
761.678 289.878 0.635 7762
761.918 289.758 0.635 7778
762.199 289.599 0.635 7778
762.399 289.440 0.634 7778
762.639 289.281 0.635 7795
762.920 289.121 0.635 7795
763.120 288.962 0.635 7795
763.361 288.803 0.635 7811
763.601 288.683 0.635 7827
763.841 288.524 0.635 7827
764.082 288.365 0.635 7827
764.322 288.245 0.635 7843
764.563 288.086 0.635 7843
764.803 287.887 0.635 7859
765.043 287.728 0.635 7859
765.284 287.569 0.635 7876
765.524 287.370 0.635 7876
765.765 287.211 0.635 7876
765.965 287.051 0.635 7892
766.205 286.892 0.635 7892
766.446 286.733 0.635 7908
766.646 286.573 0.635 7908
766.846 286.414 0.635 7908
767.087 286.255 0.635 7924
767.287 286.056 0.635 7940
767.487 285.897 0.635 7940
767.728 285.738 0.635 7940
767.968 285.539 0.635 7957
768.209 285.379 0.635 7957
768.409 285.220 0.635 7957
768.649 285.061 0.635 7973
768.890 284.902 0.635 7989
769.090 284.782 0.635 7989
769.290 284.623 0.636 7989
769.491 284.464 0.636 8006
769.691 284.344 0.635 8022
769.891 284.185 0.635 8022
770.092 284.026 0.636 8022
770.292 283.906 0.635 8038
770.492 283.707 0.635 8038
770.693 283.588 0.635 8054
770.893 283.429 0.635 8054
771.134 283.309 0.636 8054
771.334 283.150 0.636 8071
771.534 283.031 0.635 8071
771.735 282.871 0.636 8071
771.935 282.752 0.636 8087
772.135 282.593 0.636 8103
772.336 282.433 0.636 8103
772.536 282.234 0.635 8103
772.736 282.075 0.636 8120
772.897 281.916 0.636 8136
773.097 281.757 0.636 8136
773.257 281.597 0.636 8136
773.457 281.478 0.636 8152
773.618 281.279 0.635 8152
773.818 281.120 0.636 8152
774.018 281.000 0.636 8168
774.219 280.841 0.636 8168
774.419 280.682 0.636 8185
774.579 280.523 0.636 8185
774.780 280.363 0.636 8185
775.020 280.204 0.636 8201
775.220 280.005 0.636 8217
775.421 279.846 0.636 8217
775.661 279.647 0.636 8217
775.861 279.448 0.636 8234
776.062 279.289 0.636 8234
776.262 279.090 0.636 8234
776.503 278.891 0.636 8250
776.743 278.691 0.636 8266
776.943 278.532 0.636 8266
777.103 278.373 0.635 8266
777.344 278.174 0.636 8282
777.504 278.015 0.636 8282
777.705 277.856 0.635 8299
777.905 277.736 0.636 8299
778.065 277.577 0.636 8315
778.265 277.418 0.636 8315
778.466 277.258 0.636 8331
778.666 277.099 0.636 8331
778.826 276.900 0.636 8331
779.027 276.661 0.636 8347
779.227 276.502 0.636 8347
779.427 276.303 0.636 8347
779.628 276.144 0.636 8364
779.828 275.945 0.636 8380
779.988 275.785 0.636 8380
780.189 275.626 0.636 8380
780.309 275.507 0.636 8396
780.469 275.348 0.636 8412
780.629 275.188 0.636 8412
780.830 275.069 0.636 8412
780.950 274.949 0.636 8428
781.150 274.790 0.636 8428
781.310 274.631 0.636 8428
781.471 274.512 0.636 8445
781.631 274.352 0.636 8461
781.791 274.193 0.636 8461
781.952 274.074 0.636 8461
782.072 273.954 0.636 8477
782.192 273.835 0.636 8477
782.392 273.676 0.636 8493
782.593 273.556 0.636 8493
782.713 273.437 0.636 8493
782.873 273.317 0.636 8510
783.033 273.198 0.636 8510
783.194 273.118 0.636 8510
783.314 272.999 0.636 8526
783.394 272.919 0.636 8542
783.514 272.840 0.636 8542
783.634 272.760 0.636 8542
783.755 272.680 0.636 8558
783.915 272.601 0.636 8574
783.995 272.521 0.636 8574
784.155 272.442 0.636 8574
784.275 272.322 0.637 8590
784.396 272.243 0.636 8590
784.516 272.163 0.637 8590
784.636 272.004 0.636 8607
784.756 271.924 0.636 8623
784.876 271.844 0.636 8623
784.957 271.765 0.636 8623
785.077 271.685 0.636 8639
785.157 271.606 0.637 8639
785.277 271.566 0.636 8655
785.357 271.486 0.636 8655
785.477 271.407 0.636 8671
785.558 271.287 0.636 8671
785.638 271.208 0.636 8671
785.718 271.128 0.637 8688
785.838 271.009 0.636 8688
785.918 270.929 0.636 8704
785.998 270.809 0.636 8704
786.078 270.730 0.636 8704
786.159 270.610 0.637 8720
786.279 270.531 0.636 8736
786.359 270.411 0.636 8736
786.439 270.292 0.636 8736

% x_coordinate y_coordinate pressure time
% shape 1, 20 points
771.935 240.436 0.131 0
771.895 240.356 0.184 0
771.815 240.276 0.224 16
771.775 240.197 0.262 32
771.775 240.077 0.295 32
771.775 239.958 0.325 33
771.775 239.878 0.348 48
771.775 239.799 0.374 48
771.775 239.719 0.399 64
771.775 239.640 0.425 64
771.775 239.600 0.448 80
771.775 239.560 0.470 80
771.775 239.520 0.489 81
771.775 239.520 0.500 96
771.775 239.520 0.503 96
771.775 239.520 0.502 112
771.815 239.560 0.502 112
771.975 239.759 0.501 113
772.175 239.918 0.456 128
772.376 240.077 0.329 144

