% x_coordinate y_coordinate pressure time
% shape 0, 1102 points
852.993 225.151 0.006 0
852.993 225.111 0.026 16
853.033 225.111 0.059 16
853.033 225.111 0.089 16
853.033 225.111 0.118 32
853.073 225.111 0.145 48
853.073 225.111 0.174 48
853.073 225.111 0.199 48
853.073 225.111 0.223 64
853.073 225.111 0.242 64
853.073 225.071 0.257 64
853.073 225.031 0.273 80
853.073 224.952 0.291 97
853.073 224.912 0.309 97
853.073 224.832 0.324 97
853.114 224.713 0.332 113
853.194 224.633 0.338 113
853.274 224.554 0.342 129
853.354 224.434 0.347 129
853.474 224.315 0.352 145
853.594 224.156 0.355 145
853.755 223.996 0.360 145
853.835 223.837 0.365 161
853.955 223.678 0.373 161
854.035 223.519 0.381 177
854.115 223.320 0.389 177
854.235 223.160 0.395 177
854.316 222.961 0.401 194
854.436 222.802 0.407 210
854.596 222.603 0.413 210
854.756 222.444 0.419 210
854.917 222.285 0.425 226
855.117 222.125 0.430 226
855.317 222.006 0.434 226
855.518 221.847 0.436 242
855.718 221.727 0.437 259
855.918 221.648 0.438 259
856.119 221.568 0.439 259
856.319 221.488 0.439 275
856.519 221.449 0.440 291
856.720 221.409 0.440 291
856.880 221.329 0.440 291
857.040 221.289 0.440 307
857.240 221.210 0.440 307
857.401 221.130 0.440 323
857.601 221.051 0.441 323
857.801 220.971 0.441 323
858.002 220.851 0.445 339
858.162 220.812 0.449 339
858.282 220.732 0.454 339
858.402 220.692 0.460 356
858.523 220.652 0.465 372
858.643 220.652 0.468 372
858.763 220.652 0.471 372
858.883 220.652 0.473 388
859.043 220.652 0.474 404
859.204 220.652 0.475 404
859.364 220.613 0.476 404
859.524 220.573 0.477 420
859.684 220.573 0.480 420
859.885 220.533 0.482 436
860.045 220.533 0.483 436
860.165 220.533 0.485 436
860.285 220.533 0.485 452
860.366 220.533 0.486 468
860.486 220.533 0.486 468
860.566 220.533 0.487 468
860.646 220.533 0.487 485
860.766 220.613 0.487 485
860.886 220.652 0.487 485
861.007 220.692 0.488 501
861.167 220.732 0.487 517
861.287 220.772 0.487 517
861.447 220.812 0.488 517
861.608 220.812 0.488 533
861.728 220.812 0.488 533
861.888 220.851 0.488 550
862.008 220.851 0.488 550
862.129 220.891 0.488 550
862.249 220.891 0.488 566
862.369 220.891 0.488 566
862.489 220.931 0.488 582
862.609 220.931 0.488 582
862.730 220.931 0.488 598
862.810 220.931 0.489 598
862.930 220.971 0.488 598
863.050 220.971 0.488 614
863.170 221.011 0.489 630
863.250 221.051 0.488 630
863.371 221.090 0.489 630
863.491 221.130 0.489 647
863.651 221.170 0.488 647
863.771 221.210 0.489 647
863.891 221.289 0.489 663
863.972 221.329 0.488 679
864.092 221.369 0.489 679
864.172 221.449 0.489 679
864.292 221.488 0.488 695
864.412 221.568 0.489 712
864.492 221.648 0.489 712
864.613 221.727 0.489 712
864.733 221.847 0.489 728
864.853 221.926 0.489 728
864.933 222.006 0.489 728
865.053 222.046 0.489 744
865.174 222.125 0.489 744
865.294 222.165 0.489 760
865.414 222.205 0.489 760
865.534 222.245 0.489 760
865.695 222.285 0.489 776
865.855 222.324 0.489 793
866.015 222.324 0.489 793
866.175 222.364 0.489 793
866.336 222.364 0.489 809
866.456 222.404 0.490 809
866.616 222.444 0.491 809
866.776 222.484 0.491 825
866.937 222.523 0.492 841
867.057 222.563 0.494 841
867.217 222.643 0.494 841
867.337 222.683 0.496 858
867.457 222.762 0.497 858
867.578 222.842 0.497 874
867.738 222.882 0.497 874
867.898 222.961 0.497 890
868.018 223.041 0.498 890
868.179 223.081 0.498 906
868.299 223.121 0.498 906
868.419 223.160 0.498 906
868.539 223.200 0.498 922
868.700 223.280 0.498 922
868.820 223.320 0.498 938
868.940 223.359 0.499 938
869.100 223.439 0.499 954
869.220 223.519 0.498 954
869.381 223.598 0.499 954
869.501 223.638 0.498 970
869.621 223.678 0.499 987
869.781 223.718 0.499 987
869.901 223.757 0.499 987
870.022 223.797 0.499 1003
870.142 223.797 0.499 1003
870.262 223.837 0.499 1003
870.382 223.837 0.500 1019
870.462 223.877 0.500 1035
870.543 223.877 0.501 1035
870.663 223.917 0.502 1035
870.743 223.917 0.503 1052
870.823 223.996 0.504 1052
870.903 224.036 0.505 1068
870.983 224.076 0.505 1068
871.063 224.076 0.506 1068
871.184 224.116 0.506 1084
871.264 224.116 0.506 1084
871.384 224.116 0.507 1100
871.504 224.116 0.507 1100
871.624 224.116 0.508 1116
871.745 224.116 0.509 1116
871.905 224.116 0.508 1116
871.985 224.116 0.510 1132
872.105 224.116 0.511 1148
872.225 224.116 0.513 1148
872.306 224.116 0.515 1148
872.426 224.116 0.518 1164
872.506 224.116 0.519 1181
872.586 224.116 0.520 1181
872.666 224.116 0.522 1181
872.746 224.116 0.521 1197
872.826 224.116 0.522 1197
872.906 224.116 0.522 1197
873.027 224.116 0.522 1213
873.107 224.116 0.523 1229
873.227 224.116 0.523 1229
873.307 224.116 0.523 1229
873.427 224.116 0.524 1245
873.548 224.116 0.523 1245
873.628 224.116 0.525 1261
873.748 224.116 0.526 1261
873.868 224.116 0.527 1261
873.948 224.116 0.528 1277
874.068 224.116 0.529 1277
874.189 224.116 0.528 1293
874.309 224.116 0.529 1293
874.389 224.116 0.529 1309
874.509 224.076 0.529 1309
874.629 224.036 0.529 1309
874.710 224.036 0.529 1325
874.790 224.036 0.529 1342
874.910 223.996 0.530 1342
874.990 223.996 0.529 1342
875.070 223.956 0.530 1358
875.150 223.877 0.530 1358
875.270 223.837 0.531 1358
875.351 223.837 0.530 1374
875.511 223.797 0.531 1390
875.591 223.797 0.530 1390
875.711 223.797 0.531 1390
875.871 223.757 0.531 1406
875.992 223.718 0.531 1406
876.112 223.678 0.532 1422
876.272 223.638 0.532 1422
876.392 223.558 0.531 1438
876.553 223.479 0.532 1438
876.633 223.439 0.531 1455
876.753 223.359 0.531 1455
876.873 223.320 0.532 1455
876.953 223.240 0.532 1471
877.033 223.200 0.533 1471
877.114 223.121 0.534 1471
877.194 223.081 0.534 1487
877.274 223.001 0.536 1503
877.394 222.922 0.537 1503
877.474 222.882 0.536 1503
877.594 222.802 0.537 1519
877.674 222.762 0.537 1535
877.795 222.683 0.538 1535
877.875 222.643 0.538 1535
877.955 222.563 0.540 1551
878.035 222.523 0.540 1551
878.075 222.444 0.541 1568
878.155 222.404 0.542 1568
878.235 222.364 0.543 1568
878.275 222.285 0.545 1584
878.356 222.245 0.545 1584
878.436 222.205 0.546 1600
878.556 222.165 0.546 1600
878.596 222.086 0.546 1616
878.676 222.046 0.547 1616
878.756 222.006 0.547 1616
878.876 221.926 0.547 1632
878.957 221.887 0.547 1648
879.037 221.807 0.547 1648
879.117 221.767 0.547 1648
879.197 221.687 0.548 1665
879.277 221.648 0.548 1665
879.357 221.528 0.548 1665
879.437 221.488 0.549 1681
879.518 221.449 0.549 1697
879.558 221.369 0.550 1697
879.638 221.329 0.551 1697
879.718 221.289 0.551 1713
879.798 221.210 0.552 1729
879.878 221.170 0.553 1729
879.958 221.090 0.552 1729
880.038 221.051 0.553 1745
880.119 220.971 0.552 1745
880.239 220.931 0.552 1745
880.319 220.851 0.553 1762
880.439 220.772 0.552 1762
880.519 220.732 0.553 1778
880.599 220.692 0.553 1778
880.679 220.613 0.553 1794
880.760 220.533 0.553 1794
880.760 220.493 0.555 1810
880.840 220.453 0.556 1810
880.880 220.374 0.558 1810
880.920 220.334 0.561 1826
880.960 220.294 0.563 1826
881.000 220.215 0.564 1826
881.040 220.175 0.565 1842
881.080 220.095 0.565 1859
881.120 220.055 0.567 1859
881.120 220.016 0.567 1859
881.160 219.976 0.567 1875
881.160 219.976 0.570 1891
881.160 219.976 0.571 1891
881.160 219.976 0.574 1891
881.160 219.976 0.579 1907
881.160 219.976 0.582 1907
881.160 219.976 0.586 1907
881.160 219.976 0.588 1923
881.160 219.976 0.589 1939
881.160 219.976 0.591 1939
881.160 219.976 0.592 1939
881.160 219.976 0.593 1956
881.160 219.976 0.595 1956
881.160 219.976 0.596 1972
881.160 219.976 0.598 1988
881.160 219.976 0.599 1988
881.160 220.095 0.601 1988
881.080 220.254 0.602 2005
881.000 220.374 0.602 2005
880.920 220.533 0.603 2021
880.840 220.692 0.604 2021
880.760 220.851 0.605 2021
880.679 221.011 0.607 2037
880.559 221.130 0.608 2053
880.479 221.329 0.609 2053
880.399 221.488 0.612 2053
880.319 221.727 0.613 2069
880.239 221.926 0.616 2069
880.119 222.125 0.617 2069
880.038 222.364 0.618 2085
879.958 222.563 0.618 2101
879.838 222.802 0.619 2101
879.758 223.041 0.619 2101
879.638 223.320 0.619 2118
879.518 223.558 0.619 2134
879.397 223.797 0.619 2134
879.317 224.076 0.620 2134
879.157 224.275 0.619 2150
879.077 224.474 0.619 2150
878.997 224.633 0.620 2150
878.917 224.753 0.620 2166
878.876 224.872 0.619 2182
878.836 224.992 0.620 2182
878.756 225.111 0.620 2182
878.676 225.270 0.620 2199
878.636 225.390 0.620 2199
878.556 225.549 0.620 2215
878.476 225.708 0.620 2215
878.356 225.907 0.620 2215
878.275 226.066 0.620 2231
878.195 226.265 0.620 2247
878.115 226.425 0.620 2247
877.995 226.584 0.620 2247
877.915 226.703 0.621 2263
877.875 226.823 0.620 2263
877.795 226.942 0.620 2263
877.755 227.101 0.621 2279
877.715 227.261 0.620 2295
877.674 227.380 0.620 2295
877.634 227.539 0.620 2295
877.554 227.698 0.620 2312
877.514 227.818 0.620 2312
877.474 227.937 0.620 2328
877.434 228.057 0.620 2328
877.394 228.216 0.621 2344
877.354 228.335 0.620 2344
877.314 228.495 0.620 2344
877.274 228.614 0.620 2360
877.234 228.733 0.620 2360
877.154 228.853 0.621 2376
877.073 228.972 0.621 2376
876.993 229.132 0.620 2392
876.913 229.251 0.620 2392
876.833 229.410 0.621 2408
876.753 229.530 0.620 2408
876.673 229.689 0.620 2408
876.593 229.848 0.621 2424
876.553 229.928 0.620 2424
876.472 230.047 0.620 2424
876.432 230.167 0.621 2440
876.392 230.286 0.621 2457
876.392 230.366 0.621 2457
876.352 230.485 0.620 2457
876.312 230.604 0.620 2473
876.272 230.724 0.621 2489
876.272 230.883 0.621 2489
876.232 231.003 0.621 2489
876.192 231.122 0.621 2505
876.192 231.241 0.620 2505
876.152 231.361 0.620 2505
876.152 231.480 0.621 2521
876.112 231.560 0.619 2538
876.072 231.679 0.620 2538
875.992 231.799 0.620 2538
875.911 231.958 0.619 2554
875.831 232.077 0.620 2554
875.751 232.237 0.620 2570
875.671 232.396 0.620 2570
875.631 232.515 0.621 2570
875.551 232.675 0.620 2586
875.471 232.834 0.620 2602
875.431 232.953 0.620 2602
875.391 233.112 0.619 2602
875.351 233.272 0.620 2619
875.311 233.391 0.620 2619
875.270 233.511 0.619 2619
875.230 233.630 0.619 2635
875.150 233.749 0.620 2651
875.110 233.869 0.620 2651
875.070 233.988 0.620 2651
875.030 234.108 0.620 2667
874.950 234.227 0.619 2667
874.910 234.346 0.620 2684
874.870 234.466 0.620 2684
874.790 234.625 0.619 2684
874.710 234.745 0.620 2700
874.669 234.904 0.620 2700
874.589 235.063 0.619 2716
874.549 235.182 0.620 2716
874.509 235.381 0.619 2732
874.469 235.501 0.620 2732
874.429 235.620 0.621 2732
874.349 235.740 0.620 2748
874.349 235.819 0.620 2765
874.309 235.939 0.620 2765
874.309 236.058 0.619 2765
874.269 236.178 0.620 2781
874.229 236.297 0.620 2797
874.189 236.417 0.620 2797
874.149 236.536 0.621 2797
874.109 236.695 0.620 2813
874.068 236.815 0.620 2813
874.028 236.974 0.620 2813
873.988 237.093 0.619 2829
873.948 237.213 0.619 2829
873.908 237.332 0.621 2845
873.908 237.412 0.620 2845
873.868 237.571 0.619 2862
873.828 237.690 0.620 2862
873.828 237.810 0.620 2878
873.828 237.969 0.620 2878
873.788 238.088 0.619 2878
873.748 238.208 0.619 2894
873.748 238.327 0.621 2894
873.668 238.447 0.620 2910
873.628 238.606 0.620 2910
873.588 238.725 0.621 2926
873.548 238.845 0.621 2926
873.508 238.964 0.620 2926
873.467 239.084 0.621 2942
873.427 239.203 0.621 2959
873.347 239.283 0.621 2959
873.307 239.402 0.622 2959
873.307 239.482 0.621 2975
873.267 239.601 0.622 2975
873.267 239.721 0.622 2975
873.227 239.840 0.621 2991
873.187 239.999 0.622 3007
873.147 240.159 0.622 3007
873.107 240.318 0.621 3007
873.067 240.477 0.623 3024
873.027 240.636 0.622 3024
872.947 240.795 0.623 3040
872.906 240.955 0.623 3040
872.866 241.154 0.624 3056
872.786 241.313 0.624 3056
872.746 241.472 0.625 3056
872.706 241.631 0.625 3072
872.666 241.791 0.627 3072
872.626 241.950 0.628 3088
872.586 242.109 0.629 3088
872.546 242.308 0.630 3104
872.466 242.428 0.631 3104
872.426 242.587 0.631 3121
872.386 242.746 0.634 3121
872.306 242.905 0.634 3121
872.265 243.065 0.636 3137
872.225 243.184 0.638 3137
872.185 243.343 0.640 3137
872.145 243.463 0.641 3153
872.065 243.622 0.643 3169
872.025 243.741 0.644 3169
871.985 243.900 0.647 3169
871.945 244.020 0.648 3185
871.905 244.179 0.650 3201
871.865 244.299 0.652 3201
871.865 244.458 0.652 3201
871.785 244.617 0.653 3217
871.745 244.736 0.654 3217
871.745 244.896 0.654 3233
871.664 245.055 0.655 3233
871.624 245.174 0.657 3233
871.584 245.294 0.658 3249
871.544 245.453 0.660 3249
871.504 245.572 0.663 3249
871.424 245.692 0.664 3266
871.384 245.811 0.666 3282
871.384 245.931 0.666 3282
871.344 246.050 0.668 3282
871.304 246.170 0.669 3298
871.264 246.289 0.669 3314
871.264 246.369 0.670 3314
871.224 246.488 0.671 3314
871.224 246.607 0.670 3330
871.184 246.687 0.672 3330
871.144 246.806 0.673 3330
871.104 246.966 0.673 3346
871.063 247.085 0.675 3362
871.023 247.205 0.677 3362
870.983 247.324 0.677 3362
870.943 247.443 0.679 3378
870.903 247.563 0.681 3378
870.863 247.682 0.681 3395
870.823 247.802 0.682 3395
870.783 247.921 0.683 3411
870.743 248.041 0.683 3411
870.743 248.160 0.684 3411
870.703 248.319 0.685 3427
870.623 248.439 0.685 3427
870.583 248.558 0.686 3443
870.543 248.677 0.686 3443
870.503 248.837 0.687 3459
870.462 248.956 0.688 3459
870.462 249.036 0.688 3475
870.422 249.155 0.688 3475
870.382 249.314 0.691 3475
870.382 249.434 0.691 3491
870.342 249.553 0.692 3508
870.302 249.673 0.692 3508
870.302 249.792 0.694 3508
870.222 249.951 0.696 3524
870.182 250.111 0.696 3524
870.142 250.230 0.697 3524
870.102 250.389 0.699 3540
870.022 250.509 0.699 3556
869.942 250.668 0.699 3556
869.901 250.787 0.700 3556
869.861 250.907 0.700 3573
869.821 251.026 0.701 3573
869.781 251.185 0.701 3589
869.741 251.305 0.701 3589
869.701 251.384 0.702 3589
869.661 251.584 0.703 3605
869.621 251.663 0.703 3605
869.581 251.783 0.705 3621
869.541 251.902 0.706 3621
869.501 252.021 0.707 3637
869.461 252.181 0.708 3637
869.381 252.300 0.709 3637
869.341 252.419 0.709 3653
869.300 252.539 0.710 3669
869.260 252.658 0.710 3669
869.220 252.778 0.710 3669
869.180 252.897 0.712 3686
869.140 253.017 0.712 3686
869.100 253.136 0.713 3686
869.060 253.255 0.714 3702
869.020 253.335 0.714 3718
868.980 253.454 0.715 3718
868.940 253.574 0.716 3718
868.900 253.693 0.715 3734
868.820 253.853 0.716 3750
868.780 253.972 0.717 3750
868.740 254.131 0.716 3750
868.659 254.290 0.717 3767
868.619 254.410 0.717 3767
868.579 254.569 0.717 3783
868.539 254.689 0.717 3783
868.499 254.808 0.717 3783
868.419 254.927 0.717 3799
868.379 255.047 0.717 3799
868.339 255.166 0.717 3799
868.299 255.246 0.717 3815
868.259 255.365 0.717 3831
868.219 255.485 0.717 3831
868.179 255.564 0.717 3831
868.058 255.684 0.717 3848
868.018 255.803 0.717 3864
867.938 255.962 0.718 3864
867.858 256.082 0.717 3864
867.778 256.281 0.717 3880
867.698 256.400 0.718 3880
867.658 256.560 0.717 3880
867.578 256.679 0.718 3896
867.538 256.798 0.718 3912
867.497 256.918 0.717 3912
867.417 257.077 0.718 3912
867.377 257.196 0.718 3928
867.337 257.316 0.717 3928
867.257 257.435 0.718 3944
867.217 257.555 0.718 3944
867.177 257.674 0.718 3944
867.137 257.794 0.718 3961
867.097 257.873 0.718 3961
867.057 257.993 0.718 3977
867.017 258.072 0.718 3977
866.977 258.192 0.718 3993
866.896 258.311 0.718 3993
866.856 258.470 0.719 3993
866.816 258.590 0.718 4009
866.776 258.709 0.718 4025
866.736 258.829 0.719 4025
866.656 258.988 0.718 4025
866.616 259.107 0.718 4041
866.536 259.227 0.718 4041
866.496 259.346 0.718 4041
866.416 259.466 0.719 4058
866.376 259.585 0.718 4074
866.336 259.704 0.718 4074
866.255 259.824 0.719 4074
866.215 259.943 0.718 4090
866.175 260.063 0.718 4090
866.135 260.222 0.719 4106
866.095 260.341 0.718 4106
866.015 260.501 0.718 4122
865.975 260.620 0.719 4122
865.935 260.779 0.718 4122
865.895 260.899 0.719 4138
865.855 261.058 0.719 4138
865.775 261.177 0.718 4154
865.735 261.297 0.719 4154
865.654 261.416 0.719 4154
865.574 261.536 0.719 4170
865.494 261.695 0.719 4187
865.454 261.814 0.719 4187
865.414 261.973 0.719 4187
865.334 262.093 0.719 4203
865.294 262.212 0.719 4203
865.254 262.332 0.719 4203
865.214 262.451 0.719 4219
865.174 262.571 0.719 4235
865.134 262.690 0.719 4235
865.093 262.809 0.719 4235
865.053 262.929 0.719 4252
864.973 263.088 0.719 4268
864.933 263.208 0.719 4268
864.853 263.327 0.719 4268
864.813 263.486 0.719 4284
864.773 263.606 0.719 4284
864.693 263.725 0.719 4284
864.653 263.844 0.720 4300
864.613 263.924 0.719 4300
864.573 264.004 0.719 4316
864.533 264.123 0.720 4316
864.492 264.203 0.719 4316
864.452 264.282 0.719 4332
864.412 264.362 0.720 4349
864.372 264.442 0.719 4349
864.372 264.561 0.720 4349
864.332 264.680 0.719 4365
864.292 264.760 0.719 4381
864.252 264.879 0.720 4381
864.212 264.999 0.719 4381
864.172 265.118 0.719 4397
864.132 265.238 0.720 4397
864.052 265.317 0.719 4397
864.012 265.477 0.720 4413
863.932 265.596 0.720 4430
863.891 265.715 0.719 4430
863.851 265.835 0.720 4430
863.811 265.954 0.720 4446
863.771 266.074 0.719 4446
863.691 266.193 0.720 4462
863.651 266.313 0.720 4462
863.611 266.392 0.719 4478
863.571 266.512 0.720 4478
863.531 266.631 0.720 4478
863.491 266.750 0.720 4494
863.451 266.830 0.720 4494
863.411 266.949 0.720 4510
863.371 267.069 0.720 4510
863.331 267.228 0.720 4510
863.291 267.348 0.720 4527
863.250 267.467 0.721 4543
863.170 267.547 0.721 4543
863.130 267.626 0.720 4543
863.090 267.785 0.721 4559
863.010 267.905 0.721 4559
863.010 267.985 0.721 4559
862.930 268.104 0.721 4575
862.890 268.223 0.722 4591
862.850 268.383 0.721 4591
862.810 268.502 0.722 4591
862.730 268.621 0.722 4607
862.730 268.741 0.722 4607
862.689 268.860 0.722 4623
862.649 268.980 0.722 4623
862.649 269.099 0.722 4640
862.609 269.219 0.723 4640
862.609 269.298 0.722 4656
862.569 269.418 0.722 4656
862.529 269.497 0.722 4656
862.489 269.577 0.722 4672
862.449 269.696 0.723 4672
862.409 269.816 0.723 4672
862.329 269.935 0.722 4688
862.289 270.094 0.723 4705
862.209 270.214 0.723 4705
862.169 270.333 0.723 4705
862.048 270.453 0.723 4721
862.008 270.572 0.723 4737
861.968 270.691 0.723 4737
861.928 270.811 0.723 4737
861.888 270.891 0.723 4753
861.888 271.010 0.722 4753
861.848 271.090 0.723 4753
861.808 271.209 0.723 4770
861.768 271.328 0.723 4786
861.728 271.448 0.723 4786
861.688 271.527 0.723 4786
861.608 271.687 0.722 4802
861.568 271.806 0.722 4802
861.528 271.926 0.722 4819
861.487 272.045 0.724 4819
861.447 272.164 0.723 4819
861.407 272.324 0.723 4835
861.367 272.483 0.724 4835
861.367 272.602 0.722 4851
861.327 272.722 0.723 4851
861.287 272.841 0.724 4867
861.247 272.961 0.722 4867
861.207 273.080 0.723 4867
861.167 273.160 0.723 4883
861.127 273.279 0.722 4900
861.047 273.398 0.724 4900
861.007 273.518 0.723 4900
860.927 273.637 0.722 4916
860.846 273.757 0.723 4916
860.806 273.916 0.723 4916
860.766 274.075 0.722 4932
860.686 274.195 0.723 4948
860.646 274.314 0.723 4948
860.606 274.433 0.723 4948
860.526 274.553 0.723 4964
860.486 274.712 0.723 4964
860.446 274.792 0.723 4981
860.406 274.911 0.723 4981
860.406 274.991 0.723 4981
860.366 275.070 0.724 4997
860.326 275.150 0.724 4997
860.285 275.230 0.723 5013
860.245 275.309 0.724 5013
860.165 275.389 0.723 5029
860.125 275.508 0.723 5029
860.045 275.588 0.723 5029
860.005 275.707 0.723 5045
859.965 275.827 0.723 5061
859.885 275.946 0.724 5061
859.845 276.066 0.723 5061
859.805 276.185 0.724 5078
859.765 276.305 0.725 5078
859.684 276.424 0.723 5078
859.644 276.504 0.724 5094
859.604 276.583 0.724 5110
859.564 276.703 0.723 5110
859.524 276.782 0.724 5110
859.484 276.902 0.723 5126
859.444 277.061 0.724 5142
859.404 277.180 0.724 5142
859.364 277.260 0.723 5142
859.324 277.379 0.723 5158
859.244 277.499 0.725 5158
859.204 277.618 0.723 5158
859.164 277.738 0.724 5175
859.083 277.857 0.724 5175
859.043 277.976 0.723 5191
859.003 278.056 0.723 5191
858.963 278.175 0.724 5191
858.923 278.255 0.723 5207
858.883 278.374 0.724 5223
858.843 278.494 0.723 5223
858.803 278.573 0.723 5223
858.723 278.693 0.724 5239
858.683 278.852 0.723 5255
858.603 278.972 0.723 5255
858.523 279.131 0.724 5255
858.442 279.290 0.724 5272
858.362 279.489 0.724 5272
858.282 279.648 0.724 5272
858.202 279.808 0.723 5288
858.122 279.967 0.724 5304
858.002 280.126 0.725 5304
857.962 280.245 0.723 5304
857.881 280.405 0.724 5320
857.801 280.524 0.724 5320
857.721 280.644 0.723 5336
857.641 280.763 0.724 5336
857.561 280.882 0.724 5336
857.521 281.002 0.723 5352
857.481 281.121 0.724 5352
857.401 281.241 0.723 5369
857.361 281.320 0.723 5369
857.321 281.400 0.724 5385
857.280 281.480 0.723 5385
857.200 281.559 0.724 5385
857.160 281.679 0.724 5401
857.120 281.758 0.723 5417
857.040 281.878 0.724 5417
856.960 281.997 0.724 5417
856.920 282.116 0.724 5434
856.880 282.196 0.724 5434
856.800 282.315 0.724 5434
856.760 282.435 0.724 5450
856.680 282.554 0.724 5466
856.599 282.634 0.724 5466
856.559 282.753 0.724 5466
856.519 282.833 0.724 5482
856.439 282.952 0.724 5482
856.359 283.032 0.724 5498
856.319 283.151 0.725 5498
856.239 283.231 0.724 5514
856.159 283.351 0.724 5514
856.078 283.470 0.725 5514
856.038 283.589 0.724 5531
855.958 283.669 0.725 5531
855.878 283.788 0.725 5547
855.798 283.908 0.724 5547
855.678 284.027 0.725 5547
855.598 284.147 0.725 5563
855.518 284.226 0.724 5579
855.437 284.346 0.725 5579
855.357 284.425 0.725 5579
855.277 284.585 0.725 5595
855.157 284.704 0.725 5595
855.077 284.823 0.725 5595
854.997 284.943 0.725 5611
854.917 285.062 0.725 5628
854.836 285.182 0.724 5628
854.756 285.261 0.725 5628
854.676 285.381 0.725 5644
854.596 285.500 0.724 5660
854.516 285.580 0.725 5660
854.436 285.659 0.725 5660
854.396 285.739 0.725 5676
854.316 285.858 0.725 5676
854.276 285.938 0.725 5676
854.195 286.018 0.725 5692
854.155 286.097 0.725 5692
854.115 286.177 0.725 5708
854.035 286.257 0.725 5708
853.995 286.376 0.725 5725
853.915 286.456 0.725 5725
853.875 286.575 0.725 5741
853.795 286.655 0.725 5741
853.715 286.734 0.725 5741
853.674 286.814 0.725 5757
853.594 286.893 0.725 5773
853.514 286.973 0.725 5773
853.434 287.053 0.726 5773
853.354 287.132 0.725 5789
853.314 287.172 0.725 5789
853.194 287.252 0.725 5805
853.114 287.331 0.725 5805
853.073 287.371 0.725 5821
852.993 287.451 0.726 5821
852.913 287.491 0.726 5821
852.873 287.570 0.726 5837
852.833 287.650 0.726 5837
852.753 287.729 0.726 5853
852.673 287.769 0.726 5853
852.633 287.849 0.726 5853
852.553 287.889 0.726 5869
852.513 287.968 0.726 5886
852.432 288.008 0.726 5886
852.352 288.048 0.726 5886
852.272 288.088 0.726 5902
852.192 288.167 0.727 5902
852.112 288.207 0.726 5918
852.032 288.247 0.727 5918
851.952 288.327 0.726 5935
851.871 288.366 0.727 5935
851.791 288.406 0.727 5935
851.751 288.486 0.726 5951
851.671 288.526 0.727 5951
851.671 288.565 0.728 5967
851.591 288.605 0.727 5967
851.551 288.645 0.728 5983
851.511 288.645 0.728 5983
851.471 288.725 0.728 5999
851.431 288.764 0.729 5999
851.351 288.804 0.729 5999
851.310 288.844 0.730 6016
851.270 288.844 0.731 6016
851.190 288.884 0.732 6016
851.150 288.924 0.733 6032
851.070 288.924 0.734 6048
851.030 288.964 0.734 6048
850.950 289.003 0.735 6048
850.870 289.043 0.736 6064
850.750 289.083 0.735 6080
850.669 289.163 0.736 6080
850.589 289.202 0.736 6080
850.509 289.242 0.736 6097
850.429 289.282 0.737 6097
850.389 289.282 0.737 6097
850.309 289.322 0.738 6113
850.189 289.322 0.738 6113
850.109 289.362 0.739 6129
850.068 289.362 0.739 6129
849.988 289.401 0.740 6145
849.908 289.401 0.739 6145
849.868 289.441 0.740 6161
849.788 289.481 0.741 6161
849.748 289.481 0.741 6161
849.668 289.521 0.741 6178
849.588 289.521 0.741 6178
849.548 289.561 0.741 6178
849.467 289.561 0.742 6194
849.387 289.600 0.742 6210
849.347 289.640 0.742 6210
849.267 289.680 0.742 6210
849.227 289.720 0.742 6226
849.147 289.760 0.742 6242
849.067 289.799 0.743 6242
849.027 289.839 0.742 6242
848.947 289.879 0.743 6258
848.906 289.879 0.743 6258
848.866 289.919 0.743 6258
848.786 289.959 0.744 6274
848.746 289.959 0.744 6291
848.706 289.998 0.744 6291
848.666 289.998 0.746 6291
848.626 290.038 0.746 6307
848.586 290.078 0.746 6307
848.506 290.118 0.748 6323
848.466 290.158 0.748 6323
848.426 290.158 0.748 6339
848.305 290.198 0.750 6339
848.265 290.237 0.750 6339
848.185 290.277 0.751 6355
848.105 290.317 0.752 6355
848.025 290.317 0.752 6371
847.985 290.317 0.752 6371
847.945 290.357 0.753 6371
847.865 290.357 0.753 6388
847.785 290.357 0.754 6404
847.705 290.357 0.755 6404
847.624 290.357 0.755 6404
847.544 290.357 0.756 6420
847.424 290.357 0.757 6420
847.344 290.397 0.757 6420
847.224 290.397 0.758 6436
847.104 290.436 0.758 6453
846.943 290.476 0.758 6453
846.823 290.516 0.758 6453
846.743 290.516 0.758 6469
846.623 290.556 0.759 6469
846.543 290.556 0.760 6485
846.422 290.596 0.759 6485
846.342 290.596 0.760 6501
846.262 290.596 0.761 6501
846.182 290.596 0.761 6517
846.062 290.635 0.762 6517
845.982 290.635 0.763 6517
845.901 290.635 0.763 6533
845.821 290.635 0.764 6533
845.741 290.635 0.764 6533
845.661 290.635 0.764 6550
845.541 290.635 0.765 6566
845.461 290.635 0.765 6566
845.381 290.635 0.765 6566
845.301 290.635 0.766 6582
845.220 290.635 0.766 6598
845.100 290.675 0.767 6598
845.020 290.675 0.767 6598
844.900 290.675 0.766 6614
844.820 290.715 0.767 6614
844.700 290.715 0.767 6614
844.619 290.715 0.767 6630
844.539 290.715 0.768 6630
844.419 290.715 0.768 6647
844.299 290.715 0.768 6647
844.179 290.715 0.769 6663
844.099 290.715 0.768 6663
843.978 290.715 0.769 6679
843.858 290.715 0.770 6679
843.738 290.715 0.770 6679
843.658 290.715 0.770 6695
843.578 290.715 0.771 6695
843.497 290.715 0.771 6695
843.417 290.715 0.771 6711
843.297 290.715 0.772 6727
843.217 290.715 0.771 6727
843.137 290.715 0.772 6727
843.017 290.715 0.773 6743
842.896 290.715 0.772 6760
842.736 290.715 0.773 6760
842.616 290.715 0.773 6760
842.456 290.715 0.773 6776
842.296 290.715 0.774 6776
842.135 290.715 0.774 6776
842.015 290.715 0.774 6792
841.855 290.715 0.775 6808
841.735 290.715 0.774 6808
841.574 290.715 0.775 6808
841.414 290.715 0.776 6824
841.254 290.675 0.775 6824
841.094 290.635 0.776 6840
840.973 290.596 0.776 6840
840.893 290.596 0.776 6840
840.773 290.556 0.777 6857
840.693 290.516 0.778 6873
840.613 290.476 0.777 6873
840.533 290.436 0.779 6873
840.452 290.397 0.779 6889
840.332 290.357 0.779 6889
840.252 290.317 0.781 6889
840.132 290.277 0.780 6905
840.052 290.198 0.781 6921
839.932 290.158 0.782 6921
839.851 290.118 0.781 6921
839.771 290.038 0.782 6937
839.691 289.959 0.783 6954
839.571 289.879 0.782 6954
839.451 289.760 0.783 6954
839.290 289.680 0.783 6970
839.170 289.561 0.783 6970
839.010 289.441 0.783 6970
838.890 289.322 0.783 6986
838.770 289.202 0.784 7002
838.649 289.083 0.785 7002
838.529 288.964 0.784 7002
838.409 288.804 0.785 7018
838.289 288.725 0.786 7018
838.169 288.605 0.786 7034
838.089 288.526 0.786 7034
837.968 288.446 0.787 7034
837.848 288.327 0.787 7051
837.768 288.287 0.788 7051
837.648 288.167 0.789 7067
837.528 288.088 0.789 7067
837.407 288.008 0.790 7083
837.327 287.889 0.791 7083
837.247 287.809 0.790 7083
837.167 287.690 0.792 7099
837.087 287.610 0.791 7116
837.007 287.491 0.792 7116
836.967 287.411 0.792 7116
836.886 287.292 0.792 7132
836.806 287.212 0.793 7132
836.726 287.093 0.793 7132
836.646 287.013 0.793 7148
836.606 286.893 0.794 7164
836.526 286.814 0.794 7164
836.446 286.694 0.793 7164
836.406 286.615 0.794 7180
836.366 286.495 0.794 7180
836.326 286.416 0.794 7196
836.245 286.336 0.795 7196
836.205 286.217 0.795 7212
836.125 286.137 0.795 7212
836.085 286.018 0.796 7228
836.005 285.898 0.796 7228
835.925 285.819 0.796 7228
835.885 285.699 0.796 7245
835.845 285.620 0.796 7245
835.805 285.500 0.797 7245
835.765 285.421 0.797 7261
835.725 285.301 0.797 7277
835.685 285.221 0.797 7277
835.644 285.102 0.797 7277
835.604 284.983 0.797 7293
835.604 284.863 0.798 7309
835.564 284.784 0.798 7309
835.564 284.664 0.797 7309
835.524 284.585 0.798 7326
835.524 284.505 0.798 7326
835.484 284.425 0.798 7326
835.484 284.346 0.799 7342
835.444 284.187 0.798 7342
835.444 284.147 0.798 7358
835.444 284.067 0.799 7358
835.444 283.948 0.798 7374
835.404 283.908 0.799 7374
835.364 283.788 0.799 7390
835.364 283.709 0.798 7390
835.324 283.589 0.799 7390
835.284 283.510 0.799 7406
835.284 283.390 0.799 7406
835.284 283.311 0.799 7406
835.244 283.231 0.799 7423
835.244 283.151 0.799 7439
835.244 283.112 0.800 7439
835.244 283.032 0.799 7439
835.244 282.952 0.799 7455
835.244 282.873 0.800 7471
835.244 282.793 0.799 7471
835.244 282.714 0.799 7471
835.244 282.594 0.799 7487
835.244 282.475 0.799 7487
835.244 282.355 0.799 7487
835.244 282.236 0.799 7503
835.244 282.116 0.799 7519
835.244 281.997 0.800 7519
835.244 281.838 0.799 7519
835.244 281.718 0.799 7535
835.244 281.599 0.800 7552
835.244 281.480 0.800 7552
835.244 281.400 0.800 7552
835.204 281.241 0.801 7568
835.204 281.121 0.801 7568
835.164 281.042 0.801 7568
835.164 280.922 0.802 7584
835.124 280.803 0.801 7584
835.124 280.723 0.802 7600
835.124 280.604 0.802 7600
835.124 280.524 0.802 7600
835.083 280.445 0.803 7616
835.083 280.325 0.803 7632
835.043 280.245 0.802 7632
835.003 280.126 0.803 7632
835.003 280.007 0.803 7649
834.963 279.887 0.803 7665
834.923 279.768 0.804 7665
834.923 279.648 0.803 7665
834.883 279.489 0.803 7681
834.883 279.410 0.804 7681
834.883 279.330 0.803 7681
834.883 279.211 0.804 7697
834.883 279.131 0.804 7713
834.883 279.051 0.804 7713
834.883 278.972 0.804 7713
834.883 278.892 0.804 7730
834.883 278.812 0.804 7730
834.883 278.733 0.804 7746
834.883 278.613 0.804 7746
834.883 278.534 0.804 7746
834.883 278.414 0.804 7762
834.883 278.335 0.804 7762
834.883 278.215 0.804 7778
834.883 278.136 0.804 7778
834.883 278.016 0.804 7794
834.883 277.937 0.804 7794
834.923 277.817 0.804 7794
835.043 277.738 0.799 7810
835.204 277.578 0.760 7827
835.444 277.339 0.669 7827
835.604 276.902 0.534 7827
835.725 276.384 0.309 7843

% x_coordinate y_coordinate pressure time
% shape 1, 1117 points
920.145 224.872 0.017 0
920.145 224.912 0.053 0
920.145 224.952 0.069 16
920.145 224.992 0.085 16
920.145 225.071 0.095 16
920.145 225.151 0.102 32
920.145 225.230 0.105 48
920.145 225.310 0.105 48
920.145 225.390 0.106 48
920.145 225.429 0.106 64
920.145 225.469 0.109 64
920.145 225.509 0.129 64
920.145 225.509 0.154 80
920.185 225.509 0.188 97
920.185 225.509 0.225 97
920.185 225.509 0.254 97
920.185 225.509 0.282 113
920.185 225.509 0.310 113
920.185 225.509 0.334 129
920.185 225.509 0.354 129
920.185 225.509 0.370 145
920.185 225.469 0.385 145
920.185 225.429 0.399 145
920.185 225.350 0.416 161
920.185 225.270 0.432 161
920.185 225.191 0.449 177
920.185 225.111 0.464 177
920.185 224.992 0.477 177
920.185 224.872 0.490 193
920.145 224.713 0.501 210
920.105 224.554 0.513 210
920.025 224.394 0.524 210
919.985 224.235 0.533 226
919.905 224.036 0.543 226
919.825 223.877 0.550 226
919.745 223.678 0.559 242
919.664 223.439 0.564 258
919.544 223.200 0.569 258
919.464 223.001 0.574 258
919.384 222.842 0.580 274
919.304 222.643 0.587 291
919.184 222.484 0.589 291
919.104 222.324 0.594 291
918.983 222.205 0.596 307
918.903 222.125 0.597 307
918.783 222.006 0.599 307
918.663 221.887 0.599 323
918.543 221.807 0.600 339
918.422 221.687 0.600 339
918.302 221.568 0.601 339
918.182 221.449 0.601 355
918.062 221.329 0.603 355
917.942 221.210 0.605 371
917.821 221.051 0.608 371
917.701 220.931 0.612 371
917.621 220.812 0.614 387
917.501 220.732 0.617 404
917.381 220.613 0.619 404
917.300 220.533 0.620 404
917.220 220.453 0.622 420
917.100 220.374 0.623 420
917.020 220.334 0.623 420
916.940 220.254 0.625 436
916.820 220.175 0.625 452
916.740 220.135 0.626 452
916.659 220.055 0.627 452
916.579 219.976 0.629 469
916.459 219.936 0.631 469
916.379 219.896 0.634 485
916.259 219.856 0.637 485
916.139 219.856 0.638 501
916.018 219.816 0.640 501
915.898 219.816 0.641 501
915.738 219.816 0.642 517
915.618 219.777 0.643 517
915.497 219.777 0.643 533
915.377 219.777 0.644 533
915.217 219.777 0.643 533
915.097 219.737 0.644 549
914.977 219.737 0.645 566
914.856 219.697 0.645 566
914.736 219.697 0.646 566
914.616 219.657 0.647 582
914.496 219.657 0.648 582
914.336 219.617 0.649 582
914.215 219.617 0.651 598
914.095 219.617 0.652 614
913.935 219.617 0.654 614
913.775 219.617 0.655 614
913.654 219.617 0.655 631
913.494 219.617 0.656 647
913.374 219.617 0.656 647
913.214 219.617 0.657 647
913.094 219.617 0.657 663
912.933 219.657 0.657 663
912.853 219.697 0.658 663
912.733 219.737 0.658 679
912.613 219.737 0.658 695
912.492 219.737 0.658 695
912.412 219.777 0.659 695
912.292 219.777 0.660 711
912.212 219.816 0.661 711
912.092 219.856 0.663 728
912.012 219.896 0.664 728
911.891 219.976 0.665 728
911.771 220.055 0.666 744
911.651 220.135 0.666 744
911.531 220.215 0.667 760
911.411 220.294 0.666 760
911.290 220.374 0.667 776
911.170 220.414 0.667 776
911.050 220.493 0.667 776
910.930 220.533 0.667 792
910.850 220.573 0.668 809
910.730 220.613 0.667 809
910.609 220.692 0.668 809
910.489 220.732 0.668 825
910.369 220.772 0.668 825
910.249 220.851 0.669 825
910.129 220.891 0.669 841
909.968 221.011 0.668 857
909.808 221.090 0.669 857
909.688 221.210 0.669 857
909.528 221.289 0.668 873
909.327 221.369 0.669 889
909.207 221.488 0.668 889
909.047 221.568 0.669 889
908.927 221.648 0.669 905
908.766 221.767 0.669 905
908.606 221.887 0.669 905
908.486 221.966 0.669 922
908.326 222.086 0.669 922
908.165 222.205 0.669 938
908.005 222.285 0.670 938
907.885 222.404 0.669 954
907.765 222.523 0.669 954
907.604 222.643 0.669 970
907.484 222.762 0.669 970
907.404 222.882 0.669 970
907.284 223.041 0.669 986
907.204 223.160 0.669 986
907.043 223.320 0.670 986
906.923 223.439 0.669 1002
906.803 223.638 0.670 1019
906.683 223.797 0.670 1019
906.563 223.917 0.669 1019
906.482 224.076 0.669 1035
906.362 224.195 0.670 1051
906.242 224.355 0.669 1051
906.122 224.474 0.670 1051
906.002 224.633 0.670 1067
905.881 224.792 0.669 1067
905.761 224.952 0.670 1067
905.601 225.151 0.669 1083
905.481 225.350 0.669 1099
905.361 225.549 0.670 1099
905.240 225.748 0.669 1099
905.040 226.027 0.670 1116
904.920 226.226 0.670 1116
904.840 226.425 0.670 1132
904.720 226.624 0.670 1132
904.599 226.783 0.670 1132
904.479 226.902 0.669 1148
904.399 227.101 0.670 1148
904.279 227.261 0.670 1164
904.159 227.420 0.670 1164
904.038 227.579 0.670 1180
903.918 227.778 0.670 1180
903.798 227.977 0.670 1180
903.678 228.216 0.670 1196
903.598 228.375 0.670 1213
903.477 228.574 0.670 1213
903.357 228.773 0.670 1213
903.277 228.933 0.669 1229
903.157 229.171 0.670 1229
903.077 229.370 0.670 1229
902.957 229.569 0.670 1245
902.836 229.769 0.670 1261
902.716 230.007 0.670 1261
902.596 230.206 0.670 1261
902.516 230.445 0.670 1277
902.396 230.644 0.670 1277
902.316 230.804 0.669 1294
902.195 231.003 0.670 1294
902.075 231.162 0.670 1310
901.955 231.361 0.669 1310
901.875 231.560 0.670 1326
901.755 231.759 0.670 1326
901.634 231.958 0.670 1326
901.514 232.157 0.670 1342
901.434 232.396 0.670 1342
901.314 232.595 0.670 1342
901.274 232.834 0.670 1359
901.194 232.993 0.670 1375
901.114 233.192 0.670 1375
901.033 233.391 0.670 1375
900.953 233.550 0.669 1391
900.913 233.710 0.670 1407
900.793 233.909 0.669 1407
900.673 234.068 0.670 1407
900.553 234.267 0.670 1423
900.472 234.466 0.669 1423
900.352 234.665 0.669 1423
900.272 234.864 0.670 1440
900.192 235.103 0.670 1456
900.072 235.262 0.670 1456
899.992 235.461 0.670 1456
899.912 235.660 0.669 1472
899.871 235.819 0.671 1472
899.791 235.979 0.670 1488
899.711 236.178 0.669 1488
899.671 236.337 0.670 1504
899.591 236.496 0.670 1504
899.511 236.655 0.670 1504
899.431 236.815 0.670 1521
899.351 236.974 0.670 1521
899.270 237.173 0.670 1537
899.150 237.372 0.670 1537
899.070 237.531 0.670 1537
898.990 237.730 0.670 1553
898.910 237.889 0.670 1569
898.870 238.049 0.669 1569
898.790 238.208 0.670 1569
898.750 238.367 0.670 1585
898.629 238.526 0.669 1585
898.549 238.686 0.670 1585
898.509 238.845 0.670 1601
898.429 239.004 0.670 1618
898.349 239.163 0.670 1618
898.269 239.323 0.670 1618
898.189 239.482 0.670 1634
898.109 239.681 0.670 1634
898.028 239.880 0.669 1650
897.948 240.039 0.670 1650
897.908 240.198 0.670 1666
897.868 240.358 0.670 1666
897.788 240.517 0.671 1682
897.748 240.676 0.670 1682
897.668 240.835 0.670 1682
897.628 240.994 0.670 1698
897.548 241.114 0.670 1698
897.467 241.273 0.670 1698
897.427 241.393 0.670 1714
897.347 241.552 0.670 1730
897.267 241.711 0.670 1730
897.187 241.870 0.670 1730
897.107 242.069 0.670 1747
897.027 242.229 0.670 1763
896.947 242.428 0.670 1763
896.866 242.587 0.670 1763
896.746 242.746 0.670 1779
896.666 242.905 0.670 1779
896.546 243.065 0.670 1779
896.466 243.224 0.670 1795
896.386 243.383 0.670 1811
896.306 243.542 0.670 1811
896.225 243.662 0.671 1811
896.185 243.781 0.670 1827
896.105 243.940 0.670 1827
896.065 244.060 0.670 1844
895.985 244.139 0.670 1844
895.905 244.299 0.670 1844
895.865 244.418 0.671 1860
895.785 244.537 0.670 1876
895.705 244.657 0.671 1876
895.624 244.776 0.671 1876
895.584 244.896 0.670 1892
895.504 245.015 0.670 1892
895.424 245.135 0.670 1908
895.344 245.254 0.670 1908
895.264 245.413 0.671 1924
895.184 245.533 0.670 1924
895.103 245.652 0.670 1924
894.983 245.771 0.671 1940
894.903 245.891 0.670 1940
894.783 246.010 0.670 1957
894.703 246.130 0.671 1957
894.623 246.249 0.670 1957
894.543 246.369 0.671 1973
894.422 246.488 0.671 1989
894.342 246.647 0.671 1989
894.222 246.767 0.671 1989
894.102 246.886 0.671 2005
894.022 247.045 0.671 2005
893.901 247.165 0.671 2005
893.821 247.284 0.671 2021
893.701 247.364 0.670 2037
893.581 247.523 0.671 2037
893.501 247.603 0.671 2037
893.421 247.722 0.671 2053
893.301 247.842 0.671 2070
893.220 247.921 0.671 2070
893.100 248.041 0.671 2070
893.020 248.160 0.671 2086
892.900 248.279 0.671 2086
892.780 248.359 0.671 2086
892.659 248.478 0.671 2102
892.579 248.598 0.671 2118
892.459 248.677 0.671 2118
892.339 248.797 0.671 2118
892.179 248.956 0.671 2134
892.058 249.036 0.672 2134
891.938 249.115 0.671 2150
891.818 249.235 0.671 2150
891.658 249.314 0.672 2150
891.497 249.394 0.671 2166
891.377 249.513 0.671 2166
891.257 249.633 0.672 2183
891.137 249.752 0.671 2183
891.017 249.832 0.672 2199
890.897 249.951 0.671 2199
890.776 250.071 0.671 2199
890.656 250.190 0.672 2215
890.536 250.270 0.671 2231
890.376 250.349 0.671 2231
890.255 250.469 0.672 2231
890.175 250.548 0.672 2247
890.055 250.628 0.671 2247
889.935 250.708 0.672 2247
889.815 250.787 0.671 2264
889.694 250.867 0.672 2280
889.574 250.947 0.672 2280
889.454 251.026 0.672 2280
889.334 251.106 0.672 2296
889.214 251.146 0.672 2296
889.094 251.305 0.672 2312
888.973 251.345 0.672 2312
888.813 251.464 0.672 2328
888.693 251.544 0.672 2328
888.533 251.584 0.672 2328
888.372 251.663 0.672 2345
888.292 251.743 0.672 2345
888.132 251.822 0.672 2361
888.012 251.902 0.672 2361
887.851 251.942 0.672 2377
887.731 252.021 0.673 2377
887.611 252.061 0.672 2393
887.491 252.141 0.673 2393
887.371 252.220 0.673 2393
887.250 252.260 0.672 2409
887.130 252.340 0.673 2409
887.010 252.419 0.672 2409
886.890 252.459 0.672 2425
886.770 252.539 0.673 2441
886.649 252.579 0.672 2441
886.529 252.618 0.672 2441
886.409 252.698 0.673 2457
886.289 252.738 0.673 2474
886.169 252.778 0.673 2474
886.008 252.818 0.673 2474
885.888 252.897 0.672 2490
885.728 252.937 0.673 2490
885.568 252.977 0.673 2506
885.367 253.056 0.673 2506
885.207 253.136 0.673 2522
885.047 253.216 0.673 2522
884.846 253.295 0.673 2522
884.686 253.375 0.673 2538
884.526 253.415 0.673 2538
884.366 253.494 0.673 2554
884.205 253.534 0.673 2554
884.045 253.574 0.673 2554
883.925 253.654 0.673 2570
883.765 253.693 0.674 2587
883.644 253.733 0.673 2587
883.524 253.813 0.674 2587
883.404 253.853 0.674 2603
883.244 253.932 0.673 2603
883.083 253.972 0.674 2603
882.923 254.052 0.674 2619
882.763 254.091 0.674 2635
882.603 254.171 0.674 2635
882.442 254.211 0.674 2635
882.282 254.251 0.674 2651
882.082 254.290 0.674 2668
881.922 254.330 0.674 2668
881.801 254.370 0.674 2668
881.641 254.410 0.674 2684
881.521 254.450 0.674 2684
881.361 254.529 0.674 2684
881.240 254.529 0.675 2700
881.080 254.609 0.674 2716
880.960 254.649 0.675 2716
880.840 254.689 0.675 2716
880.720 254.728 0.675 2732
880.559 254.768 0.676 2732
880.439 254.848 0.676 2749
880.279 254.888 0.676 2749
880.159 254.927 0.677 2749
879.998 254.967 0.677 2765
879.878 255.007 0.678 2765
879.718 255.007 0.679 2781
879.558 255.047 0.679 2781
879.437 255.087 0.679 2797
879.237 255.166 0.680 2797
879.077 255.206 0.680 2797
878.876 255.246 0.681 2813
878.716 255.286 0.682 2829
878.556 255.325 0.681 2829
878.436 255.365 0.682 2829
878.275 255.405 0.683 2846
878.155 255.405 0.683 2846
877.995 255.445 0.684 2846
877.875 255.485 0.685 2862
877.715 255.525 0.685 2878
877.554 255.564 0.687 2878
877.434 255.604 0.688 2878
877.274 255.604 0.689 2894
877.114 255.644 0.692 2894
876.953 255.684 0.693 2910
876.833 255.724 0.695 2910
876.713 255.763 0.696 2926
876.593 255.763 0.697 2926
876.472 255.803 0.698 2926
876.352 255.843 0.700 2943
876.232 255.843 0.700 2943
876.112 255.883 0.702 2959
875.992 255.923 0.702 2959
875.871 255.962 0.702 2959
875.791 256.042 0.704 2975
875.631 256.082 0.703 2991
875.471 256.082 0.704 2991
875.351 256.122 0.705 2991
875.230 256.161 0.705 3007
875.070 256.161 0.706 3007
874.950 256.201 0.707 3007
874.790 256.201 0.706 3023
874.629 256.241 0.707 3039
874.509 256.281 0.708 3039
874.349 256.321 0.708 3039
874.229 256.361 0.709 3055
874.068 256.400 0.710 3072
873.948 256.400 0.710 3072
873.828 256.440 0.711 3072
873.708 256.440 0.712 3088
873.588 256.440 0.712 3088
873.467 256.440 0.714 3088
873.347 256.480 0.715 3104
873.227 256.480 0.716 3120
873.147 256.480 0.717 3120
873.027 256.480 0.717 3120
872.906 256.480 0.718 3136
872.786 256.480 0.719 3136
872.666 256.480 0.718 3152
872.546 256.480 0.720 3152
872.386 256.480 0.720 3152
872.306 256.480 0.720 3169
872.145 256.480 0.721 3169
871.985 256.480 0.722 3185
871.865 256.480 0.722 3185
871.745 256.480 0.725 3201
871.624 256.480 0.726 3201
871.504 256.480 0.725 3201
871.384 256.480 0.727 3217
871.264 256.480 0.726 3233
871.144 256.480 0.726 3233
871.023 256.480 0.727 3233
870.903 256.480 0.728 3249
870.783 256.480 0.728 3266
870.663 256.440 0.728 3266
870.543 256.400 0.728 3266
870.422 256.361 0.729 3282
870.302 256.321 0.730 3282
870.182 256.281 0.730 3282
870.022 256.241 0.731 3298
869.942 256.161 0.731 3298
869.821 256.122 0.732 3314
869.701 256.042 0.732 3314
869.541 255.962 0.733 3314
869.381 255.923 0.733 3330
869.260 255.883 0.734 3347
869.060 255.803 0.734 3347
868.900 255.763 0.734 3347
868.740 255.724 0.735 3363
868.579 255.644 0.734 3363
868.419 255.604 0.734 3363
868.259 255.564 0.735 3379
868.099 255.485 0.734 3395
867.898 255.445 0.734 3395
867.738 255.365 0.735 3395
867.578 255.325 0.735 3411
867.417 255.246 0.736 3427
867.257 255.206 0.735 3427
867.137 255.126 0.735 3427
866.977 255.087 0.736 3444
866.816 255.007 0.736 3444
866.656 254.927 0.736 3444
866.456 254.848 0.737 3460
866.295 254.768 0.736 3460
866.095 254.689 0.736 3476
865.895 254.609 0.737 3476
865.735 254.490 0.736 3476
865.574 254.370 0.737 3492
865.414 254.251 0.737 3508
865.254 254.171 0.737 3508
865.174 254.052 0.737 3508
865.053 253.972 0.737 3525
864.933 253.892 0.737 3541
864.853 253.773 0.738 3541
864.733 253.693 0.737 3541
864.653 253.614 0.738 3557
864.573 253.534 0.738 3557
864.492 253.454 0.738 3557
864.412 253.375 0.738 3573
864.332 253.295 0.739 3589
864.252 253.216 0.738 3589
864.212 253.096 0.739 3589
864.172 252.977 0.738 3606
864.172 252.857 0.738 3606
864.132 252.738 0.739 3622
864.132 252.618 0.739 3622
864.132 252.499 0.738 3622
864.132 252.380 0.739 3638
864.132 252.300 0.739 3638
864.132 252.220 0.738 3638
864.132 252.141 0.739 3654
864.132 252.061 0.738 3671
864.132 251.982 0.738 3671
864.132 251.902 0.739 3671
864.212 251.822 0.738 3687
864.292 251.743 0.738 3703
864.372 251.663 0.738 3703
864.492 251.623 0.738 3703
864.653 251.584 0.738 3719
864.813 251.504 0.738 3719
865.013 251.464 0.737 3735
865.214 251.424 0.738 3735
865.454 251.384 0.737 3752
865.695 251.384 0.737 3752
865.975 251.384 0.738 3752
866.215 251.384 0.737 3768
866.496 251.384 0.737 3768
866.816 251.384 0.738 3784
867.057 251.384 0.737 3784
867.297 251.384 0.737 3784
867.578 251.384 0.738 3800
867.858 251.384 0.737 3817
868.099 251.464 0.738 3817
868.339 251.584 0.737 3817
868.619 251.623 0.737 3833
868.900 251.743 0.738 3833
869.180 251.822 0.737 3833
869.421 251.902 0.736 3849
869.661 252.021 0.737 3865
869.901 252.101 0.737 3865
870.142 252.181 0.736 3865
870.382 252.260 0.738 3881
870.703 252.300 0.736 3881
870.943 252.380 0.737 3898
871.224 252.419 0.738 3898
871.464 252.459 0.736 3914
871.785 252.459 0.737 3914
872.025 252.499 0.737 3914
872.306 252.539 0.737 3930
872.586 252.618 0.738 3930
872.826 252.698 0.738 3946
873.027 252.778 0.738 3946
873.227 252.897 0.739 3962
873.427 252.977 0.738 3962
873.628 253.136 0.738 3978
873.828 253.255 0.738 3978
874.028 253.335 0.739 3978
874.229 253.454 0.738 3994
874.429 253.534 0.739 3994
874.669 253.614 0.738 3994
874.950 253.654 0.739 4010
875.190 253.693 0.739 4027
875.431 253.813 0.739 4027
875.671 253.892 0.740 4027
875.871 254.012 0.740 4043
876.072 254.131 0.740 4059
876.272 254.251 0.741 4059
876.472 254.370 0.741 4059
876.633 254.450 0.741 4075
876.833 254.569 0.742 4075
876.993 254.649 0.742 4075
877.194 254.728 0.742 4091
877.394 254.768 0.744 4107
877.594 254.848 0.744 4107
877.795 254.927 0.745 4107
878.035 254.967 0.747 4124
878.235 255.047 0.747 4124
878.476 255.166 0.749 4140
878.716 255.246 0.751 4140
878.917 255.365 0.751 4140
879.197 255.485 0.753 4156
879.397 255.604 0.753 4156
879.598 255.763 0.753 4172
879.798 255.923 0.754 4172
879.958 256.082 0.755 4188
880.119 256.241 0.755 4188
880.279 256.361 0.755 4188
880.439 256.480 0.756 4204
880.599 256.599 0.756 4221
880.720 256.719 0.757 4221
880.880 256.838 0.757 4221
881.040 256.958 0.757 4237
881.160 257.037 0.758 4237
881.321 257.196 0.759 4237
881.441 257.316 0.760 4253
881.521 257.475 0.760 4270
881.641 257.595 0.761 4270
881.721 257.754 0.762 4270
881.841 257.873 0.763 4286
881.962 257.993 0.763 4286
882.082 258.112 0.765 4302
882.162 258.271 0.765 4302
882.322 258.391 0.766 4318
882.442 258.510 0.766 4318
882.603 258.630 0.766 4318
882.723 258.749 0.767 4334
882.843 258.868 0.767 4334
883.003 258.948 0.767 4350
883.124 259.067 0.768 4350
883.244 259.187 0.768 4350
883.364 259.267 0.768 4366
883.444 259.386 0.770 4383
883.524 259.505 0.770 4383
883.604 259.625 0.770 4383
883.684 259.744 0.772 4399
883.805 259.864 0.772 4399
883.885 260.023 0.772 4399
883.965 260.182 0.773 4415
884.045 260.341 0.773 4431
884.125 260.501 0.773 4431
884.205 260.700 0.774 4431
884.286 260.819 0.773 4448
884.366 260.938 0.773 4464
884.486 261.058 0.774 4464
884.566 261.177 0.773 4464
884.646 261.297 0.774 4480
884.766 261.456 0.774 4480
884.766 261.575 0.773 4480
884.886 261.735 0.774 4496
884.967 261.934 0.774 4512
885.007 262.093 0.773 4512
885.087 262.292 0.774 4512
885.127 262.451 0.774 4528
885.127 262.610 0.774 4528
885.167 262.770 0.775 4544
885.207 262.969 0.774 4544
885.247 263.088 0.775 4544
885.287 263.247 0.775 4561
885.327 263.367 0.774 4561
885.367 263.486 0.775 4577
885.447 263.645 0.775 4577
885.487 263.765 0.775 4593
885.528 263.884 0.775 4593
885.568 264.004 0.775 4593
885.568 264.123 0.775 4609
885.608 264.203 0.775 4625
885.648 264.362 0.775 4625
885.648 264.481 0.775 4625
885.688 264.601 0.775 4642
885.688 264.760 0.775 4642
885.728 264.919 0.775 4642
885.728 265.039 0.776 4658
885.728 265.238 0.775 4674
885.768 265.397 0.776 4674
885.808 265.556 0.776 4674
885.848 265.676 0.775 4690
885.888 265.835 0.776 4706
885.888 265.954 0.776 4706
885.888 266.114 0.775 4706
885.888 266.233 0.776 4723
885.888 266.392 0.776 4723
885.888 266.512 0.776 4723
885.888 266.671 0.776 4739
885.888 266.830 0.776 4739
885.888 266.989 0.776 4755
885.888 267.188 0.776 4755
885.888 267.348 0.776 4771
885.888 267.547 0.776 4771
885.888 267.706 0.776 4787
885.888 267.865 0.776 4787
885.888 268.024 0.776 4787
885.888 268.223 0.776 4804
885.848 268.383 0.776 4820
885.848 268.542 0.776 4820
885.848 268.701 0.776 4820
885.848 268.860 0.776 4836
885.848 268.980 0.777 4836
885.848 269.099 0.776 4836
885.848 269.219 0.776 4852
885.808 269.378 0.777 4868
885.808 269.497 0.776 4868
885.808 269.656 0.776 4868
885.768 269.816 0.777 4884
885.768 269.975 0.776 4884
885.728 270.134 0.777 4901
885.688 270.293 0.777 4901
885.648 270.453 0.776 4901
885.568 270.612 0.777 4917
885.528 270.771 0.777 4917
885.487 270.891 0.776 4933
885.447 271.010 0.777 4933
885.407 271.169 0.777 4949
885.367 271.328 0.776 4949
885.327 271.488 0.777 4949
885.287 271.647 0.777 4965
885.207 271.846 0.777 4982
885.167 272.005 0.777 4982
885.127 272.244 0.777 4982
885.047 272.403 0.777 4998
885.007 272.602 0.777 4998
884.927 272.801 0.777 4998
884.886 272.961 0.777 5014
884.806 273.160 0.777 5030
884.766 273.359 0.777 5030
884.726 273.518 0.777 5030
884.686 273.677 0.777 5047
884.646 273.797 0.777 5047
884.566 273.956 0.777 5063
884.526 274.075 0.777 5063
884.486 274.234 0.777 5080
884.446 274.433 0.778 5080
884.366 274.593 0.777 5080
884.326 274.792 0.777 5096
884.245 274.951 0.778 5096
884.205 275.110 0.777 5112
884.125 275.269 0.777 5112
884.045 275.389 0.777 5112
884.005 275.548 0.777 5128
883.925 275.707 0.778 5144
883.885 275.827 0.777 5144
883.805 275.986 0.777 5144
883.765 276.145 0.778 5160
883.684 276.265 0.777 5160
883.644 276.424 0.777 5160
883.564 276.583 0.778 5177
883.524 276.782 0.777 5193
883.484 276.941 0.778 5193
883.444 277.061 0.778 5193
883.364 277.220 0.777 5209
883.324 277.339 0.778 5225
883.324 277.459 0.778 5225
883.284 277.578 0.777 5225
883.244 277.698 0.778 5241
883.204 277.817 0.778 5241
883.124 277.976 0.777 5241
883.083 278.096 0.778 5257
883.043 278.215 0.778 5257
883.003 278.335 0.778 5274
882.923 278.454 0.778 5274
882.883 278.573 0.777 5290
882.843 278.693 0.778 5290
882.803 278.812 0.778 5306
882.763 278.932 0.777 5306
882.723 279.091 0.778 5306
882.643 279.171 0.778 5322
882.603 279.290 0.777 5322
882.563 279.410 0.778 5322
882.523 279.489 0.778 5339
882.442 279.609 0.777 5355
882.402 279.728 0.778 5355
882.362 279.847 0.778 5355
882.322 279.967 0.777 5371
882.282 280.086 0.778 5387
882.242 280.206 0.778 5387
882.202 280.325 0.778 5387
882.162 280.445 0.778 5403
882.122 280.524 0.778 5403
882.122 280.644 0.778 5403
882.082 280.803 0.778 5419
882.082 280.922 0.778 5436
882.042 281.042 0.778 5436
882.042 281.161 0.778 5436
882.002 281.281 0.778 5452
882.002 281.440 0.778 5452
881.962 281.519 0.778 5468
881.922 281.639 0.777 5468
881.922 281.758 0.778 5468
881.881 281.838 0.778 5484
881.841 281.957 0.778 5500
881.801 282.077 0.778 5500
881.761 282.196 0.778 5500
881.761 282.276 0.778 5517
881.721 282.395 0.778 5517
881.681 282.515 0.778 5517
881.681 282.594 0.778 5533
881.641 282.714 0.779 5549
881.601 282.833 0.778 5549
881.561 282.952 0.778 5549
881.561 283.072 0.778 5565
881.521 283.191 0.778 5581
881.521 283.351 0.779 5581
881.521 283.470 0.778 5581
881.481 283.589 0.778 5598
881.441 283.749 0.778 5598
881.401 283.828 0.778 5598
881.401 283.948 0.778 5614
881.361 284.027 0.778 5614
881.361 284.147 0.778 5630
881.361 284.266 0.778 5630
881.361 284.346 0.778 5646
881.361 284.465 0.778 5646
881.361 284.585 0.778 5662
881.361 284.704 0.779 5662
881.361 284.823 0.778 5662
881.361 284.943 0.779 5678
881.361 285.102 0.778 5678
881.361 285.221 0.778 5678
881.361 285.341 0.779 5694
881.361 285.421 0.778 5710
881.361 285.540 0.778 5710
881.361 285.659 0.778 5710
881.361 285.739 0.778 5726
881.361 285.819 0.778 5743
881.361 285.898 0.779 5743
881.361 285.978 0.778 5743
881.401 286.097 0.778 5759
881.441 286.137 0.778 5759
881.521 286.217 0.778 5759
881.561 286.296 0.778 5775
881.601 286.376 0.778 5791
881.681 286.495 0.778 5791
881.721 286.575 0.778 5791
881.801 286.655 0.778 5807
881.841 286.774 0.778 5807
881.881 286.893 0.779 5824
881.962 286.973 0.778 5824
882.002 287.093 0.778 5840
882.082 287.212 0.779 5840
882.162 287.331 0.778 5840
882.202 287.411 0.778 5856
882.322 287.530 0.779 5856
882.402 287.610 0.778 5872
882.482 287.729 0.779 5872
882.563 287.809 0.779 5872
882.643 287.929 0.779 5888
882.723 288.008 0.779 5904
882.803 288.088 0.779 5904
882.843 288.128 0.779 5904
882.883 288.167 0.780 5921
882.923 288.247 0.779 5921
882.963 288.287 0.779 5921
883.003 288.366 0.780 5937
883.043 288.446 0.779 5953
883.083 288.486 0.780 5953
883.124 288.565 0.780 5953
883.204 288.645 0.779 5969
883.284 288.685 0.780 5969
883.364 288.764 0.780 5986
883.444 288.844 0.779 5986
883.484 288.884 0.780 6002
883.564 288.924 0.780 6002
883.604 288.964 0.780 6002
883.684 289.003 0.780 6018
883.725 289.003 0.780 6018
883.805 289.043 0.780 6034
883.885 289.083 0.781 6034
883.925 289.123 0.780 6034
884.045 289.123 0.780 6050
884.085 289.163 0.780 6067
884.205 289.202 0.780 6067
884.286 289.242 0.780 6067
884.326 289.282 0.780 6083
884.406 289.322 0.780 6099
884.486 289.362 0.780 6099
884.566 289.401 0.780 6099
884.606 289.441 0.780 6115
884.686 289.481 0.781 6115
884.726 289.521 0.780 6115
884.806 289.561 0.780 6131
884.846 289.600 0.781 6131
884.927 289.640 0.781 6148
884.967 289.640 0.780 6148
885.047 289.680 0.781 6164
885.167 289.680 0.780 6164
885.247 289.720 0.781 6180
885.287 289.720 0.781 6180
885.407 289.760 0.780 6180
885.487 289.760 0.781 6196
885.528 289.799 0.782 6196
885.608 289.839 0.781 6196
885.648 289.879 0.782 6212
885.728 289.959 0.782 6229
885.808 289.998 0.782 6229
885.888 290.038 0.782 6229
885.968 290.038 0.782 6245
886.048 290.078 0.782 6261
886.129 290.078 0.783 6261
886.209 290.078 0.782 6261
886.289 290.078 0.783 6277
886.369 290.078 0.784 6277
886.409 290.078 0.783 6277
886.489 290.078 0.783 6293
886.569 290.078 0.784 6309
886.649 290.118 0.784 6309
886.730 290.118 0.784 6309
886.810 290.158 0.785 6326
886.890 290.158 0.784 6326
886.970 290.198 0.785 6342
887.050 290.198 0.785 6342
887.130 290.198 0.785 6358
887.250 290.198 0.785 6358
887.331 290.198 0.785 6358
887.491 290.198 0.785 6374
887.611 290.198 0.786 6374
887.691 290.198 0.786 6390
887.771 290.198 0.787 6390
887.891 290.198 0.787 6406
887.972 290.198 0.787 6406
888.052 290.198 0.788 6423
888.132 290.198 0.788 6423
888.212 290.198 0.787 6423
888.292 290.198 0.788 6439
888.372 290.198 0.788 6439
888.492 290.198 0.788 6439
888.533 290.198 0.788 6455
888.613 290.198 0.788 6471
888.693 290.198 0.788 6471
888.773 290.198 0.789 6471
888.893 290.198 0.788 6487
888.973 290.198 0.788 6503
889.094 290.198 0.789 6503
889.174 290.158 0.788 6503
889.294 290.118 0.789 6520
889.414 290.078 0.789 6520
889.534 290.038 0.789 6520
889.654 289.998 0.789 6536
889.775 289.959 0.789 6552
889.895 289.919 0.789 6552
889.975 289.919 0.789 6552
890.095 289.879 0.789 6568
890.175 289.839 0.789 6568
890.255 289.839 0.789 6584
890.336 289.799 0.789 6584
890.416 289.799 0.789 6584
890.456 289.799 0.789 6601
890.536 289.760 0.789 6601
890.616 289.760 0.789 6601
890.736 289.720 0.789 6617
890.856 289.720 0.789 6633
890.977 289.680 0.789 6633
891.097 289.640 0.790 6633
891.217 289.600 0.789 6649
891.297 289.561 0.790 6665
891.417 289.521 0.790 6665
891.538 289.481 0.789 6665
891.658 289.441 0.790 6681
891.738 289.401 0.789 6681
891.858 289.362 0.789 6681
891.978 289.322 0.790 6698
892.099 289.282 0.790 6714
892.179 289.242 0.790 6714
892.299 289.202 0.790 6714
892.419 289.163 0.789 6730
892.539 289.123 0.789 6730
892.699 289.083 0.790 6746
892.820 289.003 0.790 6746
892.980 288.924 0.790 6762
893.100 288.884 0.790 6762
893.220 288.804 0.789 6762
893.341 288.725 0.790 6778
893.461 288.685 0.790 6778
893.581 288.605 0.790 6795
893.661 288.565 0.791 6795
893.781 288.526 0.790 6795
893.901 288.446 0.790 6811
894.062 288.406 0.790 6827
894.222 288.327 0.790 6827
894.342 288.287 0.790 6827
894.462 288.128 0.790 6843
894.583 288.088 0.790 6843
894.743 287.968 0.790 6843
894.863 287.849 0.791 6859
894.983 287.769 0.790 6875
895.144 287.650 0.791 6875
895.264 287.570 0.790 6875
895.424 287.451 0.790 6892
895.544 287.371 0.791 6908
895.664 287.331 0.790 6908
895.785 287.252 0.790 6908
895.905 287.172 0.791 6924
896.025 287.093 0.790 6924
896.145 287.053 0.790 6924
896.225 286.973 0.791 6940
896.386 286.893 0.790 6956
896.506 286.814 0.791 6956
896.626 286.734 0.791 6956
896.746 286.615 0.790 6972
896.866 286.535 0.791 6972
896.987 286.495 0.791 6988
897.107 286.416 0.790 6988
897.307 286.336 0.791 6988
897.427 286.217 0.791 7004
897.548 286.137 0.790 7021
897.708 286.057 0.791 7021
897.868 285.938 0.791 7021
897.988 285.858 0.791 7037
898.109 285.699 0.791 7037
898.269 285.620 0.791 7037
898.389 285.540 0.791 7053
898.549 285.460 0.791 7069
898.669 285.381 0.790 7069
898.830 285.301 0.791 7069
898.950 285.221 0.791 7085
899.070 285.102 0.790 7085
899.230 284.983 0.791 7102
899.351 284.903 0.791 7102
899.511 284.784 0.790 7118
899.631 284.664 0.791 7118
899.791 284.585 0.791 7118
899.912 284.465 0.791 7134
900.032 284.386 0.791 7134
900.192 284.306 0.790 7150
900.312 284.226 0.791 7150
900.392 284.147 0.792 7166
900.513 284.067 0.791 7166
900.633 283.987 0.791 7183
900.753 283.908 0.791 7183
900.833 283.828 0.790 7183
900.953 283.749 0.791 7199
901.073 283.669 0.791 7199
901.154 283.589 0.791 7199
901.234 283.550 0.791 7215
901.354 283.430 0.791 7231
901.474 283.390 0.791 7231
901.554 283.311 0.791 7231
901.634 283.231 0.792 7247
901.714 283.151 0.791 7264
901.835 283.112 0.792 7264
901.915 283.032 0.791 7264
901.995 282.992 0.791 7280
902.075 282.913 0.792 7280
902.155 282.873 0.791 7280
902.235 282.793 0.792 7296
902.275 282.753 0.792 7312
902.356 282.674 0.791 7312
902.436 282.634 0.792 7312
902.516 282.554 0.792 7328
902.596 282.475 0.791 7328
902.676 282.395 0.792 7344
902.716 282.355 0.792 7344
902.796 282.276 0.791 7344
902.836 282.236 0.792 7360
902.917 282.196 0.791 7360
902.957 282.116 0.792 7377
902.997 282.077 0.792 7377
903.117 282.037 0.791 7393
903.157 281.997 0.792 7393
903.237 281.957 0.792 7393
903.317 281.917 0.792 7409
903.357 281.917 0.792 7425
903.397 281.878 0.792 7425
903.477 281.798 0.792 7425
903.518 281.758 0.792 7441
903.598 281.679 0.792 7441
903.678 281.639 0.791 7441
903.718 281.559 0.792 7457
903.798 281.519 0.793 7474
903.878 281.480 0.792 7474
903.918 281.440 0.792 7474
903.998 281.400 0.792 7490
904.038 281.360 0.793 7506
904.078 281.320 0.792 7506
904.119 281.241 0.793 7506
904.159 281.201 0.792 7522
904.239 281.161 0.792 7522
904.279 281.081 0.792 7522
904.359 281.002 0.792 7538
904.439 280.962 0.792 7538
904.519 280.882 0.792 7554
904.599 280.803 0.793 7554
904.679 280.763 0.792 7571
904.760 280.683 0.792 7571
904.840 280.644 0.793 7587
904.920 280.564 0.792 7587
905.000 280.524 0.792 7587
905.080 280.445 0.794 7603
905.160 280.405 0.792 7603
905.240 280.285 0.793 7603
905.361 280.206 0.793 7619
905.441 280.086 0.793 7635
905.561 280.007 0.793 7635
905.641 279.887 0.793 7635
905.761 279.808 0.793 7652
905.841 279.728 0.794 7668
906.002 279.648 0.793 7668
906.082 279.569 0.793 7668
906.202 279.449 0.794 7684
906.322 279.370 0.793 7684
906.442 279.250 0.793 7684
906.563 279.091 0.794 7700
906.723 278.972 0.793 7716
906.883 278.812 0.794 7716
907.003 278.653 0.793 7716
907.124 278.534 0.793 7732
907.284 278.374 0.793 7732
907.404 278.295 0.794 7748
907.524 278.175 0.793 7748
907.604 278.096 0.794 7748
907.725 277.976 0.794 7764
907.805 277.897 0.794 7781
907.885 277.777 0.794 7781
908.005 277.698 0.794 7781
908.085 277.618 0.794 7797
908.205 277.499 0.794 7797
908.285 277.419 0.794 7797
908.366 277.300 0.794 7813
908.486 277.220 0.794 7829
908.566 277.140 0.794 7829
908.686 277.021 0.794 7829
908.806 276.902 0.794 7845
908.886 276.822 0.794 7861
908.967 276.742 0.795 7861
909.047 276.583 0.795 7861
909.127 276.464 0.794 7877
909.207 276.265 0.795 7877
909.327 276.066 0.794 7877
909.447 275.827 0.794 7894
909.608 275.548 0.782 7894
909.808 275.269 0.740 7910
910.008 274.871 0.651 7910
910.249 274.433 0.516 7926
910.489 273.757 0.304 7926

