% x_coordinate y_coordinate pressure time
% shape 0, 2370 points

818.371 289.972 0.198 129
818.531 289.853 0.202 129
818.731 289.733 0.206 129
818.932 289.733 0.212 145
819.172 289.574 0.218 145
819.372 289.415 0.226 161
819.653 289.295 0.233 161
819.853 289.136 0.239 177
820.053 288.977 0.245 177
820.254 288.857 0.251 193
820.454 288.778 0.257 193
820.654 288.658 0.261 193
820.815 288.579 0.262 209
821.015 288.499 0.264 225
821.215 288.419 0.267 225
821.416 288.340 0.269 225
821.616 288.220 0.272 241
821.816 288.101 0.275 241
822.057 287.942 0.276 241
822.257 287.783 0.280 257
822.457 287.583 0.281 274
822.698 287.345 0.283 274
822.938 287.185 0.287 274
823.139 286.986 0.290 290
823.339 286.827 0.292 290
823.539 286.668 0.294 306
823.740 286.509 0.293 306
823.900 286.389 0.295 306
824.100 286.270 0.295 322
824.260 286.111 0.295 338
824.421 285.951 0.295 338
824.581 285.792 0.295 338
824.741 285.593 0.295 354
824.901 285.394 0.296 354
825.062 285.195 0.298 354
825.222 284.996 0.300 370
825.342 284.717 0.305 386
825.503 284.518 0.307 386
825.623 284.319 0.309 386
825.783 284.160 0.313 402
825.863 284.001 0.313 418
825.983 283.881 0.314 418
826.104 283.722 0.316 418
826.184 283.642 0.316 434
826.264 283.523 0.317 434
826.384 283.404 0.318 434
826.464 283.244 0.318 451
826.584 283.125 0.319 467
826.704 282.966 0.319 467
826.865 282.807 0.319 467
826.945 282.647 0.320 483
827.065 282.448 0.320 483
827.145 282.289 0.322 499
827.265 282.170 0.326 499
827.346 282.010 0.328 499
827.426 281.891 0.331 515
827.546 281.732 0.334 531
827.626 281.612 0.336 531
827.746 281.453 0.337 531
827.866 281.294 0.339 548
828.027 281.174 0.339 548
828.147 281.015 0.339 548
828.267 280.856 0.340 564
828.387 280.697 0.340 580
828.508 280.537 0.342 580
828.628 280.378 0.344 580
828.748 280.179 0.347 596
828.868 279.980 0.351 596
828.988 279.781 0.354 612
829.109 279.622 0.356 612
829.229 279.423 0.360 628
829.309 279.264 0.361 628
829.429 279.144 0.363 628
829.509 278.985 0.365 644
829.589 278.865 0.365 644
829.669 278.706 0.367 660
829.750 278.587 0.368 660
829.870 278.467 0.369 676
829.950 278.308 0.370 676
830.070 278.189 0.372 692
830.190 277.990 0.372 692
830.311 277.830 0.375 692
830.431 277.671 0.376 709
830.591 277.472 0.376 709
830.671 277.313 0.378 709
830.791 277.154 0.379 725
830.911 277.034 0.380 741
831.032 276.875 0.383 741
831.152 276.716 0.383 741
831.232 276.596 0.385 757
831.352 276.477 0.386 773
831.432 276.357 0.386 773
831.553 276.198 0.387 773
831.633 276.079 0.388 789
831.713 275.920 0.387 789
831.793 275.800 0.389 789
831.913 275.641 0.389 805
831.993 275.522 0.389 822
832.073 275.402 0.391 822
832.154 275.283 0.392 822
832.234 275.163 0.393 838
832.314 275.004 0.395 838
832.354 274.885 0.396 854
832.434 274.765 0.397 854
832.514 274.646 0.399 870
832.554 274.566 0.399 870
832.634 274.447 0.400 870
832.674 274.367 0.401 886
832.755 274.288 0.401 886
832.835 274.208 0.403 902
832.915 274.089 0.403 902
832.955 274.009 0.403 902
833.075 273.889 0.405 918
833.155 273.770 0.405 934
833.195 273.611 0.406 934
833.275 273.491 0.408 934
833.356 273.372 0.408 950
833.436 273.213 0.410 967
833.516 273.093 0.411 967
833.556 272.974 0.411 967
833.636 272.854 0.412 983
833.716 272.735 0.413 983
833.796 272.576 0.413 983
833.836 272.456 0.413 999
833.917 272.297 0.414 1015
833.957 272.178 0.414 1015
834.037 272.018 0.416 1015
834.077 271.899 0.416 1031
834.157 271.780 0.417 1031
834.197 271.660 0.419 1047
834.277 271.541 0.420 1047
834.357 271.461 0.421 1047
834.437 271.342 0.422 1063
834.518 271.262 0.422 1063
834.598 271.143 0.423 1063
834.678 271.063 0.424 1079
834.758 270.983 0.423 1095
834.838 270.864 0.424 1095
834.918 270.784 0.425 1095
834.998 270.665 0.424 1111
835.078 270.585 0.425 1127
835.159 270.466 0.425 1127
835.239 270.346 0.425 1127
835.319 270.187 0.426 1143
835.359 270.108 0.426 1143
835.519 270.028 0.426 1143
835.559 269.909 0.428 1159
835.639 269.829 0.428 1176
835.720 269.710 0.430 1176
835.760 269.590 0.432 1176
835.840 269.471 0.434 1192
835.920 269.391 0.436 1192
835.960 269.272 0.438 1208
836.040 269.152 0.439 1208
836.120 269.073 0.441 1224
836.160 268.953 0.443 1224
836.240 268.834 0.443 1240
836.321 268.754 0.445 1240
836.361 268.635 0.446 1240
836.441 268.515 0.448 1256
836.521 268.356 0.450 1256
836.561 268.237 0.451 1256
836.641 268.117 0.453 1272
836.721 267.998 0.455 1288
836.761 267.839 0.455 1288
836.801 267.679 0.457 1288
836.881 267.560 0.458 1304
836.962 267.440 0.459 1320
837.042 267.321 0.463 1320
837.122 267.202 0.465 1320
837.162 267.082 0.466 1336
837.242 266.963 0.469 1336
837.322 266.843 0.470 1336
837.402 266.764 0.470 1352
837.482 266.604 0.472 1369
837.563 266.485 0.471 1369
837.683 266.366 0.472 1369
837.763 266.206 0.473 1385
837.883 266.087 0.472 1385
838.003 265.928 0.473 1401
838.083 265.808 0.474 1401
838.204 265.689 0.474 1417
838.284 265.530 0.475 1417
838.364 265.410 0.477 1417
838.444 265.251 0.477 1433
838.524 265.092 0.480 1433
838.604 264.972 0.481 1449
838.684 264.853 0.482 1449
838.805 264.734 0.486 1449
838.885 264.614 0.487 1465
839.005 264.495 0.489 1481
839.085 264.375 0.491 1481
839.165 264.256 0.491 1481
839.286 264.097 0.493 1497
839.366 263.977 0.494 1497
839.446 263.858 0.494 1497
839.526 263.738 0.496 1514
839.606 263.659 0.496 1530
839.686 263.539 0.496 1530
839.766 263.460 0.498 1530
839.846 263.340 0.498 1546
839.927 263.261 0.498 1562
840.007 263.141 0.500 1562
840.087 263.022 0.500 1562
840.167 262.942 0.500 1578
840.207 262.823 0.500 1578
840.327 262.703 0.500 1594
840.407 262.624 0.500 1594
840.528 262.504 0.501 1594
840.648 262.425 0.500 1610
840.728 262.305 0.501 1610
840.848 262.186 0.501 1610
840.928 262.066 0.501 1626
841.008 261.987 0.502 1642
841.088 261.907 0.502 1642
841.169 261.827 0.502 1642
841.209 261.708 0.503 1658
841.329 261.628 0.503 1674
841.369 261.549 0.503 1674
841.489 261.429 0.504 1674
841.569 261.350 0.504 1690
841.649 261.230 0.504 1690
841.770 261.151 0.505 1706
841.850 261.071 0.504 1706
841.970 260.952 0.505 1706
842.010 260.872 0.505 1722
842.130 260.792 0.504 1722
842.210 260.673 0.505 1739
842.250 260.554 0.506 1739
842.331 260.394 0.505 1755
842.411 260.315 0.506 1755
842.491 260.195 0.505 1755
842.571 260.076 0.505 1771
842.651 259.996 0.506 1787
842.731 259.917 0.506 1787
842.811 259.797 0.505 1787
842.932 259.718 0.506 1803
843.012 259.638 0.505 1803
843.092 259.519 0.506 1803
843.212 259.399 0.506 1819
843.332 259.320 0.505 1835
843.412 259.200 0.506 1835
843.492 259.081 0.506 1835
843.613 258.961 0.506 1851
843.693 258.842 0.506 1867
843.773 258.722 0.506 1867
843.893 258.643 0.506 1867
843.973 258.523 0.507 1884
844.053 258.404 0.506 1884
844.174 258.284 0.506 1884
844.254 258.205 0.507 1900
844.374 258.085 0.506 1900
844.494 257.926 0.506 1916
844.614 257.807 0.508 1916
844.694 257.687 0.506 1932
844.815 257.568 0.507 1932
844.895 257.449 0.508 1948
845.015 257.329 0.506 1948
845.095 257.210 0.507 1948
845.175 257.090 0.508 1964
845.295 256.971 0.506 1980
845.376 256.891 0.508 1980
845.496 256.772 0.507 1980
845.576 256.652 0.506 1996
845.656 256.573 0.508 1996
845.776 256.493 0.508 1996
845.937 256.374 0.507 2012
846.017 256.294 0.508 2028
846.137 256.175 0.507 2028
846.217 256.095 0.508 2028
846.337 255.976 0.508 2044
846.457 255.856 0.507 2044
846.538 255.737 0.508 2061
846.658 255.657 0.508 2061
846.778 255.498 0.508 2061
846.858 255.379 0.508 2077
846.978 255.259 0.508 2093
847.058 255.140 0.507 2093
847.179 255.020 0.509 2093
847.259 254.941 0.508 2109
847.379 254.821 0.508 2109
847.499 254.702 0.509 2109
847.619 254.622 0.508 2125
847.740 254.503 0.508 2141
847.860 254.423 0.509 2141
848.020 254.304 0.507 2141
848.140 254.224 0.508 2157
848.260 254.105 0.509 2173
848.421 253.985 0.508 2173
848.541 253.866 0.509 2173
848.661 253.786 0.509 2189
848.821 253.667 0.508 2189
848.942 253.547 0.509 2205
849.062 253.428 0.508 2205
849.182 253.308 0.508 2205
849.342 253.189 0.509 2221
849.462 253.030 0.508 2221
849.623 252.910 0.508 2238
849.743 252.751 0.509 2238
849.903 252.632 0.508 2254
850.063 252.473 0.509 2254
850.224 252.313 0.509 2254
850.344 252.194 0.508 2270
850.504 252.074 0.509 2286
850.664 251.915 0.509 2286
850.825 251.796 0.508 2286
850.945 251.637 0.509 2302
851.105 251.517 0.509 2302
851.265 251.398 0.508 2302
851.386 251.239 0.509 2318
851.586 251.119 0.509 2335
851.706 251.000 0.509 2335
851.826 250.880 0.510 2335
851.987 250.761 0.509 2351
852.107 250.602 0.509 2351
852.227 250.482 0.510 2367
852.387 250.363 0.509 2367
852.508 250.243 0.509 2367
852.668 250.124 0.510 2383
852.828 250.004 0.509 2383
852.988 249.845 0.510 2399
853.109 249.726 0.510 2399
853.269 249.606 0.509 2415
853.429 249.447 0.510 2415
853.589 249.328 0.510 2415
853.750 249.168 0.509 2431
853.870 249.049 0.510 2448
854.030 248.930 0.510 2448
854.190 248.770 0.509 2448
854.351 248.651 0.510 2464
854.551 248.531 0.509 2464
854.671 248.412 0.510 2464
854.831 248.293 0.510 2480
854.992 248.133 0.509 2496
855.112 248.014 0.510 2496
855.272 247.895 0.510 2496
855.392 247.735 0.509 2512
855.553 247.616 0.510 2528
855.673 247.497 0.510 2528
855.833 247.337 0.509 2528
855.953 247.218 0.510 2544
856.114 247.059 0.510 2544
856.274 246.939 0.510 2560
856.394 246.820 0.511 2560
856.554 246.661 0.510 2560
856.714 246.501 0.510 2576
856.875 246.382 0.511 2576
857.035 246.223 0.510 2592
857.235 246.103 0.510 2592
857.436 245.944 0.511 2608
857.596 245.745 0.510 2608
857.756 245.625 0.511 2608
857.917 245.466 0.512 2624
858.077 245.307 0.511 2640
858.237 245.148 0.513 2640
858.357 245.028 0.512 2640
858.518 244.869 0.511 2657
858.638 244.750 0.513 2657
858.758 244.630 0.512 2673
858.878 244.471 0.512 2673
859.038 244.312 0.514 2689
859.159 244.153 0.512 2689
859.319 243.993 0.513 2689
859.439 243.834 0.513 2705
859.599 243.675 0.513 2705
859.760 243.476 0.513 2721
859.880 243.277 0.514 2721
860.000 243.078 0.513 2721
860.200 242.919 0.515 2737
860.321 242.719 0.515 2753
860.441 242.520 0.514 2753
860.601 242.321 0.514 2753
860.721 242.122 0.515 2769
860.881 241.923 0.514 2769
861.002 241.724 0.515 2769
861.162 241.485 0.514 2785
861.282 241.286 0.515 2801
861.442 241.087 0.516 2801
861.523 240.849 0.515 2801
861.683 240.610 0.515 2817
861.803 240.450 0.516 2833
861.923 240.251 0.515 2833
862.043 240.013 0.516 2833
862.204 239.813 0.516 2850
862.324 239.614 0.515 2850
862.444 239.415 0.516 2850
862.644 239.216 0.516 2866
862.765 238.977 0.515 2882
862.885 238.778 0.516 2882
863.005 238.579 0.515 2882
863.125 238.301 0.516 2898
863.245 238.102 0.516 2898
863.366 237.903 0.515 2914
863.526 237.664 0.517 2914
863.686 237.425 0.517 2930
863.806 237.226 0.516 2930
863.967 237.027 0.517 2930
864.127 236.788 0.517 2946
864.247 236.589 0.516 2946
864.367 236.350 0.517 2962
864.487 236.151 0.517 2962
864.568 235.872 0.517 2978
864.688 235.634 0.517 2978
864.768 235.435 0.516 2994
864.888 235.196 0.517 2994
865.008 234.957 0.518 2994
865.089 234.718 0.516 3010
865.209 234.479 0.517 3026
865.289 234.240 0.518 3026
865.369 234.001 0.516 3026
865.449 233.802 0.517 3042
865.489 233.564 0.517 3042
865.569 233.365 0.516 3042
865.609 233.205 0.518 3058
865.689 233.006 0.517 3058
865.730 232.847 0.517 3074
865.810 232.648 0.518 3074
865.850 232.449 0.517 3090
865.930 232.250 0.517 3090
865.970 232.051 0.518 3106
866.050 231.812 0.517 3106
866.130 231.613 0.517 3106
866.170 231.374 0.518 3123
866.250 231.135 0.517 3139
866.290 230.936 0.517 3139
866.371 230.737 0.518 3139
866.411 230.538 0.517 3155
866.491 230.339 0.518 3155
866.531 230.140 0.518 3155
866.571 229.941 0.517 3171
866.651 229.742 0.518 3187
866.691 229.583 0.518 3187
866.731 229.424 0.517 3187
866.771 229.224 0.518 3203
866.811 229.065 0.517 3203
866.851 228.866 0.518 3219
866.891 228.667 0.519 3219
866.932 228.468 0.517 3236
866.972 228.309 0.518 3236
867.012 228.150 0.518 3236
867.052 227.951 0.517 3252
867.092 227.831 0.518 3252
867.132 227.672 0.518 3268
867.172 227.552 0.517 3268
867.172 227.393 0.518 3284
867.212 227.274 0.518 3284
867.212 227.154 0.518 3300
867.252 226.995 0.520 3300
867.252 226.876 0.520 3300
867.252 226.756 0.522 3316
867.252 226.597 0.525 3316
867.252 226.478 0.524 3316
867.292 226.279 0.527 3332
867.292 226.159 0.529 3348
867.292 226.040 0.529 3348
867.332 225.960 0.531 3348
867.332 225.841 0.532 3364
867.372 225.721 0.531 3380
867.372 225.642 0.534 3380
867.372 225.522 0.534 3380
867.372 225.403 0.534 3397
867.372 225.323 0.535 3397
867.372 225.204 0.535 3397
867.372 225.124 0.536 3413
867.372 225.005 0.538 3429
867.372 224.885 0.538 3429
867.372 224.806 0.540 3429
867.372 224.686 0.542 3445
867.372 224.567 0.541 3445
867.372 224.447 0.543 3461
867.372 224.328 0.545 3461
867.372 224.209 0.544 3461
867.372 224.129 0.547 3477
867.372 224.010 0.548 3493
867.372 223.850 0.549 3493
867.372 223.731 0.553 3493
867.372 223.612 0.555 3509
867.372 223.532 0.557 3509
867.372 223.412 0.560 3509
867.332 223.333 0.562 3525
867.292 223.213 0.563 3541
867.252 223.094 0.565 3541
867.212 223.014 0.566 3541
867.212 222.895 0.568 3557
867.132 222.815 0.570 3557
867.092 222.696 0.571 3573
867.052 222.616 0.573 3573
867.012 222.537 0.576 3573
866.972 222.457 0.577 3589
866.932 222.338 0.581 3605
866.851 222.258 0.582 3605
866.811 222.178 0.584 3605
866.731 222.099 0.586 3622
866.651 222.059 0.588 3638

866.632 222.015 0.570 3557.000 
866.592 221.896 0.571 3573.000 
866.552 221.816 0.573 3573.000 
866.512 221.737 0.576 3573.000 
866.472 221.657 0.577 3589.000 
866.432 221.538 0.581 3605.000 
866.351 221.458 0.582 3605.000 
866.311 221.378 0.584 3605.000 
866.231 221.299 0.586 3622.000 
866.151 221.259 0.588 3638.000 

866.071 221.279 0.591 3638.000 
865.991 221.240 0.594 3638.000 
865.951 221.200 0.593 3654.000 
865.871 221.120 0.596 3654.000 
865.790 221.080 0.597 3654.000 
865.750 221.001 0.597 3670.000 
865.670 220.921 0.597 3670.000 
865.590 220.841 0.599 3686.000 
865.470 220.762 0.599 3686.000 
865.390 220.682 0.601 3703.000 
865.270 220.642 0.601 3703.000 
865.149 220.563 0.602 3719.000 
865.029 220.563 0.605 3719.000 
864.909 220.523 0.606 3719.000 
864.789 220.523 0.608 3735.000 
864.669 220.483 0.611 3735.000 
864.548 220.483 0.611 3735.000 
864.428 220.364 0.612 3751.000 
864.308 220.324 0.614 3767.000 
864.228 220.324 0.614 3767.000 
864.108 220.284 0.616 3767.000 
863.987 220.284 0.617 3783.000 
863.867 220.244 0.617 3783.000 
863.747 220.205 0.620 3799.000 
863.667 220.165 0.622 3799.000 
863.547 220.165 0.623 3816.000 
863.427 220.125 0.626 3816.000 
863.306 220.125 0.627 3832.000 
863.186 220.085 0.628 3832.000 
863.066 220.085 0.630 3832.000 
862.946 220.085 0.629 3848.000 
862.785 220.085 0.630 3848.000 
862.665 220.085 0.631 3864.000 
862.545 220.045 0.630 3864.000 
862.425 220.045 0.631 3880.000 
862.305 220.005 0.632 3880.000 
862.185 220.005 0.632 3880.000 
862.064 220.005 0.632 3896.000 
861.944 220.005 0.633 3912.000 
861.824 220.005 0.633 3912.000 
861.744 220.005 0.635 3912.000 
861.624 220.005 0.636 3928.000 
861.503 220.045 0.636 3928.000 
861.383 220.045 0.638 3944.000 
861.263 220.085 0.638 3944.000 
861.183 220.125 0.639 3960.000 
861.063 220.165 0.640 3960.000 
860.942 220.165 0.639 3960.000 
860.862 220.205 0.640 3976.000 
860.782 220.205 0.641 3976.000 
860.702 220.205 0.640 3992.000 
860.582 220.205 0.642 3992.000 
860.502 220.205 0.642 3992.000 
860.422 220.205 0.642 4008.000 
860.341 220.244 0.644 4024.000 
860.261 220.205 0.644 4024.000 
860.181 220.205 0.644 4024.000 
860.101 220.244 0.646 4040.000 
860.021 220.244 0.646 4057.000 
859.941 220.244 0.646 4057.000 
859.861 220.284 0.648 4057.000 
859.740 220.324 0.646 4073.000 
859.620 220.364 0.648 4073.000 
859.540 220.404 0.649 4073.000 
859.420 220.443 0.647 4089.000 
859.300 220.483 0.648 4105.000 
859.220 220.483 0.649 4105.000 
859.099 220.523 0.648 4105.000 
859.019 220.563 0.648 4121.000 
858.899 220.563 0.648 4121.000 
858.819 220.603 0.648 4137.000 
858.739 220.642 0.650 4137.000 
858.659 220.682 0.650 4137.000 
858.538 220.682 0.649 4153.000 
858.418 220.722 0.651 4153.000 
858.338 220.762 0.651 4169.000 
858.218 220.802 0.651 4169.000 
858.098 220.841 0.653 4186.000 
857.977 220.881 0.651 4186.000 
857.857 221.001 0.653 4186.000 
857.777 221.080 0.654 4202.000 
857.657 221.120 0.652 4218.000 
857.577 221.160 0.654 4218.000 
857.497 221.240 0.653 4218.000 
857.376 221.279 0.652 4234.000 
857.296 221.359 0.653 4250.000 
857.216 221.399 0.653 4250.000 
857.096 221.439 0.652 4250.000 
857.016 221.518 0.654 4266.000 
856.936 221.598 0.653 4266.000 
856.856 221.677 0.653 4266.000 
856.775 221.717 0.654 4282.000 
856.695 221.797 0.653 4282.000 
856.615 221.876 0.653 4298.000 
856.535 221.956 0.654 4298.000 
856.455 222.036 0.653 4314.000 
856.375 222.115 0.654 4314.000 
856.295 222.195 0.654 4330.000 
856.214 222.314 0.653 4330.000 
856.134 222.394 0.655 4330.000 
856.014 222.474 0.655 4346.000 
855.894 222.553 0.654 4346.000 
855.814 222.633 0.655 4346.000 
855.734 222.712 0.654 4362.000 
855.614 222.792 0.655 4378.000 
855.533 222.872 0.655 4378.000 
855.453 222.951 0.654 4378.000 
855.333 223.031 0.655 4395.000 
855.253 223.111 0.656 4411.000 
855.173 223.190 0.655 4411.000 
855.133 223.230 0.656 4411.000 

855.053 223.279 0.656 4427.000 
854.972 223.329 0.656 4427.000 
854.932 223.409 0.657 4427.000 
854.852 223.488 0.657 4443.000 
854.812 223.568 0.656 4459.000 
854.772 223.687 0.658 4459.000 
854.732 223.767 0.657 4459.000 
854.652 223.886 0.657 4475.000 
854.572 223.966 0.658 4491.000 
854.532 224.085 0.657 4491.000 

854.553 224.019 0.656 4427.000 
854.472 224.129 0.656 4427.000 
854.432 224.209 0.657 4427.000 
854.352 224.288 0.657 4443.000 
854.312 224.368 0.656 4459.000 
854.272 224.487 0.658 4459.000 
854.232 224.567 0.657 4459.000 
854.152 224.686 0.657 4475.000 
854.072 224.766 0.658 4491.000 
854.032 224.885 0.657 4491.000 
853.952 225.005 0.657 4491.000 
853.871 225.084 0.658 4507.000 
853.791 225.204 0.657 4507.000 
853.711 225.323 0.658 4507.000 
853.631 225.403 0.658 4523.000 
853.551 225.482 0.657 4523.000 
853.511 225.602 0.659 4539.000 
853.431 225.682 0.658 4539.000 
853.351 225.801 0.657 4555.000 
853.310 225.881 0.659 4555.000 
853.270 225.960 0.658 4571.000 
853.190 226.080 0.657 4571.000 
853.150 226.119 0.659 4571.000 
853.110 226.239 0.657 4588.000 
853.030 226.358 0.658 4588.000 
852.950 226.557 0.659 4604.000 
852.910 226.677 0.658 4604.000 
852.870 226.836 0.658 4620.000 
852.790 226.955 0.659 4620.000 
852.750 227.075 0.657 4620.000 
852.710 227.194 0.659 4636.000 
852.669 227.314 0.658 4652.000 
852.669 227.433 0.658 4652.000 
852.629 227.513 0.659 4652.000 
852.589 227.632 0.658 4668.000 
852.549 227.752 0.658 4668.000 
852.469 227.871 0.659 4668.000 
852.469 227.951 0.658 4684.000 
852.389 228.030 0.658 4700.000 
852.349 228.150 0.659 4700.000 
852.309 228.229 0.658 4700.000 
852.269 228.309 0.659 4716.000 
852.229 228.389 0.659 4716.000 
852.149 228.468 0.658 4732.000 
852.109 228.548 0.659 4732.000 
852.068 228.667 0.659 4748.000 
851.988 228.747 0.658 4748.000 
851.948 228.866 0.660 4765.000 
851.908 228.986 0.659 4765.000 
851.828 229.105 0.658 4765.000 
851.788 229.224 0.660 4781.000 
851.748 229.304 0.659 4781.000 
851.708 229.424 0.659 4797.000 
851.628 229.543 0.660 4797.000 
851.548 229.662 0.658 4813.000 
851.508 229.782 0.659 4813.000 
851.467 229.861 0.660 4813.000 
851.427 229.981 0.658 4829.000 
851.387 230.100 0.659 4845.000 
851.307 230.180 0.659 4845.000 
851.307 230.299 0.658 4845.000 
851.267 230.379 0.660 4861.000 
851.187 230.498 0.659 4861.000 
851.147 230.618 0.659 4861.000 
851.107 230.737 0.660 4877.000 
851.067 230.857 0.659 4893.000 
851.027 231.016 0.658 4893.000 
850.987 231.135 0.660 4893.000 
850.906 231.255 0.658 4909.000 
850.866 231.414 0.659 4925.000 
850.826 231.533 0.660 4925.000 
850.746 231.653 0.658 4925.000 
850.706 231.772 0.659 4941.000 
850.666 231.892 0.660 4941.000 
850.666 232.011 0.658 4957.000 
850.626 232.131 0.660 4957.000 
850.626 232.250 0.659 4957.000 
850.586 232.369 0.659 4974.000 
850.586 232.489 0.659 4974.000 
850.546 232.648 0.659 4974.000 
850.466 232.767 0.659 4990.000 
850.426 232.927 0.660 5006.000 
850.386 233.086 0.659 5006.000 
850.306 233.245 0.659 5006.000 
850.225 233.404 0.660 5022.000 
850.185 233.564 0.659 5038.000 
850.105 233.763 0.659 5038.000 
850.065 233.962 0.660 5038.000 
850.025 234.121 0.659 5054.000 
849.945 234.240 0.660 5054.000 
849.905 234.400 0.659 5070.000 
849.825 234.559 0.659 5070.000 
849.745 234.678 0.660 5070.000 
849.705 234.837 0.659 5086.000 
849.624 234.997 0.659 5086.000 
849.544 235.156 0.661 5103.000 
849.504 235.315 0.659 5103.000 
849.424 235.514 0.659 5119.000 
849.384 235.634 0.661 5119.000 
849.264 235.833 0.659 5119.000 
849.224 235.992 0.660 5135.000 
849.144 236.111 0.660 5151.000 
849.063 236.310 0.659 5151.000 
848.943 236.470 0.660 5151.000 
848.863 236.629 0.660 5167.000 
848.823 236.748 0.659 5167.000 
848.743 236.908 0.660 5167.000 
848.703 237.067 0.660 5183.000 
848.663 237.186 0.659 5199.000 
848.623 237.345 0.660 5199.000 
848.583 237.465 0.659 5199.000 
848.543 237.624 0.660 5216.000 
848.503 237.783 0.660 5232.000 
848.462 237.903 0.659 5232.000 
848.422 238.062 0.660 5232.000 
848.382 238.221 0.660 5248.000 
848.342 238.341 0.659 5248.000 
848.302 238.500 0.660 5248.000 
848.262 238.659 0.660 5264.000 
848.222 238.818 0.659 5280.000 
848.182 238.938 0.660 5280.000 
848.142 239.097 0.660 5280.000 
848.102 239.216 0.659 5296.000 
848.102 239.336 0.660 5296.000 
848.022 239.495 0.659 5312.000 
847.982 239.614 0.660 5312.000 
847.942 239.774 0.660 5312.000 
847.861 239.933 0.659 5328.000 
847.821 240.092 0.660 5328.000 
847.741 240.212 0.660 5344.000 
847.701 240.371 0.659 5344.000 
847.661 240.530 0.660 5360.000 
847.621 240.689 0.660 5360.000 
847.621 240.849 0.659 5360.000 
847.581 241.048 0.660 5376.000 
847.541 241.167 0.660 5392.000 
847.541 241.286 0.659 5392.000 
847.501 241.406 0.661 5392.000 
847.501 241.565 0.660 5409.000 
847.461 241.685 0.659 5409.000 
847.461 241.804 0.661 5409.000 
847.421 241.923 0.659 5425.000 
847.381 242.043 0.660 5441.000 
847.341 242.202 0.660 5441.000 
847.260 242.321 0.659 5441.000 
847.180 242.441 0.660 5458.000 
847.140 242.560 0.661 5474.000 
847.100 242.680 0.659 5474.000 
847.060 242.799 0.660 5474.000 
847.020 242.919 0.660 5490.000 
846.980 242.998 0.659 5490.000 
846.940 243.118 0.661 5490.000 
846.940 243.197 0.660 5506.000 
846.900 243.317 0.659 5506.000 
846.860 243.396 0.660 5522.000 
846.780 243.516 0.659 5522.000 
846.740 243.635 0.660 5539.000 
846.740 243.755 0.661 5539.000 
846.699 243.834 0.659 5555.000 
846.659 243.914 0.660 5555.000 
846.619 244.033 0.661 5555.000 
846.619 244.113 0.659 5571.000 
846.579 244.232 0.661 5571.000 
846.539 244.312 0.660 5571.000 
846.499 244.391 0.660 5587.000 
846.459 244.511 0.661 5603.000 
846.419 244.591 0.660 5603.000 
846.339 244.710 0.660 5603.000 
846.299 244.790 0.661 5619.000 
846.259 244.909 0.660 5635.000 
846.219 245.028 0.660 5635.000 
846.179 245.108 0.661 5635.000 
846.139 245.227 0.659 5651.000 
846.058 245.307 0.660 5651.000 
846.018 245.426 0.661 5667.000 
845.978 245.506 0.660 5667.000 
845.898 245.625 0.661 5684.000 
845.858 245.745 0.661 5684.000 
845.778 245.904 0.660 5684.000 
845.738 246.024 0.661 5700.000 
845.658 246.143 0.661 5700.000 
845.578 246.302 0.660 5716.000 
845.538 246.422 0.661 5716.000 
845.457 246.541 0.660 5732.000 
845.377 246.700 0.660 5732.000 
845.297 246.820 0.662 5748.000 
845.257 246.939 0.660 5748.000 
845.137 247.059 0.660 5748.000 
845.057 247.178 0.661 5764.000 
845.017 247.297 0.660 5764.000 
844.977 247.457 0.661 5764.000 
844.937 247.536 0.661 5780.000 
844.856 247.696 0.660 5796.000 
844.816 247.775 0.661 5796.000 
844.776 247.895 0.661 5796.000 
844.736 248.014 0.660 5812.000 
844.696 248.133 0.661 5828.000 
844.656 248.213 0.661 5828.000 
844.616 248.372 0.660 5828.000 
844.576 248.452 0.662 5844.000 
844.536 248.571 0.660 5844.000 
844.496 248.691 0.660 5844.000 
844.456 248.810 0.661 5860.000 
844.416 248.930 0.660 5877.000 
844.376 249.049 0.661 5877.000 
844.336 249.129 0.661 5877.000 
844.295 249.248 0.660 5893.000 
844.255 249.328 0.661 5893.000 
844.215 249.447 0.661 5909.000 
844.175 249.567 0.660 5909.000 
844.135 249.686 0.661 5909.000 
844.095 249.805 0.661 5925.000 
844.055 249.885 0.660 5925.000 
843.975 250.004 0.661 5941.000 
843.935 250.084 0.660 5941.000 
843.895 250.164 0.660 5957.000 
843.855 250.283 0.661 5957.000 
843.775 250.363 0.660 5957.000 
843.735 250.442 0.660 5973.000 
843.694 250.562 0.661 5989.000 
843.654 250.681 0.660 5989.000 
843.614 250.801 0.661 5989.000 
843.574 250.920 0.661 6005.000 
843.534 251.039 0.660 6022.000 
843.534 251.159 0.661 6022.000 
843.494 251.278 0.661 6022.000 
843.454 251.398 0.660 6038.000 
843.414 251.477 0.661 6038.000 
843.414 251.557 0.661 6038.000 
843.374 251.637 0.660 6054.000 
843.374 251.716 0.662 6054.000 
843.334 251.796 0.660 6070.000 
843.294 251.915 0.661 6070.000 
843.294 251.995 0.662 6086.000 
843.214 252.074 0.660 6086.000 
843.174 252.194 0.661 6102.000 
843.134 252.313 0.661 6102.000 
843.053 252.433 0.660 6102.000 
843.013 252.552 0.661 6118.000 
842.973 252.632 0.661 6134.000 
842.933 252.751 0.660 6134.000 
842.893 252.871 0.662 6134.000 
842.883 252.990 0.661 6150.000 
842.873 253.109 0.660 6150.000 
842.863 253.229 0.662 6150.000 
842.853 253.348 0.660 6166.000 
842.843 253.468 0.661 6182.000 
842.833 253.587 0.662 6182.000 
842.823 253.667 0.660 6182.000 
842.812 253.786 0.661 6199.000 
842.802 253.906 0.662 6199.000 

842.782 254.025 0.660 6215
842.762 254.105 0.661 6215
842.742 254.224 0.661 6215
842.722 254.344 0.660 6231
842.702 254.463 0.662 6231
842.682 254.582 0.661 6247
842.661 254.742 0.660 6247
842.641 254.861 0.662 6263
842.621 254.981 0.661 6263
842.601 255.100 0.661 6263
842.581 255.219 0.662 6279
842.561 255.379 0.660 6295
842.541 255.538 0.661 6295

842.531 255.737 0.662 6295
842.451 255.896 0.660 6311
842.411 256.055 0.661 6311
842.331 256.254 0.662 6311
842.250 256.374 0.660 6327
842.210 256.533 0.662 6343
842.130 256.692 0.661 6343
842.050 256.851 0.660 6343
841.970 256.971 0.662 6359
841.890 257.090 0.661 6375
841.850 257.210 0.660 6375
841.810 257.329 0.662 6375
841.770 257.449 0.660 6391
841.730 257.568 0.661 6391
841.649 257.687 0.662 6408
841.609 257.847 0.660 6408
841.529 257.966 0.660 6408
841.449 258.125 0.662 6424
841.369 258.245 0.660 6424
841.289 258.404 0.662 6424
841.249 258.523 0.661 6440
841.169 258.643 0.660 6456
841.088 258.762 0.662 6456
841.008 258.882 0.661 6456
840.928 259.041 0.661 6472
840.888 259.160 0.662 6488
840.848 259.280 0.661 6488
840.768 259.399 0.661 6488
840.728 259.519 0.662 6504
840.688 259.678 0.661 6504
840.648 259.797 0.661 6521
840.608 259.917 0.662 6521
840.568 260.036 0.660 6521
840.487 260.156 0.662 6537
840.447 260.275 0.662 6537
840.367 260.394 0.660 6553
840.327 260.514 0.662 6553
840.247 260.673 0.661 6569
840.207 260.792 0.661 6569
840.127 260.912 0.662 6569
840.087 261.071 0.661 6585
840.047 261.191 0.661 6601
840.007 261.310 0.662 6601
839.886 261.429 0.661 6601
839.846 261.549 0.661 6617
839.846 261.668 0.662 6617
839.766 261.788 0.661 6617
839.726 261.907 0.661 6633
839.686 262.026 0.662 6649
839.606 262.146 0.660 6649
839.566 262.265 0.662 6649
839.486 262.345 0.661 6665
839.446 262.464 0.661 6665
839.406 262.584 0.662 6681
839.366 262.703 0.661 6681
839.326 262.783 0.661 6697
839.286 262.982 0.662 6697
839.286 263.101 0.660 6697
839.245 263.221 0.661 6713
839.205 263.340 0.662 6713
839.165 263.460 0.660 6729
839.125 263.579 0.661 6729
839.085 263.698 0.662 6746
839.045 263.818 0.660 6746
839.005 263.937 0.662 6762
839.005 264.057 0.661 6762
838.965 264.176 0.660 6762
838.925 264.296 0.662 6778
838.885 264.415 0.661 6794
838.845 264.534 0.661 6794
838.805 264.654 0.662 6794
838.765 264.734 0.661 6810
838.765 264.853 0.661 6810
838.725 264.972 0.662 6810
838.684 265.092 0.661 6826
838.644 265.171 0.661 6842
838.604 265.251 0.662 6842
838.564 265.410 0.660 6842
838.524 265.490 0.661 6858
838.484 265.569 0.662 6858
838.484 265.689 0.660 6875
838.404 265.808 0.662 6875
838.364 265.888 0.661 6891
838.364 266.007 0.661 6891
838.324 266.127 0.662 6891
838.284 266.246 0.661 6907
838.244 266.366 0.661 6907
838.244 266.485 0.662 6923
838.204 266.604 0.661 6923
838.164 266.684 0.661 6923
838.164 266.804 0.662 6939
838.083 266.883 0.661 6955
838.043 267.003 0.661 6955
838.003 267.082 0.662 6955
837.963 267.202 0.660 6971
837.923 267.281 0.661 6987
837.883 267.401 0.661 6987
837.843 267.480 0.661 6987
837.803 267.600 0.662 7004
837.763 267.719 0.661 7004
837.723 267.878 0.661 7004
837.683 268.038 0.662 7020
837.603 268.117 0.661 7020
837.563 268.276 0.661 7036
837.523 268.356 0.662 7036
837.482 268.476 0.661 7036
837.442 268.595 0.662 7052
837.402 268.675 0.662 7068
837.362 268.794 0.661 7068
837.322 268.913 0.662 7068
837.282 268.993 0.661 7084
837.282 269.112 0.661 7084
837.202 269.232 0.662 7084
837.162 269.351 0.662 7100
837.122 269.431 0.661 7116
837.082 269.550 0.662 7116
837.002 269.670 0.661 7116
836.962 269.749 0.661 7132
836.922 269.869 0.663 7148
836.841 269.988 0.661 7148
836.801 270.108 0.662 7148
836.761 270.267 0.662 7165
836.721 270.386 0.661 7165
836.681 270.506 0.662 7165
836.641 270.585 0.662 7181
836.601 270.705 0.661 7197
836.561 270.824 0.662 7197
836.521 270.904 0.662 7197
836.481 271.023 0.661 7213
836.441 271.143 0.662 7229
836.401 271.222 0.661 7229
836.401 271.342 0.661 7229
836.361 271.461 0.662 7245
836.361 271.541 0.661 7245
836.361 271.660 0.662 7245
836.321 271.740 0.662 7261
836.280 271.859 0.661 7261
836.240 271.939 0.662 7277
836.160 272.058 0.662 7277
836.160 272.178 0.661 7277
836.080 272.297 0.662 7293
836.040 272.417 0.662 7309
836.000 272.536 0.661 7309
836.000 272.695 0.663 7309
835.960 272.815 0.662 7325
835.920 272.934 0.661 7341
835.880 273.053 0.663 7341
835.840 273.173 0.661 7341
835.800 273.292 0.662 7357
835.720 273.412 0.663 7357
835.679 273.531 0.661 7373
835.639 273.690 0.662 7373
835.599 273.810 0.663 7373
835.519 273.969 0.661 7389
835.479 274.128 0.662 7389
835.439 274.248 0.662 7405
835.399 274.367 0.661 7405
835.359 274.487 0.663 7421
835.319 274.606 0.662 7421
835.239 274.725 0.661 7421
835.239 274.805 0.662 7437
835.159 274.964 0.662 7454
835.119 275.084 0.662 7454
835.038 275.243 0.663 7454
834.998 275.362 0.661 7470
834.998 275.522 0.662 7470
834.958 275.641 0.663 7470
834.918 275.760 0.661 7486
834.878 275.920 0.662 7502
834.838 276.039 0.663 7502
834.758 276.158 0.661 7502
834.718 276.278 0.663 7518
834.678 276.437 0.662 7534
834.598 276.557 0.661 7534
834.558 276.716 0.663 7534
834.518 276.875 0.662 7550
834.477 277.034 0.661 7550
834.397 277.154 0.663 7550
834.357 277.313 0.662 7566
834.277 277.432 0.662 7582
834.197 277.592 0.663 7582
834.157 277.751 0.661 7582
834.077 277.870 0.662 7598
833.997 277.990 0.663 7598
833.957 278.149 0.661 7614
833.917 278.308 0.663 7614
833.836 278.428 0.662 7614
833.796 278.587 0.661 7630
833.756 278.746 0.663 7630
833.716 278.865 0.662 7646
833.676 278.985 0.662 7646
833.636 279.104 0.663 7662
833.556 279.224 0.662 7662
833.516 279.343 0.662 7662
833.476 279.463 0.663 7678
833.436 279.582 0.661 7694
833.356 279.662 0.662 7694
833.315 279.781 0.663 7694
833.275 279.900 0.662 7710
833.235 280.060 0.663 7726
833.155 280.179 0.663 7726
833.115 280.338 0.662 7726
833.075 280.458 0.663 7743
832.995 280.577 0.663 7743
832.955 280.736 0.662 7743
832.915 280.856 0.663 7759
832.875 280.975 0.662 7759
832.835 281.095 0.662 7775
832.835 281.214 0.663 7775
832.795 281.334 0.662 7775
832.755 281.413 0.662 7791
832.715 281.533 0.663 7807
832.674 281.612 0.662 7807
832.634 281.732 0.662 7807
832.594 281.851 0.663 7823
832.554 281.931 0.662 7823
832.514 282.050 0.663 7839
832.474 282.170 0.663 7839
832.434 282.289 0.662 7839
832.394 282.408 0.663 7855
832.354 282.568 0.663 7871
832.274 282.687 0.662 7871
832.234 282.807 0.663 7871
832.154 282.886 0.662 7887
832.154 283.006 0.662 7887
832.114 283.085 0.663 7903
832.073 283.205 0.662 7903
831.993 283.284 0.663 7920
831.993 283.364 0.663 7920
831.953 283.483 0.662 7936
831.913 283.603 0.663 7936
831.873 283.682 0.663 7936
831.833 283.762 0.662 7952
831.833 283.841 0.663 7952
831.793 283.921 0.662 7952
831.753 284.001 0.662 7968
831.753 284.120 0.664 7984
831.713 284.200 0.662 7984
831.673 284.319 0.663 7984
831.633 284.399 0.664 8000
831.593 284.518 0.662 8016
831.553 284.638 0.663 8016
831.513 284.757 0.663 8016
831.432 284.876 0.662 8032
831.432 285.036 0.663 8032
831.392 285.115 0.663 8032
831.352 285.195 0.662 8048
831.312 285.275 0.663 8064
831.312 285.354 0.663 8064
831.272 285.434 0.662 8064
831.232 285.513 0.663 8080
831.192 285.553 0.663 8080
831.152 285.633 0.662 8096
831.112 285.713 0.664 8096
831.072 285.832 0.662 8096
831.032 285.912 0.663 8113
830.992 286.031 0.664 8129
830.952 286.111 0.662 8129
830.952 286.190 0.663 8129
830.911 286.270 0.663 8145
830.871 286.349 0.662 8161
830.871 286.429 0.664 8161
830.831 286.509 0.663 8161
830.791 286.588 0.662 8177
830.791 286.668 0.663 8177
830.751 286.748 0.663 8177
830.711 286.827 0.662 8193
830.711 286.907 0.664 8193
830.671 287.026 0.662 8209
830.631 287.106 0.662 8209
830.631 287.225 0.664 8209
830.591 287.305 0.662 8225
830.551 287.424 0.663 8241
830.511 287.544 0.663 8241
830.511 287.623 0.662 8241
830.471 287.743 0.663 8257
830.471 287.822 0.663 8273
830.391 287.902 0.662 8273
830.351 288.021 0.664 8273
830.311 288.061 0.663 8289
830.311 288.141 0.662 8289
830.270 288.260 0.664 8305
830.230 288.300 0.663 8305
830.190 288.380 0.663 8305
830.150 288.459 0.664 8321
830.110 288.539 0.662 8337
830.070 288.618 0.663 8337
830.030 288.698 0.664 8337
829.990 288.778 0.662 8353
829.950 288.857 0.663 8353
829.910 288.937 0.663 8353
829.910 289.017 0.662 8370
829.830 289.096 0.664 8370
829.790 289.176 0.663 8386
829.790 289.255 0.663 8386
829.750 289.375 0.664 8402
829.710 289.454 0.663 8402
829.669 289.534 0.663 8418
829.629 289.614 0.664 8418
829.589 289.693 0.662 8418
829.549 289.773 0.663 8434
829.509 289.892 0.664 8450
829.469 289.932 0.662 8450
829.429 290.012 0.663 8450
829.429 290.052 0.663 8466
829.389 290.131 0.662 8466
829.389 290.171 0.664 8466
829.349 290.211 0.663 8482
829.349 290.251 0.663 8499
829.349 290.290 0.664 8499
829.349 290.290 0.663 8499
829.349 290.410 0.663 8515
829.349 290.450 0.664 8531
829.349 290.450 0.663 8531
829.309 290.450 0.664 8547
829.309 290.490 0.663 8547
829.309 290.529 0.664 8563
829.269 290.529 0.662 8579
829.269 290.569 0.664 8579
829.269 290.569 0.663 8579
829.269 290.569 0.664 8595
829.269 290.569 0.663 8611
829.269 290.569 0.664 8611
829.269 290.569 0.663 8627
829.269 290.569 0.664 8643
829.269 290.569 0.662 8643
829.269 290.569 0.663 8659
829.269 290.569 0.662 8659
829.269 290.569 0.661 8677
829.269 290.569 0.659 8677
829.269 290.529 0.659 8693
829.269 290.529 0.657 8709
829.269 290.529 0.656 8709
829.269 290.529 0.654 8725
829.269 290.529 0.655 8742
829.269 290.529 0.654 8742
829.269 290.529 0.653 8758
829.269 290.490 0.653 8758
829.269 290.450 0.651 8774
829.269 290.410 0.651 8774
829.269 290.330 0.650 8790
829.269 290.251 0.650 8790
829.269 290.131 0.651 8790
829.269 290.012 0.650 8806
829.269 290.012 0.649 8806
829.269 289.853 0.651 8822
829.309 289.654 0.649 8822
829.349 289.494 0.649 8822
829.429 289.335 0.650 8838
829.469 289.136 0.648 8854
829.509 288.977 0.648 8854
829.589 288.778 0.649 8854
829.629 288.579 0.648 8870
829.710 288.419 0.649 8870
829.790 288.220 0.649 8870
829.870 288.061 0.648 8886
829.910 287.862 0.649 8902
829.990 287.663 0.648 8902
830.070 287.464 0.648 8902
830.110 287.265 0.649 8919
830.230 287.066 0.648 8935
830.270 286.907 0.648 8935
830.351 286.748 0.649 8935
830.431 286.549 0.648 8951
830.511 286.389 0.649 8951
830.551 286.190 0.649 8967
830.631 285.991 0.648 8967
830.711 285.792 0.649 8983
830.831 285.633 0.649 8983
830.911 285.434 0.648 8983
830.992 285.195 0.649 8999
831.112 284.956 0.648 8999
831.192 284.677 0.648 9015
831.272 284.439 0.649 9015
831.392 284.200 0.648 9015
831.472 283.961 0.648 9031
831.553 283.722 0.649 9047
831.633 283.483 0.647 9047
831.713 283.244 0.648 9047
831.833 283.006 0.649 9063
831.913 282.767 0.648 9063
831.993 282.568 0.648 9079
832.073 282.329 0.649 9079
832.154 282.130 0.647 9079
832.234 281.971 0.649 9095
832.314 281.811 0.648 9095
832.354 281.652 0.648 9111
832.434 281.493 0.649 9111
832.474 281.334 0.648 9127
832.554 281.135 0.648 9127
832.634 280.975 0.649 9127
832.715 280.776 0.648 9143
832.795 280.617 0.648 9160
832.915 280.378 0.649 9160
832.995 280.179 0.648 9160
833.075 279.940 0.649 9176
833.155 279.701 0.649 9192
833.235 279.502 0.648 9192
833.315 279.303 0.649 9192
833.396 279.104 0.649 9208
833.476 278.905 0.648 9208
833.556 278.706 0.649 9208
833.596 278.547 0.648 9224
833.676 278.388 0.648 9224
833.716 278.189 0.649 9240
833.756 278.030 0.648 9240
833.836 277.910 0.648 9256
833.876 277.711 0.649 9256
833.917 277.512 0.648 9272
833.957 277.353 0.648 9272
833.997 277.154 0.649 9272
834.037 276.955 0.648 9288
834.117 276.756 0.649 9304
834.157 276.517 0.649 9304
834.197 276.318 0.648 9304
834.277 276.079 0.649 9321
834.357 275.840 0.649 9321
834.437 275.601 0.648 9321
834.518 275.402 0.649 9337
834.558 275.203 0.649 9353
834.638 274.964 0.648 9353
834.678 274.805 0.649 9353
834.758 274.606 0.648 9369
834.798 274.447 0.649 9369
834.798 274.248 0.649 9385
834.838 274.049 0.648 9385
834.878 273.850 0.648 9385
834.918 273.651 0.649 9401
834.958 273.412 0.648 9401
834.998 273.173 0.649 9417
835.038 272.894 0.649 9417
835.078 272.616 0.648 9433
835.159 272.377 0.649 9433
835.199 272.098 0.649 9433
835.239 271.859 0.648 9449
835.319 271.620 0.650 9465
835.359 271.381 0.648 9465
835.399 271.182 0.649 9465
835.479 270.983 0.649 9481
835.519 270.824 0.648 9481
835.599 270.665 0.648 9481
835.679 270.506 0.649 9497
835.760 270.346 0.648 9514
835.840 270.147 0.648 9514
835.920 269.988 0.648 9514
836.000 269.829 0.647 9530
836.080 269.670 0.648 9530
836.160 269.510 0.648 9546
836.280 269.351 0.647 9546
836.361 269.192 0.649 9562
836.441 269.033 0.648 9562
836.521 268.874 0.648 9578
836.601 268.714 0.649 9578
836.721 268.595 0.647 9578
836.801 268.396 0.648 9594
836.922 268.237 0.649 9594
837.042 268.077 0.647 9611
837.162 267.878 0.648 9611
837.322 267.640 0.648 9627
837.482 267.480 0.645 9627
837.603 267.321 0.648 9627
837.763 267.122 0.647 9643
837.923 266.963 0.646 9659
838.083 266.804 0.648 9659
838.244 266.644 0.647 9659
838.404 266.445 0.646 9675
838.564 266.246 0.648 9675
838.765 266.047 0.647 9691
838.925 265.848 0.646 9691
839.125 265.609 0.648 9691
839.326 265.410 0.646 9707
839.526 265.132 0.647 9707
839.726 264.893 0.648 9723
839.927 264.694 0.646 9723
840.127 264.495 0.647 9739
840.327 264.296 0.647 9739
840.568 264.136 0.645 9739
840.768 264.017 0.647 9755
841.008 263.858 0.647 9771
841.209 263.698 0.646 9771
841.449 263.539 0.647 9771
841.649 263.380 0.646 9788
841.850 263.261 0.646 9788
842.050 263.062 0.647 9804
842.250 262.902 0.645 9804
842.451 262.743 0.647 9820
842.611 262.584 0.647 9820
842.771 262.425 0.645 9836
842.932 262.265 0.646 9836
843.092 262.106 0.647 9836
843.252 261.987 0.645 9852
843.372 261.827 0.647 9852
843.533 261.668 0.647 9852
843.693 261.589 0.645 9868
843.893 261.469 0.647 9884
844.053 261.350 0.646 9884
844.214 261.230 0.645 9884
844.414 261.111 0.646 9900
844.574 260.992 0.645 9916
844.775 260.832 0.646 9916
844.935 260.673 0.647 9916
845.095 260.514 0.645 9932
845.255 260.315 0.646 9932
845.416 260.156 0.647 9932
845.536 259.996 0.645 9949
845.696 259.837 0.647 9965
845.816 259.718 0.647 9965
845.977 259.598 0.645 9965
846.097 259.479 0.647 9981
846.217 259.359 0.647 9981
846.337 259.280 0.646 9997
846.457 259.160 0.648 9997
846.578 259.081 0.646 10013
846.698 259.001 0.647 10013
846.898 258.922 0.648 10013
847.018 258.842 0.646 10029
847.179 258.762 0.647 10029
847.339 258.722 0.648 10045
847.459 258.643 0.647 10045
847.619 258.563 0.648 10045
847.740 258.484 0.648 10061
847.900 258.404 0.646 10077
848.020 258.364 0.648 10077
848.140 258.284 0.647 10077
848.260 258.245 0.647 10093
848.381 258.205 0.648 10093
848.501 258.165 0.647 10093
848.581 258.125 0.647 10109
848.701 258.046 0.648 10125
848.821 258.006 0.647 10125
848.982 257.886 0.647 10125
849.062 257.847 0.648 10141
849.182 257.767 0.647 10141
849.302 257.727 0.648 10157
849.422 257.727 0.648 10157
849.543 257.687 0.647 10173
849.623 257.648 0.648 10173
849.743 257.608 0.648 10189
849.823 257.568 0.647 10189
849.943 257.528 0.648 10189
850.103 257.488 0.648 10205
850.184 257.409 0.647 10205
850.344 257.369 0.649 10222
850.424 257.329 0.647 10222
850.544 257.289 0.648 10238
850.624 257.250 0.648 10238
850.745 257.210 0.647 10238
850.825 257.170 0.648 10254
850.905 257.170 0.648 10270
851.025 257.130 0.647 10270
851.105 257.090 0.648 10270
851.225 257.050 0.648 10286
851.306 257.011 0.647 10286
851.466 256.971 0.648 10286
851.586 256.891 0.648 10302
851.706 256.851 0.647 10318
851.826 256.812 0.648 10318
851.906 256.812 0.647 10318
852.027 256.772 0.647 10334
852.147 256.732 0.648 10334
852.267 256.732 0.647 10350
852.387 256.692 0.648 10350
852.467 256.692 0.648 10350
852.628 256.652 0.647 10366
852.748 256.652 0.648 10382
852.868 256.613 0.648 10382
853.028 256.613 0.647 10382
853.149 256.573 0.648 10399
853.309 256.573 0.648 10399
853.429 256.533 0.647 10399
853.589 256.533 0.648 10415
853.710 256.493 0.647 10431
853.870 256.493 0.647 10431
853.990 256.453 0.648 10431
854.150 256.414 0.647 10447
854.310 256.414 0.647 10447
854.431 256.374 0.648 10463
854.591 256.374 0.647 10463
854.711 256.254 0.648 10479
854.871 256.215 0.648 10479
855.032 256.215 0.647 10495
855.192 256.175 0.648 10495
855.352 256.175 0.647 10495
855.513 256.135 0.647 10511
855.673 256.095 0.648 10511
855.833 256.095 0.648 10511
855.953 256.055 0.647 10527
856.114 256.055 0.648 10543
856.274 256.055 0.647 10543
856.434 256.055 0.647 10543
856.554 256.055 0.648 10559
856.714 256.055 0.647 10575
856.875 256.055 0.647 10575
857.035 256.055 0.648 10575
857.235 256.055 0.647 10591
857.396 256.055 0.648 10591
857.596 256.055 0.647 10591
857.756 256.016 0.647 10607
857.957 256.016 0.648 10623
858.117 256.016 0.648 10623
858.277 255.976 0.647 10623
858.437 255.976 0.648 10639
858.598 255.936 0.647 10639
858.758 255.936 0.647 10655
858.918 255.896 0.649 10655
859.078 255.896 0.647 10671
859.239 255.896 0.648 10671
859.399 255.856 0.648 10671
859.519 255.856 0.647 10687
859.679 255.896 0.648 10687
859.800 255.896 0.648 10704
859.960 255.936 0.647 10704
860.080 255.936 0.648 10704
860.200 255.976 0.648 10720
860.361 255.976 0.647 10736
860.481 255.976 0.649 10736
860.641 255.976 0.647 10736
860.761 255.976 0.648 10752
860.922 256.016 0.649 10768
861.122 256.016 0.648 10768
861.282 256.016 0.647 10768
861.442 256.055 0.649 10784
861.563 256.095 0.648 10784
861.723 256.135 0.647 10800
861.843 256.175 0.649 10800
861.963 256.215 0.647 10800
862.083 256.254 0.649 10816
862.244 256.334 0.648 10816
862.364 256.374 0.647 10833
862.524 256.414 0.648 10833
862.644 256.453 0.648 10849
862.805 256.493 0.648 10849
862.925 256.533 0.649 10849
863.085 256.573 0.648 10865
863.205 256.613 0.648 10881
863.366 256.692 0.649 10881
863.526 256.732 0.647 10881
863.686 256.812 0.648 10897
863.846 256.891 0.648 10897
864.007 257.011 0.647 10897
864.167 257.090 0.649 10913
864.287 257.170 0.648 10929
864.407 257.250 0.647 10929
864.528 257.329 0.648 10929
864.608 257.409 0.648 10945
864.728 257.488 0.647 10945
864.808 257.568 0.648 10961
864.888 257.608 0.648 10961
864.968 257.687 0.647 10961
865.048 257.727 0.649 10977
865.129 257.807 0.648 10993
865.169 257.847 0.648 10993
865.249 257.966 0.649 10993
865.329 258.046 0.648 11009
865.369 258.085 0.648 11025
865.409 258.125 0.649 11025
865.449 258.205 0.648 11025
865.489 258.245 0.649 11041
865.529 258.324 0.649 11041
865.569 258.364 0.648 11041
865.569 258.444 0.650 11057
865.609 258.523 0.649 11057
865.609 258.563 0.649 11073
865.609 258.643 0.650 11073
865.649 258.683 0.649 11073
865.649 258.762 0.649 11089
865.689 258.842 0.650 11105
865.730 258.882 0.649 11105
865.730 258.961 0.650 11105
865.770 259.041 0.650 11121
865.810 259.121 0.649 11137
865.810 259.200 0.650 11137
865.810 259.240 0.650 11137
865.850 259.320 0.649 11154
865.850 259.359 0.651 11154
865.850 259.439 0.651 11170
865.850 259.479 0.650 11170
865.850 259.598 0.652 11170
865.850 259.678 0.651 11186
865.850 259.718 0.652 11186
865.850 259.837 0.653 11202
865.810 259.996 0.652 11202
865.730 260.195 0.653 11218
865.649 260.394 0.654 11218
865.529 260.514 0.653 11218
865.449 260.673 0.655 11234
865.369 260.792 0.656 11250
865.289 260.952 0.655 11250
865.209 261.071 0.658 11250
865.089 261.191 0.658 11266
865.008 261.310 0.658 11266
864.888 261.390 0.660 11282
864.768 261.509 0.661 11282
864.608 261.628 0.662 11298
864.487 261.748 0.664 11298
864.327 261.867 0.664 11298
864.207 261.987 0.666 11314
864.047 262.106 0.668 11314
863.886 262.226 0.668 11330
863.726 262.385 0.670 11330
863.526 262.504 0.671 11330
863.326 262.624 0.671 11346
863.125 262.783 0.673 11363
862.925 262.942 0.673 11363
862.765 263.062 0.672 11363
862.564 263.181 0.674 11379
862.404 263.261 0.674 11379
862.204 263.380 0.674 11379
862.043 263.499 0.677 11395
861.843 263.579 0.676 11411
861.683 263.659 0.677 11411
861.482 263.738 0.679 11411
861.282 263.858 0.679 11427
861.082 263.937 0.681 11443
860.841 264.017 0.682 11443
860.641 264.136 0.683 11443
860.401 264.216 0.685 11459
860.160 264.335 0.687 11459
859.920 264.415 0.687 11475
859.720 264.534 0.691 11475
859.479 264.614 0.691 11475
859.279 264.734 0.692 11491
859.078 264.813 0.694 11491
858.878 264.933 0.693 11507
858.678 265.012 0.693 11507
858.437 265.092 0.695 11523
858.237 265.171 0.694 11523
858.037 265.291 0.696 11523
857.796 265.331 0.697 11539
857.516 265.410 0.697 11555
857.316 265.450 0.698 11555
857.075 265.490 0.700 11555
856.875 265.569 0.699 11571
856.594 265.609 0.702 11571
856.394 265.649 0.703 11571
856.234 265.689 0.702 11587
856.033 265.729 0.705 11603
855.833 265.768 0.704 11603
855.593 265.848 0.704 11603
855.432 265.888 0.706 11619
855.192 265.928 0.705 11635
854.992 265.968 0.706 11635
854.791 266.007 0.707 11635
854.591 266.047 0.706 11651
854.391 266.087 0.708 11651
854.230 266.167 0.709 11651
854.030 266.206 0.707 11668
853.830 266.246 0.709 11668
853.669 266.286 0.709 11684
853.509 266.286 0.709 11684
853.309 266.326 0.710 11700
853.109 266.366 0.710 11700
852.908 266.405 0.710 11716
852.708 266.405 0.711 11716
852.508 266.445 0.710 11716
852.347 266.485 0.711 11732
852.147 266.525 0.712 11748
851.947 266.565 0.711 11748
851.786 266.604 0.712 11748
851.586 266.644 0.713 11764
851.426 266.764 0.712 11764
851.265 266.804 0.713 11764
851.065 266.804 0.713 11780
850.905 266.804 0.712 11796
850.745 266.843 0.715 11796
850.584 266.883 0.714 11796
850.424 266.923 0.714 11812
850.264 266.963 0.715 11812
850.103 267.003 0.714 11828
849.943 267.042 0.714 11828
849.823 267.082 0.716 11844
849.583 267.122 0.715 11844
849.422 267.162 0.716 11844
849.222 267.162 0.717 11860
849.062 267.162 0.716 11860
848.901 267.202 0.717 11876
848.701 267.241 0.717 11876
848.541 267.241 0.716 11876
848.421 267.281 0.717 11892
848.260 267.321 0.717 11908
848.100 267.321 0.717 11908
847.980 267.321 0.717 11908
847.820 267.361 0.717 11924
847.699 267.361 0.717 11941
847.539 267.401 0.718 11941
847.379 267.401 0.717 11941
847.219 267.440 0.717 11957
847.099 267.440 0.719 11957
846.938 267.440 0.717 11957
846.818 267.480 0.718 11973
846.658 267.480 0.719 11989
846.497 267.520 0.718 11989
846.377 267.520 0.720 11989
846.217 267.560 0.719 12005
845.977 267.560 0.718 12005
845.856 267.560 0.720 12021
845.696 267.600 0.720 12021
845.536 267.640 0.720 12021
845.416 267.640 0.721 12038
845.295 267.679 0.720 12038
845.215 267.759 0.721 12054
845.095 267.759 0.723 12054
845.015 267.799 0.721 12070
844.895 267.799 0.723 12070
844.815 267.799 0.724 12070
844.694 267.839 0.723 12086
844.614 267.839 0.724 12102
844.494 267.878 0.725 12102
844.374 267.878 0.724 12102
844.334 267.878 0.726 12118
844.214 267.878 0.725 12118
844.134 267.878 0.725 12134
844.053 267.878 0.727 12134
843.973 267.878 0.726 12134
843.893 267.878 0.727 12150
843.773 267.918 0.729 12167
843.693 267.918 0.728 12167
843.613 267.918 0.729 12167
843.492 267.958 0.730 12183
843.412 267.958 0.729 12183
843.292 267.998 0.730 12183
843.212 267.998 0.731 12199
843.092 268.038 0.730 12215
843.052 268.038 0.731 12215
842.932 268.038 0.731 12215
842.851 268.038 0.730 12231
842.771 268.077 0.732 12247
842.691 268.077 0.731 12247
842.611 268.077 0.732 12247
842.531 268.077 0.733 12263
842.451 268.077 0.732 12263
842.331 268.117 0.733 12263
842.250 268.117 0.734 12279
842.170 268.157 0.732 12279
842.050 268.157 0.733 12295
841.930 268.197 0.734 12295
841.810 268.197 0.733 12311
841.690 268.197 0.734 12311
841.569 268.197 0.734 12327
841.449 268.237 0.733 12327
841.369 268.197 0.735 12327
841.289 268.197 0.734 12343
841.249 268.197 0.734 12343
841.129 268.197 0.736 12343
841.048 268.237 0.734 12359
841.008 268.237 0.735 12376
840.928 268.237 0.736 12376
840.848 268.237 0.735 12376
840.728 268.276 0.736 12392
840.648 268.276 0.737 12408
840.528 268.237 0.735 12408
840.407 268.237 0.737 12408
840.287 268.237 0.737 12424
840.167 268.237 0.736 12424
840.047 268.237 0.738 12424
839.967 268.237 0.737 12440
839.846 268.237 0.736 12456
839.766 268.237 0.739 12456
839.646 268.237 0.738 12456
839.566 268.237 0.738 12472
839.446 268.276 0.740 12472
839.366 268.276 0.737 12488
839.245 268.316 0.739 12488
839.125 268.316 0.740 12488
839.005 268.356 0.738 12504
838.885 268.356 0.739 12521
838.805 268.396 0.740 12521
838.644 268.396 0.739 12521
838.564 268.436 0.740 12537
838.484 268.436 0.740 12553
838.404 268.436 0.739 12553
838.324 268.476 0.741 12553
838.244 268.476 0.740 12569
838.164 268.476 0.739 12569
838.083 268.515 0.741 12569
838.043 268.515 0.740 12585
837.963 268.555 0.740 12585
837.883 268.555 0.741 12601
837.843 268.595 0.740 12601
837.803 268.595 0.740 12601
837.763 268.635 0.741 12617
837.683 268.635 0.740 12633
837.643 268.675 0.741 12633
837.603 268.675 0.741 12633
837.563 268.675 0.740 12650
837.482 268.714 0.742 12650
837.442 268.714 0.741 12650
837.402 268.714 0.740 12666
837.362 268.714 0.742 12682
837.362 268.714 0.741 12682
837.362 268.714 0.740 12682
837.362 268.714 0.742 12698
837.362 268.714 0.740 12714
837.362 268.754 0.738 12730
837.362 268.754 0.737 12730
837.362 268.754 0.735 12746
837.362 268.794 0.736 12746
837.362 268.794 0.735 12762
837.362 268.834 0.737 12762
837.362 268.794 0.736 12778
837.362 268.834 0.738 12794
837.362 268.834 0.736 12794
837.362 268.834 0.738 12810
837.362 268.834 0.737 12827
837.362 268.834 0.738 12827
837.362 268.834 0.736 12843
837.362 268.834 0.737 12859
837.362 268.834 0.735 12859
837.402 268.834 0.734 12875
837.482 268.834 0.735 12875
837.603 268.834 0.734 12875
837.683 268.834 0.733 12891
837.843 268.874 0.735 12891
837.963 268.834 0.733 12907
838.124 268.834 0.734 12907
838.324 268.834 0.735 12907
838.524 268.834 0.733 12923
838.725 268.794 0.734 12939
838.965 268.754 0.735 12939
839.245 268.754 0.733 12939
839.486 268.714 0.735 12955
839.766 268.675 0.735 12955
840.047 268.675 0.734 12971
840.287 268.675 0.736 12971
840.568 268.635 0.734 12987
840.848 268.635 0.734 12987
841.088 268.635 0.736 12987
841.329 268.595 0.735 13003
841.609 268.595 0.734 13003
841.850 268.595 0.736 13019
842.090 268.555 0.734 13019
842.331 268.555 0.735 13036
842.611 268.515 0.736 13036
842.851 268.476 0.734 13052
843.092 268.476 0.735 13052
843.332 268.396 0.735 13052
843.573 268.356 0.734 13068
843.773 268.316 0.736 13068
843.973 268.276 0.735 13084
844.174 268.276 0.734 13084
844.414 268.237 0.736 13100
844.614 268.237 0.735 13100
844.855 268.197 0.735 13100
845.095 268.197 0.737 13116
845.336 268.197 0.735 13132
845.576 268.157 0.735 13132
845.816 268.157 0.736 13132
846.057 268.157 0.735 13148
846.337 268.117 0.736 13148
846.538 268.077 0.736 13164
846.738 268.038 0.735 13164
846.938 267.998 0.736 13164
847.139 267.958 0.735 13180
847.339 267.918 0.735 13196
847.499 267.918 0.737 13196
847.699 267.878 0.736 13196
847.860 267.878 0.735 13212
848.020 267.878 0.737 13212
848.220 267.839 0.736 13212
848.381 267.839 0.736 13228
848.541 267.799 0.737 13244
848.741 267.799 0.735 13244
848.901 267.759 0.736 13244
849.102 267.679 0.736 13260
849.302 267.679 0.735 13276
849.503 267.640 0.736 13276
849.703 267.640 0.736 13276
849.943 267.600 0.735 13292
850.103 267.600 0.736 13292
850.264 267.600 0.736 13308
850.424 267.600 0.735 13308
850.584 267.600 0.737 13308
850.705 267.600 0.736 13325
850.825 267.600 0.735 13341
850.985 267.600 0.737 13341
851.105 267.600 0.735 13341
851.265 267.600 0.736 13357
851.386 267.640 0.737 13357
851.546 267.640 0.735 13357
851.706 267.640 0.736 13373
851.826 267.640 0.737 13373
851.987 267.719 0.735 13389
852.147 267.719 0.737 13389
852.307 267.759 0.736 13405
852.467 267.759 0.735 13405
852.668 267.799 0.736 13421
852.828 267.799 0.736 13421
852.988 267.839 0.735 13421
853.149 267.839 0.737 13437
853.309 267.878 0.735 13437
853.469 267.918 0.736 13437
853.589 267.958 0.737 13453
853.750 267.998 0.735 13469
853.950 268.038 0.736 13469
854.070 268.077 0.737 13469
854.230 268.117 0.735 13486
854.351 268.157 0.736 13502
854.511 268.237 0.736 13502
854.631 268.276 0.735 13502
854.751 268.356 0.736 13518
854.871 268.396 0.736 13518
854.992 268.436 0.735 13534
855.152 268.476 0.737 13534
855.272 268.515 0.736 13550
855.392 268.555 0.736 13550
855.553 268.595 0.737 13550
855.673 268.635 0.735 13566
855.793 268.675 0.736 13566
855.913 268.714 0.736 13582
855.993 268.754 0.735 13582
856.114 268.794 0.736 13582
856.194 268.794 0.737 13598
856.314 268.834 0.735 13614
856.394 268.874 0.736 13614
856.514 268.913 0.736 13614
856.634 268.993 0.735 13630
856.755 269.033 0.736 13646
856.835 269.073 0.736 13646
856.955 269.152 0.735 13646
857.075 269.192 0.737 13662
857.195 269.272 0.735 13662
857.316 269.351 0.736 13678
857.396 269.431 0.737 13678
857.516 269.510 0.735 13678
857.636 269.590 0.736 13694
857.756 269.630 0.736 13694
857.836 269.749 0.735 13694
857.917 269.829 0.737 13710
858.037 269.909 0.736 13726
858.077 269.988 0.735 13726
858.157 270.068 0.737 13726
858.237 270.187 0.736 13742
858.317 270.267 0.735 13742
858.357 270.307 0.737 13759
858.437 270.386 0.735 13759
858.477 270.466 0.736 13775
858.558 270.506 0.737 13775
858.598 270.546 0.735 13791
858.638 270.625 0.736 13791
858.758 270.665 0.737 13791
858.798 270.705 0.735 13807
858.838 270.745 0.736 13807
858.918 270.824 0.736 13807
858.958 270.864 0.735 13823
859.038 270.904 0.738 13839
859.078 270.944 0.736 13839
859.119 271.023 0.736 13839
859.199 271.063 0.737 13855
859.239 271.143 0.736 13872
859.279 271.222 0.736 13872
859.319 271.302 0.737 13872
859.359 271.342 0.735 13888
859.399 271.421 0.737 13888
859.479 271.501 0.737 13904
859.519 271.541 0.736 13904
859.559 271.620 0.737 13920
859.639 271.700 0.737 13920
859.679 271.740 0.736 13920
859.720 271.819 0.737 13936
859.720 271.899 0.737 13936
859.760 271.979 0.736 13952
859.800 272.058 0.737 13952
859.800 272.138 0.737 13952
859.840 272.217 0.737 13968
859.840 272.297 0.738 13985
859.840 272.377 0.737 13985
859.840 272.496 0.737 13985
859.840 272.616 0.738 14001
859.840 272.695 0.737 14001
859.840 272.775 0.738 14001
859.840 272.854 0.738 14017
859.840 272.974 0.737 14033
859.840 273.053 0.738 14033
859.840 273.133 0.739 14033
859.840 273.213 0.738 14049
859.840 273.292 0.738 14065
859.840 273.412 0.738 14065
859.840 273.491 0.737 14065
859.840 273.571 0.739 14081
859.800 273.690 0.738 14081
859.800 273.810 0.739 14081
859.800 273.889 0.739 14097
859.800 273.969 0.738 14097
859.800 274.089 0.738 14113
859.800 274.208 0.740 14113
859.800 274.288 0.739 14129
859.800 274.407 0.739 14129
859.760 274.487 0.739 14145
859.720 274.566 0.739 14145
859.720 274.686 0.740 14145
859.679 274.765 0.739 14161
859.639 274.845 0.738 14177
859.639 275.004 0.739 14177
859.599 275.084 0.739 14177
859.559 275.163 0.738 14193
859.559 275.283 0.740 14193
859.519 275.402 0.738 14193
859.519 275.482 0.739 14210
859.479 275.601 0.740 14226
859.399 275.681 0.739 14226
859.399 275.800 0.739 14226
859.359 275.920 0.740 14242
859.319 276.039 0.738 14242
859.279 276.039 0.740 14258
859.239 276.158 0.739 14258
859.199 276.278 0.738 14258
859.159 276.437 0.740 14274
859.119 276.557 0.739 14290
859.078 276.676 0.738 14290
859.038 276.795 0.740 14290
858.998 276.915 0.739 14307
858.998 277.034 0.739 14307
858.958 277.154 0.740 14307
858.918 277.273 0.738 14323
858.878 277.353 0.740 14339
858.878 277.512 0.740 14339
858.838 277.631 0.739 14339
858.798 277.751 0.740 14355
858.758 277.870 0.739 14371
858.718 277.990 0.739 14371
858.678 278.109 0.740 14371
858.638 278.229 0.740 14388
858.558 278.348 0.739 14388
858.518 278.428 0.740 14388
858.477 278.547 0.739 14404
858.437 278.666 0.739 14404
858.397 278.746 0.740 14420
858.357 278.826 0.739 14420
858.317 278.905 0.739 14436
858.277 278.985 0.740 14436
858.237 279.025 0.739 14452
858.157 279.104 0.740 14452
858.117 279.184 0.741 14452
857.997 279.264 0.739 14468
857.957 279.343 0.741 14468
857.876 279.463 0.740 14484
857.836 279.542 0.739 14484
857.796 279.662 0.741 14500
857.716 279.741 0.740 14500
857.676 279.900 0.739 14500
857.596 280.020 0.741 14516
857.556 280.099 0.739 14516
857.516 280.219 0.740 14532
857.436 280.299 0.741 14532
857.356 280.418 0.740 14548
857.316 280.498 0.740 14548
857.275 280.617 0.741 14564
857.235 280.697 0.740 14564
857.155 280.816 0.741 14564
857.115 280.896 0.740 14580
857.075 281.015 0.739 14580
857.035 281.135 0.741 14596
856.995 281.214 0.740 14596
856.915 281.334 0.740 14612
856.915 281.453 0.741 14612
856.875 281.572 0.740 14612
856.835 281.692 0.740 14628
856.795 281.771 0.741 14645
856.755 281.891 0.740 14645
856.755 282.010 0.740 14645
856.714 282.090 0.741 14661
856.674 282.209 0.739 14661
856.594 282.408 0.741 14661
856.554 282.528 0.741 14677
856.514 282.647 0.739 14693
856.474 282.767 0.741 14693
856.434 282.886 0.741 14693
856.394 283.006 0.740 14709
856.354 283.085 0.741 14725
856.314 283.165 0.740 14725
856.274 283.284 0.740 14725
856.234 283.364 0.741 14741
856.234 283.483 0.739 14741
856.194 283.563 0.740 14741
856.154 283.642 0.741 14757
856.154 283.762 0.740 14773
856.114 283.881 0.741 14773
856.073 284.001 0.741 14773
856.073 284.080 0.739 14789
855.993 284.200 0.741 14789
855.993 284.319 0.741 14805
855.953 284.399 0.740 14805
855.913 284.518 0.741 14822
855.913 284.598 0.741 14822
855.873 284.717 0.740 14822
855.833 284.837 0.741 14838
855.793 284.916 0.740 14838
855.793 284.996 0.740 14854
855.753 285.115 0.741 14854
855.713 285.195 0.740 14854
855.673 285.275 0.740 14870
855.633 285.354 0.741 14886
855.593 285.474 0.740 14886
855.513 285.553 0.742 14886
855.472 285.633 0.741 14902
855.432 285.713 0.740 14902
855.392 285.832 0.742 14902
855.392 285.912 0.741 14918
855.352 285.991 0.741 14934
855.352 286.111 0.742 14934
855.312 286.190 0.741 14934
855.272 286.270 0.741 14950
855.272 286.349 0.742 14966
855.272 286.429 0.740 14966
855.232 286.469 0.742 14966
855.232 286.549 0.742 14982
855.232 286.628 0.741 14982
855.192 286.708 0.742 14999
855.192 286.787 0.742 14999
855.192 286.907 0.741 15015
855.192 286.986 0.743 15015
855.192 287.066 0.742 15015
855.192 287.185 0.742 15031
855.192 287.305 0.743 15031
855.192 287.384 0.742 15047
855.192 287.464 0.742 15047
855.192 287.544 0.744 15047
855.192 287.623 0.742 15063
855.192 287.703 0.742 15079
855.192 287.822 0.743 15079
855.192 287.902 0.742 15079
855.192 287.982 0.744 15095
855.192 288.061 0.744 15095
855.192 288.141 0.743 15111
855.192 288.220 0.745 15111
855.232 288.300 0.744 15111
855.232 288.419 0.744 15127
855.272 288.499 0.745 15143
855.272 288.579 0.744 15143
855.312 288.618 0.745 15143
855.352 288.698 0.746 15159
855.352 288.778 0.745 15159
855.432 288.857 0.745 15159
855.432 288.897 0.746 15175
855.472 288.977 0.745 15191
855.513 289.017 0.746 15191
855.553 289.096 0.747 15191
855.553 289.136 0.746 15207
855.593 289.176 0.748 15224
855.673 289.255 0.748 15224
855.713 289.295 0.747 15224
855.753 289.375 0.750 15240
855.793 289.415 0.749 15240
855.873 289.454 0.749 15240
855.913 289.494 0.752 15256
855.993 289.574 0.750 15272
856.073 289.614 0.752 15272
856.154 289.654 0.753 15272
856.274 289.773 0.752 15288
856.354 289.813 0.753 15288
856.434 289.892 0.754 15304
856.514 289.972 0.752 15304
856.634 290.012 0.755 15304
856.755 290.091 0.754 15320
856.875 290.131 0.754 15336
856.995 290.171 0.756 15336
857.115 290.251 0.755 15336
857.235 290.290 0.756 15352
857.356 290.370 0.757 15352
857.476 290.450 0.757 15352
857.596 290.490 0.758 15368
857.716 290.569 0.760 15384
857.836 290.569 0.759 15384
857.957 290.609 0.760 15384
858.077 290.649 0.761 15400
858.197 290.689 0.761 15400
858.317 290.808 0.763 15417
858.437 290.848 0.764 15417
858.598 290.848 0.763 15433
858.718 290.888 0.766 15433
858.878 290.927 0.765 15449
859.038 290.927 0.765 15449
859.159 290.967 0.767 15449
859.319 291.007 0.766 15465
859.479 291.047 0.767 15465
859.599 291.047 0.768 15465
859.760 291.047 0.766 15481
859.880 291.087 0.767 15497
860.040 291.087 0.769 15497
860.120 291.087 0.767 15497
860.240 291.087 0.770 15513
860.361 291.126 0.770 15513
860.481 291.087 0.769 15529
860.601 291.087 0.771 15529
860.721 291.087 0.771 15545
860.841 291.126 0.770 15545
861.002 291.126 0.772 15561
861.122 291.166 0.771 15561
861.242 291.166 0.771 15561
861.322 291.166 0.773 15577
861.442 291.206 0.770 15577
861.563 291.166 0.771 15593
861.683 291.166 0.772 15593
861.803 291.166 0.771 15609
861.963 291.126 0.772 15609
862.124 291.087 0.773 15609
862.284 291.047 0.772 15625
862.484 291.007 0.775 15641
862.604 291.007 0.774 15641
862.765 290.967 0.773 15641
862.885 290.927 0.775 15658
863.005 290.888 0.774 15658
863.165 290.888 0.774 15658
863.326 290.848 0.775 15674
863.486 290.808 0.774 15690
863.646 290.808 0.775 15690
863.806 290.768 0.775 15690
863.967 290.728 0.774 15706
864.127 290.689 0.775 15722
864.287 290.649 0.775 15722
864.447 290.569 0.774 15722
864.608 290.490 0.776 15738
864.768 290.450 0.775 15738
864.928 290.410 0.775 15738
865.089 290.370 0.777 15754
865.249 290.330 0.776 15754
865.409 290.290 0.775 15771
865.569 290.290 0.777 15771
865.689 290.251 0.775 15787
865.810 290.211 0.776 15787
865.930 290.211 0.777 15803
866.090 290.171 0.775 15803
866.210 290.171 0.776 15803
866.331 290.131 0.777 15819
866.451 290.131 0.776 15819
866.611 290.091 0.776 15819
866.771 290.052 0.777 15835
866.891 290.012 0.775 15851
867.052 289.972 0.777 15851
867.172 289.932 0.776 15851
867.292 289.892 0.775 15867
867.412 289.853 0.777 15883
867.573 289.813 0.776 15883
867.693 289.773 0.776 15883
867.853 289.733 0.778 15899
868.013 289.693 0.775 15899
868.174 289.574 0.777 15915
868.294 289.534 0.777 15915
868.454 289.494 0.775 15915
868.654 289.454 0.777 15931
868.815 289.375 0.777 15948
868.975 289.295 0.776 15948
869.135 289.255 0.778 15948
869.296 289.176 0.777 15964
869.536 289.136 0.776 15964
869.656 289.056 0.778 15964
869.816 288.977 0.776 15980
869.977 288.937 0.777 15996
870.137 288.897 0.778 15996
870.297 288.857 0.776 15996
870.417 288.778 0.777 16012
870.578 288.738 0.778 16028
870.738 288.658 0.776 16028
870.898 288.579 0.777 16028
871.058 288.539 0.777 16044
871.219 288.459 0.776 16044
871.379 288.380 0.778 16044
871.539 288.300 0.777 16060
871.700 288.181 0.777 16076
871.820 288.101 0.779 16076
871.980 288.021 0.778 16076
872.140 287.902 0.777 16092
872.260 287.822 0.779 16092
872.421 287.743 0.777 16108
872.541 287.663 0.778 16108
872.741 287.583 0.779 16108
872.861 287.504 0.778 16124
872.982 287.424 0.779 16124
873.142 287.345 0.779 16140
873.262 287.265 0.778 16140
873.422 287.185 0.779 16156
873.543 287.066 0.779 16156
873.703 287.026 0.778 16156
873.823 286.947 0.779 16173
873.943 286.867 0.778 16189
874.104 286.787 0.778 16189
874.184 286.748 0.780 16189
874.344 286.668 0.778 16205
874.424 286.588 0.779 16205
874.584 286.549 0.780 16221
874.705 286.469 0.778 16221
874.825 286.429 0.779 16237
874.985 286.349 0.779 16237
875.105 286.270 0.778 16253
875.265 286.190 0.779 16253
875.386 286.111 0.779 16253
875.506 286.031 0.778 16276
875.626 285.912 0.779 16276
875.746 285.832 0.779 16292
875.907 285.752 0.778 16292
876.067 285.673 0.780 16292
876.187 285.633 0.779 16308
876.307 285.553 0.779 16308
876.427 285.474 0.780 16308
876.548 285.434 0.778 16324
876.708 285.354 0.779 16340
876.828 285.275 0.780 16340
876.908 285.195 0.779 16340
877.028 285.155 0.780 16356
877.149 285.076 0.780 16356
877.269 285.036 0.779 16372
877.389 284.956 0.780 16372
877.509 284.876 0.780 16372
877.629 284.797 0.779 16388
877.750 284.717 0.780 16404
877.870 284.598 0.779 16404
877.950 284.518 0.779 16404
878.070 284.439 0.781 16420
878.190 284.399 0.779 16420
878.311 284.319 0.780 16420
878.431 284.279 0.781 16436
878.511 284.200 0.779 16452
878.631 284.120 0.780 16452
878.751 284.041 0.781 16452
878.871 283.961 0.779 16469
878.992 283.881 0.781 16469
879.152 283.802 0.780 16485
879.272 283.722 0.779 16485
879.432 283.603 0.781 16485
879.553 283.523 0.780 16501
879.673 283.443 0.780 16517
879.753 283.364 0.781 16517
879.873 283.284 0.780 16517
879.953 283.205 0.780 16533
880.073 283.165 0.782 16533
880.154 283.085 0.780 16533
880.234 283.045 0.780 16549
880.354 282.966 0.781 16565
880.434 282.926 0.780 16565
880.554 282.846 0.781 16565
880.674 282.767 0.781 16581
880.795 282.687 0.779 16581
880.875 282.607 0.781 16597
880.995 282.488 0.780 16597
881.075 282.448 0.780 16613
881.155 282.329 0.781 16613
881.275 282.249 0.780 16629
881.356 282.209 0.780 16629
881.436 282.090 0.781 16629


