% x_coordinate y_coordinate pressure time
% shape 0, 2151 points
802.509 116.275 0.031 0
802.589 116.195 0.054 0
802.629 116.156 0.071 16
802.709 116.076 0.090 16
802.750 116.036 0.116 17
802.790 115.957 0.142 32
802.870 115.917 0.165 48
802.870 115.877 0.186 48
802.910 115.837 0.200 48
802.950 115.797 0.213 64
802.950 115.797 0.221 81
802.950 115.797 0.230 81
802.950 115.797 0.241 81
802.950 115.797 0.258 97
802.950 115.797 0.279 97
802.950 115.797 0.296 97
802.950 115.797 0.312 113
802.950 115.837 0.326 113
802.910 115.877 0.338 129
802.830 115.917 0.350 129
802.790 115.996 0.361 145
802.669 116.036 0.369 145
802.589 116.116 0.377 145
802.469 116.195 0.385 161
802.349 116.275 0.391 161
802.189 116.394 0.395 161
802.028 116.514 0.397 178
801.908 116.633 0.400 194
801.788 116.792 0.401 194
801.628 116.992 0.401 194
801.467 117.151 0.402 210
801.347 117.350 0.401 226
801.187 117.549 0.403 226
801.027 117.708 0.402 226
800.947 117.828 0.403 242
800.826 117.947 0.404 242
800.746 118.066 0.404 242
800.626 118.186 0.405 259
800.546 118.305 0.407 275
800.426 118.385 0.408 275
800.305 118.504 0.409 275
800.185 118.624 0.410 291
800.065 118.743 0.411 291
799.945 118.902 0.412 307
799.825 119.022 0.413 307
799.705 119.141 0.413 324
799.584 119.300 0.413 324
799.424 119.460 0.414 324
799.304 119.579 0.414 340
799.144 119.738 0.415 340
799.023 119.858 0.416 356
798.903 119.977 0.416 356
798.823 120.097 0.418 356
798.703 120.216 0.419 372
798.623 120.335 0.420 389
798.543 120.455 0.422 389
798.422 120.574 0.423 389
798.342 120.654 0.425 405
798.262 120.734 0.427 405
798.222 120.853 0.428 405
798.102 120.972 0.429 421
798.022 121.092 0.430 437
797.942 121.211 0.431 437
797.821 121.331 0.432 437
797.701 121.490 0.432 453
797.621 121.649 0.433 470
797.501 121.848 0.434 470
797.381 122.007 0.434 470
797.300 122.127 0.435 486
797.180 122.286 0.435 486
797.100 122.445 0.435 486
797.020 122.565 0.435 502
796.940 122.684 0.436 502
796.900 122.804 0.436 518
796.820 122.883 0.436 518
796.780 123.003 0.437 534
796.740 123.082 0.437 534
796.659 123.162 0.438 550
796.659 123.281 0.437 550
796.619 123.361 0.438 550
796.579 123.440 0.438 567
796.539 123.560 0.438 583
796.499 123.679 0.438 583
796.459 123.799 0.439 583
796.419 123.958 0.439 599
796.339 124.117 0.439 599
796.299 124.237 0.439 599
796.259 124.396 0.439 615
796.139 124.555 0.439 632
796.099 124.675 0.439 632
796.058 124.834 0.439 632
796.018 124.913 0.439 648
795.978 125.033 0.439 648
795.898 125.152 0.439 664
795.858 125.272 0.440 664
795.818 125.391 0.439 680
795.778 125.471 0.440 680
795.738 125.590 0.440 680
795.698 125.710 0.440 696
795.618 125.829 0.440 696
795.578 125.948 0.440 713
795.538 126.068 0.440 713
795.457 126.227 0.440 713
795.417 126.346 0.440 729
795.337 126.466 0.440 745
795.297 126.546 0.440 745
795.297 126.625 0.440 745
795.257 126.745 0.440 762
795.217 126.824 0.440 762
795.217 126.904 0.440 762
795.177 126.983 0.440 778
795.137 127.103 0.440 794
795.097 127.182 0.439 794
795.057 127.262 0.440 794
795.017 127.342 0.441 810
794.977 127.461 0.440 827
794.896 127.541 0.440 827
794.856 127.620 0.440 827
794.816 127.740 0.440 843
794.776 127.819 0.440 843
794.776 127.899 0.441 843
794.736 127.979 0.440 859
794.696 128.058 0.441 859
794.696 128.138 0.440 875
794.696 128.217 0.440 875
794.696 128.297 0.441 875
794.656 128.417 0.440 891
794.656 128.496 0.440 908
794.656 128.576 0.440 908
794.656 128.695 0.440 908
794.656 128.775 0.440 924
794.616 128.854 0.440 924
794.616 128.974 0.440 924
794.616 129.093 0.440 940
794.576 129.173 0.440 956
794.576 129.292 0.440 956
794.536 129.372 0.440 956
794.536 129.452 0.440 972
794.536 129.571 0.440 989
794.496 129.651 0.440 989
794.456 129.770 0.440 989
794.456 129.850 0.440 1005
794.336 129.969 0.441 1005
794.296 130.088 0.440 1005
794.296 130.168 0.441 1021
794.255 130.288 0.441 1038
794.255 130.367 0.440 1038
794.215 130.447 0.441 1038
794.215 130.526 0.440 1054
794.215 130.646 0.440 1054
794.175 130.725 0.441 1070
794.175 130.805 0.441 1070
794.175 130.885 0.440 1070
794.175 130.964 0.441 1086
794.175 131.044 0.440 1086
794.175 131.123 0.440 1086
794.175 131.203 0.441 1103
794.175 131.283 0.440 1119
794.175 131.362 0.440 1119
794.175 131.442 0.440 1119
794.175 131.522 0.439 1135
794.175 131.601 0.440 1151
794.175 131.681 0.441 1151
794.175 131.800 0.440 1151
794.175 131.880 0.441 1167
794.175 131.959 0.441 1167
794.175 132.039 0.441 1167
794.175 132.119 0.441 1184
794.175 132.198 0.441 1200
794.175 132.238 0.441 1200
794.215 132.318 0.441 1200
794.215 132.397 0.441 1216
794.215 132.477 0.441 1216
794.255 132.557 0.442 1232
794.255 132.596 0.441 1232
794.296 132.676 0.441 1232
794.336 132.756 0.442 1249
794.376 132.915 0.441 1249
794.416 132.994 0.442 1265
794.416 133.114 0.442 1265
794.416 133.193 0.441 1281
794.456 133.313 0.442 1281
794.456 133.393 0.443 1281
794.496 133.472 0.443 1297
794.496 133.592 0.443 1313
794.496 133.671 0.443 1313
794.536 133.751 0.443 1313
794.576 133.830 0.443 1330
794.616 133.910 0.443 1330
794.616 133.990 0.443 1330
794.656 134.069 0.443 1346
794.696 134.149 0.443 1362
794.696 134.229 0.443 1362
794.736 134.348 0.444 1362
794.736 134.428 0.443 1378
794.776 134.547 0.444 1394
794.816 134.666 0.444 1394
794.816 134.746 0.443 1394
794.856 134.826 0.443 1411
794.896 134.945 0.444 1411
794.937 135.064 0.444 1411
794.977 135.144 0.444 1427
795.017 135.224 0.444 1443
795.057 135.303 0.444 1443
795.097 135.383 0.444 1443
795.137 135.463 0.444 1459
795.217 135.582 0.444 1459
795.257 135.662 0.444 1475
795.297 135.741 0.444 1475
795.377 135.821 0.444 1475
795.417 135.901 0.444 1492
795.457 136.020 0.444 1492
795.497 136.060 0.445 1508
795.538 136.179 0.445 1508
795.578 136.259 0.444 1524
795.618 136.338 0.445 1524
795.658 136.418 0.445 1524
795.698 136.458 0.445 1540
795.738 136.537 0.445 1557
795.738 136.617 0.445 1557
795.778 136.697 0.445 1557
795.858 136.776 0.445 1573
795.858 136.816 0.445 1573
795.938 136.896 0.447 1589
796.018 136.935 0.447 1589
796.058 137.015 0.447 1605
796.139 137.095 0.447 1605
796.179 137.174 0.448 1605
796.259 137.294 0.449 1621
796.299 137.373 0.449 1621
796.379 137.453 0.449 1638
796.419 137.533 0.449 1638
796.459 137.612 0.450 1638
796.499 137.692 0.449 1654
796.539 137.771 0.450 1670
796.619 137.811 0.450 1670
796.619 137.891 0.449 1670
796.700 137.931 0.450 1686
796.740 138.010 0.450 1686
796.780 138.050 0.450 1686
796.820 138.130 0.450 1702
796.860 138.170 0.449 1719
796.940 138.249 0.450 1719
796.980 138.289 0.450 1719
797.020 138.369 0.449 1735
797.060 138.408 0.450 1751
797.180 138.488 0.451 1751
797.220 138.528 0.450 1751
797.300 138.607 0.451 1767
797.341 138.687 0.451 1767
797.381 138.767 0.450 1767
797.421 138.806 0.451 1784
797.501 138.886 0.451 1800
797.541 138.966 0.450 1800
797.621 139.045 0.451 1800
797.661 139.085 0.451 1816
797.741 139.165 0.451 1816
797.821 139.244 0.451 1833
797.901 139.324 0.451 1833
797.982 139.364 0.451 1833
798.022 139.483 0.451 1849
798.102 139.563 0.451 1849
798.182 139.603 0.451 1865
798.262 139.682 0.452 1865
798.302 139.722 0.451 1881
798.382 139.802 0.452 1881
798.462 139.841 0.451 1881
798.503 139.921 0.451 1897
798.583 139.961 0.452 1914
798.663 140.001 0.452 1914
798.743 140.080 0.452 1914
798.823 140.120 0.451 1930
798.903 140.160 0.451 1930
798.983 140.200 0.451 1930
799.063 140.279 0.451 1946
799.144 140.279 0.452 1963
799.224 140.319 0.451 1963
799.304 140.359 0.451 1963
799.384 140.439 0.451 1979
799.464 140.478 0.452 1979
799.544 140.518 0.453 1995
799.664 140.558 0.453 1995
799.745 140.638 0.454 2011
799.825 140.717 0.454 2011
799.905 140.757 0.454 2011
799.985 140.837 0.455 2028
800.105 140.916 0.455 2028
800.185 140.956 0.454 2044
800.305 141.036 0.454 2044
800.426 141.076 0.455 2044
800.546 141.155 0.455 2060
800.706 141.195 0.455 2076
800.786 141.275 0.455 2076
800.907 141.314 0.455 2076
801.027 141.354 0.455 2093
801.147 141.394 0.456 2093
801.267 141.434 0.456 2093
801.387 141.513 0.457 2109
801.548 141.553 0.457 2125
801.708 141.633 0.459 2125
801.828 141.673 0.460 2125
801.948 141.712 0.461 2141
802.068 141.752 0.464 2158
802.149 141.832 0.464 2158
802.229 141.872 0.466 2158
802.349 141.912 0.467 2174
802.429 141.951 0.468 2174
802.509 141.991 0.470 2174
802.629 142.031 0.473 2190
802.709 142.071 0.473 2190
802.830 142.111 0.474 2206
802.910 142.190 0.475 2206
802.990 142.230 0.474 2222
803.110 142.310 0.475 2222
803.190 142.349 0.475 2239
803.270 142.389 0.475 2239
803.391 142.469 0.476 2239
803.511 142.548 0.475 2255
803.591 142.588 0.476 2255
803.671 142.628 0.476 2271
803.751 142.668 0.475 2271
803.831 142.708 0.475 2287
803.911 142.748 0.476 2287
803.952 142.748 0.476 2287
804.072 142.787 0.477 2304
804.152 142.827 0.477 2320
804.232 142.867 0.477 2320
804.352 142.907 0.478 2320
804.432 142.947 0.478 2336
804.513 142.986 0.478 2336
804.633 143.026 0.478 2336
804.753 143.066 0.478 2352
804.833 143.106 0.479 2369
804.953 143.185 0.479 2369
805.073 143.265 0.479 2369
805.194 143.305 0.479 2385
805.314 143.384 0.480 2385
805.434 143.424 0.479 2401
805.594 143.504 0.479 2401
805.674 143.504 0.480 2401
805.795 143.544 0.479 2417
805.955 143.583 0.480 2417
806.075 143.623 0.479 2434
806.155 143.623 0.479 2434
806.235 143.663 0.480 2450
806.356 143.703 0.479 2450
806.436 143.703 0.479 2450
806.556 143.783 0.480 2466
806.676 143.822 0.479 2483
806.796 143.862 0.480 2483
806.917 143.902 0.480 2483
806.997 143.942 0.480 2499
807.157 143.982 0.480 2499
807.277 144.021 0.480 2499
807.397 144.061 0.479 2515
807.518 144.101 0.481 2531
807.638 144.101 0.481 2531
807.758 144.101 0.480 2531
807.878 144.101 0.480 2548
807.998 144.141 0.481 2548
808.119 144.141 0.481 2564
808.239 144.141 0.480 2564
808.359 144.141 0.480 2580
808.479 144.181 0.481 2580
808.599 144.181 0.481 2580
808.720 144.181 0.481 2596
808.800 144.181 0.481 2596
808.920 144.181 0.481 2612
809.040 144.181 0.481 2612
809.120 144.181 0.482 2628
809.240 144.181 0.483 2628
809.361 144.181 0.483 2645
809.481 144.181 0.484 2645
809.681 144.220 0.485 2645
809.801 144.220 0.486 2661
809.922 144.220 0.486 2661
810.042 144.260 0.487 2661
810.162 144.260 0.486 2677
810.282 144.260 0.488 2693
810.402 144.260 0.487 2693
810.523 144.260 0.488 2693
810.643 144.260 0.488 2710
810.763 144.260 0.488 2726
810.843 144.260 0.488 2726
810.963 144.260 0.488 2726
811.083 144.260 0.488 2742
811.204 144.260 0.489 2742
811.324 144.260 0.488 2742
811.404 144.260 0.488 2759
811.524 144.300 0.489 2775
811.644 144.300 0.488 2775
811.765 144.300 0.488 2775
811.885 144.300 0.489 2791
811.965 144.300 0.488 2791
812.085 144.340 0.489 2807
812.205 144.340 0.489 2807
812.326 144.340 0.489 2807
812.446 144.380 0.489 2824
812.566 144.380 0.489 2824
812.686 144.380 0.488 2840
812.806 144.380 0.489 2840
812.927 144.380 0.489 2856
813.007 144.380 0.489 2856
813.127 144.380 0.490 2856
813.247 144.380 0.490 2872
813.367 144.380 0.490 2889
813.487 144.380 0.490 2889
813.568 144.380 0.490 2889
813.688 144.380 0.490 2905
813.768 144.380 0.490 2905
813.888 144.380 0.490 2905
814.008 144.380 0.490 2921
814.088 144.380 0.490 2937
814.209 144.380 0.490 2937
814.329 144.380 0.490 2937
814.449 144.380 0.490 2954
814.569 144.380 0.490 2954
814.690 144.380 0.490 2970
814.810 144.380 0.490 2970
814.930 144.380 0.490 2986
815.050 144.380 0.490 2986
815.170 144.380 0.490 2986
815.291 144.380 0.490 3003
815.411 144.380 0.490 3003
815.531 144.380 0.490 3019
815.651 144.380 0.490 3019
815.731 144.380 0.490 3019
815.851 144.380 0.490 3035
815.972 144.380 0.490 3051
816.092 144.380 0.490 3051
816.212 144.380 0.490 3051
816.292 144.380 0.490 3068
816.412 144.380 0.490 3068
816.533 144.380 0.490 3068
816.653 144.380 0.491 3084
816.773 144.380 0.490 3100
816.893 144.380 0.490 3100
817.013 144.340 0.491 3100
817.134 144.340 0.490 3116
817.254 144.340 0.490 3132
817.374 144.300 0.490 3132
817.494 144.300 0.490 3132
817.614 144.300 0.490 3148
817.735 144.300 0.490 3148
817.855 144.300 0.490 3148
817.975 144.300 0.490 3164
818.095 144.260 0.490 3181
818.215 144.260 0.490 3181
818.336 144.220 0.490 3181
818.416 144.181 0.490 3197
818.576 144.181 0.490 3197
818.696 144.141 0.491 3213
818.816 144.101 0.490 3213
818.937 144.101 0.490 3213
819.097 144.061 0.490 3230
819.217 144.021 0.490 3246
819.337 144.021 0.490 3246
819.497 143.982 0.490 3246
819.618 143.942 0.490 3262
819.738 143.902 0.490 3262
819.858 143.902 0.490 3262
819.978 143.862 0.490 3278
820.139 143.822 0.491 3295
820.219 143.783 0.490 3295
820.339 143.783 0.490 3295
820.459 143.743 0.491 3311
820.579 143.743 0.490 3311
820.699 143.743 0.490 3327
820.820 143.743 0.491 3327
820.980 143.703 0.490 3343
821.060 143.703 0.490 3343
821.220 143.663 0.490 3343
821.341 143.663 0.490 3360
821.461 143.623 0.490 3360
821.621 143.583 0.490 3376
821.741 143.544 0.490 3376
821.901 143.544 0.490 3376
821.982 143.464 0.490 3392
822.102 143.424 0.490 3409
822.182 143.384 0.490 3409
822.302 143.345 0.489 3409
822.422 143.345 0.490 3425
822.503 143.305 0.490 3425
822.623 143.305 0.489 3425
822.743 143.265 0.490 3441
822.863 143.225 0.490 3457
822.983 143.185 0.490 3457
823.104 143.146 0.490 3457
823.224 143.146 0.490 3473
823.304 143.066 0.489 3473
823.464 143.026 0.490 3490
823.584 142.986 0.490 3490
823.704 142.907 0.489 3490
823.825 142.867 0.490 3506
823.945 142.787 0.489 3506
824.105 142.708 0.490 3522
824.225 142.628 0.490 3522
824.386 142.588 0.489 3538
824.506 142.509 0.489 3538
824.626 142.429 0.490 3538
824.786 142.389 0.489 3555
824.947 142.349 0.489 3571
825.067 142.310 0.489 3571
825.227 142.270 0.489 3571
825.387 142.230 0.490 3587
825.508 142.190 0.490 3587
825.628 142.150 0.489 3587
825.748 142.071 0.490 3603
825.828 142.031 0.489 3620
825.948 141.991 0.489 3620
826.068 141.951 0.490 3620
826.149 141.872 0.490 3636
826.269 141.832 0.490 3636
826.389 141.752 0.490 3652
826.469 141.712 0.489 3652
826.629 141.633 0.490 3668
826.750 141.553 0.490 3668
826.870 141.513 0.490 3668
826.990 141.474 0.490 3685
827.070 141.394 0.489 3685
827.150 141.354 0.490 3701
827.230 141.275 0.490 3701
827.351 141.235 0.489 3717
827.431 141.155 0.489 3717
827.511 141.076 0.490 3733
827.591 141.036 0.489 3733
827.671 140.956 0.489 3733
827.791 140.916 0.490 3749
827.831 140.837 0.489 3749
827.911 140.797 0.489 3749
827.992 140.757 0.489 3766
828.072 140.677 0.489 3782
828.152 140.638 0.489 3782
828.232 140.558 0.489 3782
828.312 140.518 0.489 3798
828.392 140.439 0.490 3814
828.472 140.399 0.490 3814
828.593 140.319 0.489 3814
828.673 140.279 0.490 3831
828.753 140.200 0.490 3831
828.833 140.120 0.489 3831
828.873 140.041 0.490 3847
828.953 139.961 0.489 3863
829.033 139.881 0.490 3863
829.114 139.841 0.490 3863
829.194 139.762 0.489 3880
829.274 139.682 0.490 3880
829.354 139.642 0.490 3896
829.474 139.563 0.489 3896
829.554 139.523 0.490 3896
829.594 139.443 0.489 3912
829.715 139.404 0.489 3912
829.755 139.324 0.490 3928
829.835 139.284 0.489 3928
829.875 139.244 0.489 3945
829.915 139.165 0.490 3945
829.995 139.125 0.489 3945
830.035 139.045 0.489 3961
830.075 139.006 0.490 3977
830.115 138.886 0.489 3977
830.195 138.806 0.490 3977
830.235 138.767 0.490 3994
830.275 138.687 0.489 3994
830.356 138.647 0.490 3994
830.436 138.568 0.490 4010
830.476 138.528 0.489 4026
830.516 138.448 0.490 4026
830.556 138.408 0.489 4026
830.636 138.329 0.489 4043
830.716 138.289 0.489 4043
830.756 138.209 0.489 4059
830.836 138.130 0.489 4059
830.917 138.090 0.489 4059
830.997 138.010 0.489 4075
831.077 137.931 0.489 4091
831.157 137.891 0.489 4091
831.237 137.811 0.489 4091
831.277 137.732 0.489 4108
831.397 137.652 0.489 4108
831.477 137.572 0.489 4108
831.518 137.533 0.489 4124
831.598 137.413 0.489 4141
831.678 137.334 0.489 4141
831.758 137.254 0.489 4141
831.838 137.174 0.489 4157
831.918 137.095 0.489 4157
831.998 137.015 0.489 4173
832.038 136.935 0.489 4173
832.159 136.856 0.489 4173
832.239 136.776 0.489 4189
832.319 136.736 0.489 4189
832.359 136.617 0.489 4189
832.439 136.537 0.489 4206
832.479 136.458 0.489 4222
832.559 136.378 0.490 4222
832.639 136.299 0.490 4222
832.679 136.219 0.489 4238
832.760 136.139 0.490 4254
832.800 136.060 0.490 4254
832.880 136.020 0.490 4254
832.920 135.940 0.491 4270
832.960 135.861 0.490 4270
833.040 135.781 0.491 4287
833.080 135.701 0.491 4287
833.120 135.622 0.491 4287
833.200 135.542 0.491 4303
833.240 135.502 0.492 4303
833.281 135.423 0.491 4319
833.321 135.343 0.492 4319
833.401 135.264 0.493 4335
833.441 135.184 0.493 4335
833.481 135.104 0.494 4335
833.521 134.985 0.495 4351
833.561 134.905 0.497 4368
833.601 134.786 0.499 4368
833.641 134.706 0.500 4368
833.681 134.587 0.501 4384
833.721 134.507 0.502 4384
833.761 134.388 0.503 4384
833.801 134.348 0.504 4400
833.841 134.268 0.505 4417
833.881 134.189 0.505 4417
833.922 134.109 0.505 4417
833.962 134.069 0.506 4433
834.002 133.990 0.506 4433
834.082 133.910 0.507 4449
834.122 133.830 0.506 4449
834.162 133.711 0.507 4449
834.202 133.631 0.508 4465
834.242 133.552 0.508 4465
834.282 133.432 0.509 4482
834.322 133.353 0.511 4482
834.362 133.233 0.512 4498
834.442 133.154 0.514 4498
834.442 133.074 0.516 4498
834.482 132.955 0.516 4514
834.523 132.875 0.517 4530
834.563 132.795 0.518 4530
834.603 132.716 0.518 4530
834.643 132.636 0.519 4547
834.683 132.517 0.519 4547
834.723 132.437 0.520 4547
834.723 132.358 0.521 4563
834.763 132.238 0.522 4579
834.803 132.119 0.522 4579
834.843 131.999 0.523 4579
834.883 131.880 0.523 4595
834.883 131.760 0.523 4612
834.963 131.641 0.524 4612
834.963 131.522 0.523 4612
835.003 131.442 0.524 4628
835.043 131.322 0.524 4628
835.043 131.203 0.524 4628
835.043 131.123 0.525 4644
835.083 131.004 0.525 4644
835.124 130.924 0.526 4661
835.124 130.805 0.527 4661
835.124 130.725 0.527 4661
835.164 130.606 0.528 4677
835.164 130.526 0.529 4693
835.164 130.407 0.529 4693
835.204 130.327 0.529 4693
835.244 130.208 0.530 4710
835.284 130.088 0.530 4710
835.284 130.009 0.530 4710
835.324 129.850 0.531 4726
835.364 129.770 0.530 4742
835.404 129.651 0.531 4742
835.404 129.571 0.531 4742
835.404 129.491 0.531 4759
835.444 129.372 0.532 4759
835.444 129.292 0.532 4775
835.484 129.213 0.532 4775
835.524 129.093 0.534 4775
835.524 129.014 0.534 4791
835.564 128.974 0.534 4807
835.564 128.894 0.535 4807
835.564 128.815 0.535 4807
835.604 128.735 0.535 4823
835.604 128.655 0.537 4823
835.644 128.576 0.536 4823
835.644 128.496 0.537 4840
835.685 128.417 0.537 4856
835.725 128.337 0.537 4856
835.725 128.257 0.538 4856
835.765 128.178 0.539 4872
835.765 128.098 0.539 4888
835.765 128.018 0.539 4888
835.765 127.899 0.540 4888
835.805 127.819 0.540 4905
835.805 127.740 0.541 4905
835.805 127.620 0.541 4905
835.845 127.541 0.541 4921
835.845 127.461 0.542 4921
835.845 127.382 0.542 4937
835.885 127.302 0.543 4937
835.885 127.222 0.543 4953
835.925 127.143 0.543 4953
835.925 127.063 0.543 4969
835.965 126.944 0.543 4969
836.005 126.904 0.544 4969
836.005 126.824 0.545 4986
836.045 126.745 0.545 4986
836.045 126.665 0.545 4986
836.045 126.625 0.545 5002
836.045 126.546 0.545 5018
836.045 126.466 0.545 5018
836.045 126.386 0.546 5018
836.045 126.307 0.546 5034
836.045 126.227 0.546 5051
836.085 126.187 0.547 5051
836.085 126.108 0.546 5051
836.085 126.028 0.547 5067
836.085 125.909 0.548 5067
836.085 125.829 0.547 5067
836.085 125.749 0.548 5083
836.085 125.630 0.548 5100
836.085 125.550 0.548 5100
836.085 125.391 0.548 5100
836.085 125.311 0.548 5116
836.085 125.232 0.548 5116
836.085 125.112 0.548 5132
836.085 124.993 0.549 5132
836.085 124.913 0.548 5148
836.085 124.794 0.549 5148
836.085 124.675 0.548 5148
836.085 124.555 0.549 5164
836.085 124.436 0.549 5164
836.085 124.276 0.549 5180
836.085 124.157 0.549 5180
836.085 123.998 0.549 5180
836.085 123.878 0.549 5196
836.085 123.719 0.550 5213
836.085 123.600 0.550 5213
836.085 123.480 0.549 5213
836.045 123.361 0.550 5229
836.045 123.162 0.550 5229
836.045 123.042 0.549 5229
836.005 122.923 0.550 5245
836.005 122.804 0.550 5262
836.005 122.684 0.550 5262
835.965 122.565 0.550 5262
835.965 122.445 0.549 5278
835.925 122.326 0.550 5294
835.925 122.246 0.550 5294
835.885 122.127 0.550 5294
835.845 122.047 0.550 5310
835.845 121.928 0.550 5310
835.805 121.848 0.550 5310
835.765 121.729 0.551 5327
835.725 121.649 0.550 5327
835.685 121.569 0.550 5343
835.685 121.450 0.551 5343
835.644 121.331 0.550 5359
835.604 121.251 0.550 5359
835.564 121.132 0.551 5375
835.524 121.012 0.550 5375
835.524 120.893 0.551 5375
835.444 120.813 0.551 5391
835.404 120.734 0.550 5391
835.364 120.654 0.552 5391
835.324 120.534 0.552 5408
835.244 120.455 0.552 5424
835.204 120.335 0.552 5424
835.204 120.256 0.552 5424
835.204 120.136 0.552 5440
835.124 120.017 0.552 5457
835.124 119.937 0.552 5457
835.083 119.858 0.552 5457
835.043 119.778 0.553 5473
834.963 119.698 0.553 5473
834.883 119.619 0.552 5473
834.843 119.539 0.553 5489
834.803 119.499 0.552 5505
834.763 119.420 0.552 5505
834.723 119.380 0.553 5505
834.683 119.340 0.552 5521
834.643 119.300 0.553 5521
834.603 119.261 0.553 5537
834.523 119.221 0.552 5537
834.482 119.181 0.553 5537
834.442 119.141 0.553 5554
834.362 119.141 0.553 5554
834.322 119.101 0.553 5570
834.282 119.062 0.553 5570
834.242 119.022 0.553 5586
834.202 118.982 0.554 5586
834.162 118.942 0.553 5586
834.162 118.902 0.553 5602
834.122 118.823 0.554 5618
834.122 118.783 0.553 5618
834.082 118.703 0.554 5618
834.002 118.663 0.554 5635
833.962 118.584 0.553 5635
833.922 118.544 0.554 5635
833.881 118.504 0.553 5651
833.841 118.464 0.553 5667
833.801 118.425 0.554 5667
833.761 118.345 0.553 5667
833.721 118.305 0.553 5683
833.681 118.226 0.554 5683
833.641 118.186 0.553 5700
833.601 118.106 0.554 5700
833.561 118.066 0.554 5700
833.521 117.987 0.554 5716
833.481 117.947 0.554 5732
833.441 117.867 0.554 5732
833.361 117.828 0.554 5732
833.321 117.748 0.555 5748
833.240 117.668 0.555 5748
833.200 117.628 0.555 5748
833.120 117.549 0.556 5765
833.040 117.469 0.556 5781
833.000 117.390 0.556 5781
832.920 117.310 0.557 5781
832.840 117.230 0.557 5797
832.800 117.191 0.558 5797
832.679 117.151 0.559 5813
832.599 117.111 0.559 5813
832.519 117.071 0.560 5830
832.479 117.031 0.560 5830
832.399 116.992 0.561 5830
832.319 116.952 0.561 5846
832.239 116.912 0.561 5846
832.159 116.912 0.561 5862
832.119 116.872 0.562 5862
832.038 116.832 0.562 5862
831.958 116.792 0.562 5879
831.878 116.792 0.563 5895
831.838 116.753 0.563 5895
831.758 116.673 0.563 5895
831.678 116.673 0.563 5911
831.638 116.633 0.563 5911
831.558 116.633 0.563 5911
831.477 116.593 0.564 5927
831.397 116.593 0.563 5944
831.357 116.593 0.563 5944
831.277 116.554 0.564 5944
831.197 116.554 0.563 5960
831.117 116.554 0.564 5976
831.077 116.514 0.564 5976
830.997 116.514 0.564 5976
830.917 116.474 0.564 5992
830.836 116.474 0.564 5992
830.796 116.434 0.564 5992
830.716 116.434 0.564 6008
830.636 116.434 0.564 6008
830.596 116.434 0.564 6025
830.516 116.434 0.564 6025
830.476 116.434 0.564 6041
830.396 116.394 0.564 6041
830.315 116.394 0.564 6058
830.275 116.394 0.564 6058
830.195 116.355 0.564 6058
830.115 116.355 0.564 6074
830.075 116.355 0.564 6074
829.995 116.355 0.565 6074
829.915 116.315 0.564 6090
829.835 116.315 0.564 6107
829.755 116.315 0.565 6107
829.674 116.315 0.564 6107
829.594 116.275 0.564 6123
829.514 116.275 0.564 6139
829.434 116.275 0.564 6139
829.354 116.235 0.564 6139
829.314 116.235 0.565 6156
829.234 116.235 0.564 6156
829.154 116.235 0.564 6156
829.073 116.235 0.565 6172
828.953 116.235 0.564 6172
828.833 116.235 0.564 6188
828.753 116.235 0.564 6188
828.673 116.235 0.564 6204
828.593 116.235 0.565 6204
828.513 116.235 0.564 6220
828.432 116.235 0.564 6220
828.352 116.235 0.565 6220
828.272 116.235 0.564 6237
828.192 116.235 0.564 6237
828.112 116.235 0.565 6237
828.032 116.235 0.564 6253
827.952 116.235 0.565 6269
827.911 116.235 0.565 6269
827.831 116.235 0.564 6269
827.751 116.235 0.565 6285
827.671 116.235 0.564 6302
827.591 116.275 0.564 6302
827.511 116.315 0.565 6302
827.431 116.355 0.564 6318
827.351 116.394 0.564 6318
827.230 116.434 0.565 6318
827.150 116.474 0.565 6334
827.070 116.514 0.564 6334
826.950 116.554 0.565 6350
826.870 116.554 0.564 6350
826.790 116.593 0.564 6367
826.710 116.633 0.565 6367
826.629 116.633 0.564 6383
826.549 116.673 0.565 6383
826.469 116.673 0.565 6383
826.349 116.713 0.564 6399
826.269 116.753 0.565 6399
826.149 116.753 0.565 6399
826.068 116.832 0.564 6415
825.988 116.832 0.565 6432
825.868 116.872 0.565 6432
825.788 116.872 0.565 6432
825.668 116.912 0.565 6448
825.508 116.912 0.565 6464
825.427 116.952 0.565 6464
825.307 116.992 0.565 6464
825.187 117.031 0.564 6480
825.067 117.071 0.565 6480
824.947 117.111 0.565 6496
824.826 117.151 0.564 6496
824.746 117.191 0.565 6496
824.626 117.230 0.565 6513
824.506 117.270 0.565 6513
824.426 117.310 0.565 6529
824.346 117.350 0.565 6529
824.225 117.350 0.565 6545
824.185 117.390 0.566 6545
824.105 117.390 0.565 6545
824.025 117.429 0.565 6561
823.945 117.469 0.565 6578
823.825 117.469 0.565 6578
823.745 117.509 0.565 6578
823.664 117.549 0.565 6594
823.584 117.589 0.565 6594
823.504 117.628 0.565 6594
823.464 117.668 0.565 6610
823.424 117.708 0.565 6626
823.344 117.748 0.565 6626
823.304 117.788 0.564 6626
823.224 117.828 0.564 6642
823.184 117.828 0.565 6659
823.104 117.867 0.565 6659
823.023 117.907 0.565 6659
822.983 117.907 0.565 6675
822.903 117.947 0.564 6675
822.823 117.987 0.565 6675
822.743 118.027 0.565 6691
822.703 118.106 0.564 6691
822.623 118.146 0.565 6707
822.543 118.186 0.565 6707
822.422 118.226 0.564 6707
822.382 118.305 0.565 6724
822.302 118.345 0.565 6740
822.222 118.385 0.564 6740
822.182 118.464 0.565 6740
822.102 118.544 0.565 6756
822.022 118.624 0.565 6756
821.942 118.703 0.565 6756
821.861 118.743 0.564 6773
821.741 118.823 0.565 6789
821.661 118.902 0.565 6789
821.581 118.982 0.564 6789
821.461 119.022 0.565 6805
821.381 119.101 0.565 6821
821.300 119.181 0.564 6821
821.180 119.221 0.565 6821
821.100 119.261 0.565 6838
821.060 119.300 0.565 6838
820.980 119.340 0.565 6838
820.900 119.420 0.565 6854
820.820 119.499 0.565 6854
820.780 119.579 0.565 6870
820.659 119.659 0.564 6870
820.579 119.778 0.565 6870
820.499 119.858 0.565 6886
820.419 119.937 0.564 6903
820.339 120.017 0.565 6903
820.259 120.057 0.565 6903
820.179 120.136 0.564 6919
820.099 120.216 0.565 6919
820.018 120.256 0.565 6919
819.938 120.335 0.564 6935
819.818 120.415 0.565 6952
819.738 120.495 0.565 6952
819.578 120.574 0.564 6952
819.538 120.654 0.565 6968
819.457 120.694 0.565 6984
819.377 120.773 0.565 6984
819.337 120.813 0.565 6984
819.257 120.893 0.564 7000
819.217 120.933 0.565 7000
819.137 121.012 0.565 7000
819.097 121.052 0.564 7017
819.057 121.092 0.565 7017
818.977 121.171 0.565 7033
818.937 121.211 0.564 7033
818.856 121.291 0.565 7049
818.816 121.410 0.565 7049
818.736 121.490 0.564 7065
818.656 121.569 0.565 7065
818.616 121.649 0.565 7065
818.536 121.729 0.564 7082
818.496 121.808 0.565 7082
818.416 121.888 0.564 7082
818.376 121.968 0.565 7098
818.295 122.047 0.565 7114
818.255 122.127 0.564 7114
818.175 122.167 0.565 7114
818.095 122.286 0.565 7131
818.055 122.326 0.564 7147
817.975 122.405 0.565 7147
817.895 122.485 0.565 7147
817.815 122.565 0.564 7163
817.775 122.644 0.565 7163
817.735 122.724 0.565 7163
817.654 122.804 0.564 7179
817.614 122.843 0.565 7196
817.574 122.963 0.565 7196
817.534 123.042 0.565 7196
817.454 123.122 0.565 7212
817.374 123.241 0.564 7212
817.294 123.321 0.565 7228
817.254 123.401 0.565 7228
817.214 123.480 0.564 7228
817.094 123.600 0.565 7244
817.053 123.679 0.565 7260
816.973 123.799 0.564 7260
816.893 123.878 0.565 7260
816.813 123.958 0.565 7277
816.733 124.038 0.564 7277
816.693 124.117 0.565 7277
816.613 124.157 0.565 7293
816.573 124.237 0.565 7309
816.492 124.316 0.565 7309
816.452 124.396 0.564 7309
816.412 124.476 0.565 7325
816.372 124.555 0.565 7325
816.332 124.595 0.564 7342
816.292 124.675 0.565 7342
816.252 124.754 0.565 7342
816.212 124.834 0.564 7358
816.172 124.913 0.565 7358
816.132 124.953 0.565 7374
816.132 125.033 0.564 7374
816.092 125.073 0.565 7391
816.052 125.152 0.565 7391
816.012 125.232 0.564 7391
815.932 125.311 0.565 7407
815.891 125.431 0.564 7423
815.811 125.510 0.565 7423
815.731 125.590 0.565 7423
815.691 125.670 0.564 7439
815.611 125.749 0.565 7439
815.571 125.869 0.565 7439
815.491 125.948 0.564 7456
815.451 126.028 0.565 7472
815.411 126.108 0.565 7472
815.411 126.187 0.565 7472
815.371 126.227 0.565 7488
815.331 126.307 0.565 7488
815.250 126.386 0.564 7504
815.210 126.426 0.565 7504
815.170 126.506 0.565 7521
815.130 126.546 0.565 7521
815.090 126.585 0.565 7521
815.050 126.665 0.564 7537
815.050 126.705 0.565 7537
814.970 126.784 0.565 7553
814.930 126.824 0.564 7553
814.890 126.904 0.564 7569
814.850 126.983 0.565 7569
814.770 127.063 0.564 7585
814.690 127.103 0.565 7585
814.649 127.182 0.565 7585
814.609 127.262 0.564 7602
814.569 127.302 0.565 7602
814.569 127.342 0.564 7602
814.529 127.421 0.564 7618
814.489 127.461 0.565 7634
814.489 127.501 0.564 7634
814.449 127.581 0.565 7634
814.409 127.620 0.565 7650
814.369 127.660 0.564 7667
814.329 127.700 0.564 7667
814.289 127.780 0.565 7667
814.249 127.819 0.564 7683
814.209 127.859 0.565 7683
814.169 127.939 0.565 7683
814.129 127.979 0.565 7699
814.088 128.098 0.565 7715
814.008 128.178 0.565 7715
813.968 128.217 0.565 7715
813.928 128.297 0.565 7731
813.928 128.377 0.564 7731
813.888 128.456 0.564 7748
813.848 128.496 0.565 7748
813.808 128.576 0.564 7748
813.808 128.655 0.565 7764
813.768 128.735 0.565 7764
813.728 128.815 0.564 7780
813.688 128.894 0.565 7780
813.648 128.974 0.564 7796
813.608 129.053 0.564 7796
813.568 129.133 0.564 7796
813.528 129.253 0.564 7812
813.487 129.332 0.564 7829
813.487 129.412 0.565 7829
813.447 129.491 0.564 7829
813.407 129.611 0.564 7845
813.367 129.690 0.565 7845
813.327 129.770 0.564 7845
813.327 129.889 0.564 7861
813.287 130.009 0.565 7877
813.207 130.128 0.564 7877
813.207 130.208 0.565 7877
813.167 130.327 0.565 7894
813.127 130.407 0.563 7894
813.047 130.487 0.565 7910
813.047 130.566 0.564 7910
813.007 130.606 0.564 7926
812.927 130.686 0.565 7926
812.927 130.765 0.564 7926
812.886 130.845 0.564 7943
812.846 130.924 0.565 7943
812.806 131.044 0.564 7959
812.806 131.123 0.564 7959
812.766 131.203 0.564 7959
812.766 131.322 0.564 7975
812.766 131.402 0.564 7991
812.726 131.522 0.564 7991
812.726 131.641 0.564 7991
812.646 131.760 0.564 8008
812.646 131.880 0.564 8008
812.606 131.999 0.564 8008
812.566 132.079 0.564 8024
812.526 132.198 0.564 8040
812.486 132.318 0.564 8040
812.446 132.437 0.564 8040
812.406 132.596 0.564 8057
812.326 132.716 0.564 8073
812.326 132.835 0.564 8073
812.245 132.915 0.564 8073
812.245 133.034 0.564 8089
812.205 133.114 0.564 8089
812.165 133.233 0.564 8089
812.125 133.353 0.564 8106
812.085 133.472 0.564 8106
812.085 133.592 0.564 8122
812.005 133.711 0.565 8122
812.005 133.830 0.564 8138
811.925 133.990 0.564 8138
811.885 134.149 0.564 8154
811.845 134.268 0.563 8154
811.805 134.388 0.563 8154
811.805 134.547 0.564 8171
811.765 134.666 0.563 8171
811.724 134.826 0.564 8171
811.724 134.945 0.564 8187
811.684 135.064 0.564 8203
811.684 135.144 0.564 8203
811.644 135.264 0.564 8203
811.604 135.383 0.564 8219
811.564 135.502 0.564 8235
811.524 135.622 0.563 8235
811.484 135.741 0.564 8235
811.444 135.861 0.564 8252
811.404 135.940 0.563 8252
811.364 136.060 0.564 8268
811.324 136.179 0.565 8268
811.284 136.259 0.564 8268
811.284 136.338 0.564 8284
811.244 136.458 0.564 8284
811.204 136.537 0.564 8300
811.204 136.657 0.564 8300
811.164 136.776 0.564 8317
811.124 136.896 0.564 8317
811.083 137.055 0.564 8317
811.043 137.135 0.564 8333
811.003 137.254 0.564 8349
810.883 137.373 0.565 8349
810.843 137.453 0.564 8349
810.803 137.572 0.564 8366
810.763 137.692 0.565 8366
810.723 137.811 0.563 8366
810.683 137.931 0.564 8382
810.643 138.010 0.564 8398
810.603 138.130 0.564 8398
810.563 138.209 0.564 8398
810.563 138.289 0.564 8415
810.563 138.369 0.563 8415
810.523 138.488 0.564 8431
810.482 138.568 0.564 8431
810.442 138.647 0.563 8431
810.362 138.727 0.565 8447
810.322 138.846 0.564 8447
810.282 138.966 0.564 8463
810.282 139.045 0.564 8463
810.202 139.165 0.564 8479
810.202 139.284 0.564 8479
810.162 139.404 0.564 8479
810.122 139.483 0.564 8495
810.122 139.523 0.564 8512
810.082 139.603 0.564 8512
810.042 139.682 0.564 8512
809.962 139.762 0.564 8528
809.922 139.881 0.564 8528
809.881 139.961 0.564 8528
809.841 140.080 0.564 8544
809.761 140.200 0.564 8560
809.721 140.319 0.564 8560
809.681 140.478 0.564 8560
809.601 140.598 0.564 8577
809.561 140.717 0.564 8593
809.521 140.837 0.565 8593
809.481 140.916 0.564 8593
809.441 141.036 0.564 8609
809.401 141.115 0.564 8609
809.361 141.235 0.563 8609
809.280 141.314 0.564 8625
809.240 141.394 0.564 8642
809.240 141.553 0.564 8642
809.160 141.633 0.565 8642
809.120 141.712 0.564 8658
809.080 141.832 0.563 8658
809.040 141.951 0.564 8674
809.000 142.031 0.564 8674
808.960 142.150 0.564 8674
808.880 142.270 0.564 8691
808.840 142.389 0.564 8691
808.840 142.469 0.564 8691
808.800 142.588 0.564 8707
808.760 142.708 0.563 8723
808.720 142.827 0.565 8723
808.679 142.947 0.564 8723
808.639 143.026 0.563 8739
808.599 143.146 0.564 8756
808.559 143.265 0.564 8756
808.519 143.345 0.564 8756
808.479 143.424 0.565 8772
808.479 143.504 0.564 8772
808.439 143.583 0.564 8772
808.399 143.663 0.564 8788
808.359 143.822 0.563 8804
808.359 143.902 0.564 8804
808.319 144.021 0.564 8804
808.279 144.141 0.564 8821
808.239 144.220 0.564 8821
808.199 144.340 0.564 8837
808.159 144.419 0.564 8837
808.119 144.539 0.564 8837
808.078 144.618 0.564 8853
808.038 144.738 0.564 8853
808.038 144.818 0.564 8869
807.958 144.937 0.564 8869
807.918 145.017 0.564 8886
807.878 145.096 0.564 8886
807.838 145.216 0.564 8886
807.798 145.335 0.564 8902
807.758 145.415 0.564 8918
807.718 145.534 0.564 8918
807.718 145.654 0.564 8918
807.678 145.733 0.564 8934
807.638 145.853 0.564 8934
807.598 145.972 0.564 8934
807.558 146.052 0.564 8951
807.518 146.131 0.564 8967
807.477 146.251 0.564 8967
807.437 146.370 0.564 8967
807.397 146.450 0.564 8983
807.317 146.529 0.564 8999
807.277 146.649 0.564 8999
807.277 146.768 0.564 8999
807.197 146.848 0.564 9015
807.157 146.927 0.564 9015
807.117 147.007 0.564 9015
807.077 147.087 0.565 9032
807.037 147.166 0.564 9032
806.957 147.246 0.565 9048
806.957 147.326 0.564 9048
806.917 147.445 0.564 9065
806.876 147.525 0.564 9065
806.836 147.644 0.564 9081
806.796 147.724 0.564 9081
806.756 147.843 0.564 9081
806.716 147.923 0.564 9097
806.676 148.002 0.564 9097
806.636 148.082 0.564 9097
806.596 148.161 0.564 9113
806.556 148.281 0.565 9129
806.516 148.360 0.564 9129
806.476 148.440 0.563 9129
806.476 148.520 0.565 9146
806.436 148.639 0.564 9146
806.436 148.719 0.564 9162
806.396 148.838 0.564 9162
806.396 148.918 0.564 9178
806.356 148.997 0.563 9178
806.316 149.117 0.564 9178
806.235 149.236 0.564 9194
806.195 149.316 0.564 9194
806.115 149.435 0.564 9210
806.075 149.555 0.564 9210
805.995 149.674 0.564 9210
805.955 149.754 0.564 9227
805.915 149.873 0.563 9243
805.915 149.993 0.564 9243
805.875 150.072 0.564 9243
805.795 150.192 0.563 9259
805.795 150.311 0.564 9259
805.755 150.510 0.564 9259
805.715 150.630 0.563 9275
805.674 150.749 0.564 9292
805.634 150.868 0.564 9292
805.594 150.988 0.564 9292
805.554 151.107 0.564 9308
805.514 151.227 0.564 9324
805.514 151.346 0.564 9324
805.434 151.466 0.564 9324
805.434 151.585 0.564 9340
805.394 151.704 0.564 9340
805.354 151.824 0.564 9357
805.274 151.943 0.563 9357
805.194 152.063 0.564 9357
805.154 152.182 0.564 9373
805.114 152.262 0.564 9373
805.033 152.381 0.564 9389
804.953 152.501 0.564 9389
804.913 152.620 0.564 9406
804.873 152.779 0.564 9406
804.873 152.859 0.563 9406
804.793 152.978 0.564 9422
804.753 153.098 0.564 9438
804.713 153.177 0.564 9438
804.633 153.297 0.564 9438
804.593 153.376 0.564 9455
804.553 153.456 0.564 9455
804.513 153.575 0.564 9455
804.432 153.655 0.564 9471
804.432 153.774 0.564 9487
804.392 153.894 0.564 9487
804.312 154.013 0.564 9487
804.272 154.093 0.564 9503
804.232 154.212 0.564 9503
804.192 154.332 0.564 9519
804.152 154.451 0.564 9519
804.112 154.571 0.564 9535
804.072 154.690 0.564 9535
804.032 154.770 0.565 9535
803.992 154.849 0.564 9552
803.952 154.969 0.564 9552
803.952 155.048 0.565 9568
803.911 155.128 0.564 9568
803.871 155.208 0.564 9568
803.831 155.287 0.564 9584
803.791 155.327 0.564 9600
803.791 155.407 0.564 9600
803.751 155.486 0.564 9600
803.711 155.566 0.564 9616
803.671 155.645 0.564 9616
803.631 155.765 0.564 9616
803.591 155.844 0.564 9633
803.551 155.964 0.564 9649
803.511 156.083 0.564 9649
803.471 156.163 0.563 9649
803.431 156.282 0.564 9665
803.391 156.402 0.564 9681
803.351 156.481 0.564 9681
803.311 156.601 0.564 9681
803.311 156.680 0.563 9697
803.270 156.760 0.563 9697
803.230 156.879 0.564 9697
803.190 156.959 0.563 9714
803.150 157.079 0.563 9714
803.150 157.198 0.564 9730
803.070 157.278 0.563 9730
803.030 157.397 0.563 9746
803.030 157.477 0.564 9746
802.990 157.556 0.563 9762
802.950 157.636 0.564 9762
802.910 157.755 0.563 9762
802.870 157.835 0.563 9778
802.870 157.914 0.564 9778
802.830 158.034 0.563 9778
802.790 158.113 0.563 9795
802.750 158.193 0.564 9811
802.750 158.313 0.564 9811
802.709 158.392 0.564 9811
802.669 158.512 0.564 9827
802.669 158.591 0.563 9844
802.629 158.671 0.563 9844
802.589 158.790 0.564 9844
802.549 158.870 0.563 9860
802.509 158.989 0.563 9860
802.509 159.069 0.563 9860
802.469 159.188 0.563 9876
802.429 159.268 0.564 9892
802.429 159.387 0.564 9892
802.389 159.507 0.563 9892
802.389 159.586 0.564 9908
802.349 159.666 0.564 9908
802.349 159.785 0.564 9924
802.309 159.865 0.564 9924
802.309 159.945 0.563 9924
802.269 160.024 0.563 9941
802.229 160.104 0.564 9941
802.189 160.184 0.563 9957
802.149 160.303 0.563 9957
802.109 160.383 0.564 9974
802.068 160.502 0.564 9974
802.028 160.621 0.564 9974
801.988 160.741 0.564 9990
801.948 160.860 0.563 10006
801.908 160.980 0.564 10006
801.868 161.099 0.564 10006
801.828 161.179 0.563 10022
801.788 161.298 0.564 10022
801.788 161.378 0.563 10022
801.748 161.497 0.564 10038
801.708 161.577 0.564 10055
801.668 161.736 0.564 10055
801.668 161.816 0.564 10055
801.628 161.895 0.564 10071
801.588 162.015 0.563 10071
801.548 162.134 0.564 10087
801.508 162.214 0.564 10087
801.467 162.333 0.563 10103
801.387 162.413 0.564 10103
801.347 162.492 0.564 10119
801.307 162.612 0.564 10119
801.227 162.691 0.565 10119
801.187 162.771 0.564 10136
801.147 162.891 0.564 10136
801.107 162.970 0.564 10136
801.067 163.050 0.563 10152
801.027 163.169 0.564 10168
800.987 163.249 0.565 10168
800.947 163.328 0.564 10168
800.907 163.448 0.564 10185
800.866 163.527 0.564 10201
800.786 163.647 0.563 10201
800.746 163.727 0.564 10201
800.706 163.846 0.564 10217
800.626 164.005 0.563 10217
800.546 164.125 0.564 10217
800.506 164.244 0.564 10233
800.426 164.363 0.564 10249
800.386 164.443 0.564 10249
800.305 164.523 0.564 10249
800.265 164.642 0.564 10265
800.225 164.722 0.564 10265
800.185 164.801 0.564 10282
800.145 164.881 0.564 10282
800.145 165.000 0.564 10282
800.105 165.080 0.563 10298
800.105 165.160 0.564 10298
800.065 165.279 0.564 10314
800.065 165.359 0.564 10314
799.985 165.478 0.564 10330
799.945 165.558 0.564 10330
799.945 165.677 0.564 10330
799.865 165.757 0.564 10347
799.865 165.876 0.563 10363
799.825 165.956 0.564 10363
799.785 166.075 0.564 10363
799.745 166.155 0.563 10379
799.705 166.274 0.564 10379
799.664 166.394 0.564 10379
799.584 166.473 0.563 10395
799.544 166.593 0.564 10411
799.504 166.672 0.564 10411
799.464 166.792 0.564 10411
799.384 166.911 0.564 10428
799.344 166.991 0.564 10428
799.304 167.070 0.563 10444
799.304 167.150 0.564 10444
799.304 167.269 0.563 10444
799.264 167.309 0.563 10460
799.264 167.429 0.564 10477
799.184 167.468 0.563 10477
799.184 167.548 0.564 10477
799.144 167.628 0.564 10493
799.144 167.747 0.563 10493
799.104 167.827 0.564 10493
799.063 167.946 0.564 10509
799.023 168.066 0.563 10525
798.983 168.185 0.564 10525
798.903 168.265 0.563 10525
798.863 168.384 0.563 10542
798.823 168.543 0.564 10558
798.783 168.663 0.564 10558
798.743 168.742 0.564 10558
798.743 168.862 0.565 10574
798.703 168.941 0.563 10574
798.663 169.061 0.564 10574
798.623 169.101 0.564 10590
798.583 169.180 0.563 10590
798.543 169.260 0.564 10607
798.503 169.339 0.564 10607
798.462 169.459 0.563 10623
798.422 169.538 0.564 10623
798.382 169.658 0.564 10639
798.342 169.777 0.564 10639
798.262 169.897 0.564 10639
798.222 170.016 0.564 10655
798.142 170.136 0.564 10655
798.102 170.255 0.565 10655
798.022 170.375 0.563 10672
797.982 170.454 0.564 10688
797.901 170.574 0.564 10688
797.861 170.733 0.563 10688
797.821 170.812 0.564 10704
797.781 170.932 0.564 10721
797.741 171.051 0.564 10721
797.661 171.131 0.564 10721
797.621 171.250 0.564 10737
797.541 171.330 0.563 10737
797.501 171.449 0.564 10737
797.461 171.569 0.564 10753
797.381 171.688 0.564 10770
797.341 171.847 0.564 10770
797.260 171.967 0.564 10770
797.220 172.086 0.564 10786
797.140 172.206 0.564 10786
797.060 172.285 0.563 10802
797.060 172.405 0.564 10802
796.980 172.524 0.564 10802
796.940 172.604 0.564 10818
796.900 172.723 0.564 10818
796.860 172.803 0.564 10818
796.820 172.922 0.563 10835
796.780 173.081 0.564 10851
796.740 173.161 0.564 10851
796.659 173.280 0.564 10851
796.619 173.400 0.564 10867
796.579 173.480 0.564 10884
796.499 173.559 0.564 10884
796.459 173.679 0.564 10884
796.419 173.758 0.563 10900
796.419 173.838 0.564 10900
796.339 173.957 0.564 10900
796.299 174.077 0.564 10916
796.259 174.156 0.564 10932
796.259 174.315 0.564 10932
796.179 174.435 0.563 10932
796.139 174.554 0.564 10949
796.099 174.674 0.564 10949
796.018 174.793 0.563 10965
795.938 174.952 0.564 10965
795.898 175.032 0.564 10965
795.818 175.151 0.564 10981
795.778 175.311 0.565 10981
795.738 175.430 0.564 10997
795.698 175.550 0.564 10997
795.618 175.669 0.564 11013
795.578 175.788 0.564 11013
795.497 175.908 0.564 11013
795.457 176.027 0.564 11029
795.417 176.147 0.563 11046
795.377 176.226 0.564 11046
795.337 176.346 0.564 11046
795.297 176.465 0.564 11062
795.217 176.545 0.564 11062
795.177 176.664 0.564 11062
795.137 176.784 0.563 11078
795.017 176.903 0.564 11095
794.977 177.062 0.564 11095
794.937 177.182 0.564 11095
794.856 177.341 0.564 11111
794.816 177.500 0.563 11111
794.776 177.620 0.564 11127
794.736 177.739 0.564 11127
794.696 177.858 0.564 11144
794.656 177.978 0.564 11144
794.616 178.097 0.564 11144
794.536 178.217 0.564 11160
794.496 178.336 0.564 11160
794.456 178.416 0.564 11176
794.416 178.535 0.564 11176
794.336 178.655 0.564 11176
794.296 178.774 0.564 11192
794.215 178.854 0.564 11208
794.175 178.973 0.565 11208
794.095 179.093 0.564 11208
794.055 179.212 0.564 11225
794.015 179.292 0.565 11225
793.975 179.411 0.564 11225
793.895 179.491 0.564 11241
793.855 179.610 0.564 11257
793.815 179.769 0.564 11257
793.775 179.849 0.564 11257
793.694 179.968 0.565 11274
793.614 180.088 0.564 11274
793.574 180.207 0.564 11290
793.534 180.287 0.564 11290
793.454 180.406 0.564 11306
793.414 180.526 0.565 11306
793.374 180.645 0.564 11306
793.334 180.725 0.565 11322
793.254 180.804 0.565 11322
793.214 180.884 0.564 11338
793.174 180.963 0.565 11338
793.094 181.043 0.564 11338
793.053 181.123 0.564 11355
793.013 181.202 0.564 11371
792.973 181.282 0.564 11371
792.853 181.401 0.564 11371
792.813 181.521 0.564 11387
792.733 181.640 0.565 11387
792.693 181.760 0.564 11387
792.613 181.839 0.564 11403
792.533 181.959 0.564 11420
792.492 182.078 0.564 11420
792.412 182.158 0.564 11420
792.372 182.237 0.565 11436
792.252 182.317 0.564 11452
792.212 182.397 0.565 11452
792.132 182.476 0.564 11452
792.052 182.556 0.564 11468
791.972 182.635 0.565 11468
791.891 182.715 0.565 11468
791.811 182.834 0.565 11485
791.731 182.914 0.565 11485
791.651 183.034 0.565 11501
791.571 183.153 0.565 11501
791.451 183.233 0.565 11517
791.411 183.352 0.564 11517
791.331 183.432 0.565 11533
791.250 183.511 0.565 11533
791.170 183.591 0.564 11533
791.090 183.671 0.565 11549
791.010 183.750 0.564 11549
790.930 183.830 0.565 11549
790.890 183.909 0.565 11565
790.810 183.989 0.564 11582
790.730 184.069 0.565 11582
790.689 184.108 0.565 11582
790.609 184.188 0.565 11598
790.529 184.307 0.565 11614
790.449 184.347 0.565 11614
790.369 184.387 0.565 11614
790.249 184.467 0.566 11631
790.169 184.506 0.566 11631
790.048 184.546 0.565 11631
789.968 184.586 0.566 11647
789.888 184.666 0.566 11663
789.768 184.705 0.565 11663
789.688 184.785 0.566 11663
789.568 184.825 0.566 11680
789.447 184.865 0.566 11680
789.327 184.944 0.566 11696
789.247 184.984 0.566 11696
789.127 185.024 0.566 11696
789.007 185.104 0.566 11712
788.927 185.143 0.566 11712
788.806 185.183 0.567 11728
788.726 185.223 0.566 11728
788.606 185.263 0.566 11744
788.526 185.303 0.567 11744
788.406 185.303 0.567 11744
788.326 185.342 0.567 11761
788.285 185.382 0.568 11777
788.165 185.422 0.567 11777
788.085 185.462 0.568 11777
788.005 185.462 0.568 11793
787.925 185.502 0.568 11793
787.845 185.502 0.570 11809
787.725 185.502 0.570 11809
787.604 185.502 0.569 11809
787.484 185.502 0.570 11826
787.364 185.502 0.570 11826
787.284 185.502 0.571 11842
787.164 185.502 0.572 11842
787.043 185.502 0.571 11858
786.963 185.502 0.572 11858
786.883 185.502 0.573 11858
786.803 185.502 0.572 11875
786.723 185.502 0.573 11891
786.643 185.502 0.573 11891
786.563 185.502 0.573 11891
786.482 185.502 0.574 11907
786.402 185.502 0.575 11907
786.322 185.502 0.575 11907
786.242 185.502 0.577 11924
786.162 185.502 0.577 11940
786.042 185.502 0.578 11940
785.962 185.502 0.579 11940
785.881 185.502 0.579 11956
785.801 185.462 0.579 11956
785.761 185.422 0.580 11972
785.681 185.382 0.579 11972
785.601 185.342 0.580 11989
785.561 185.263 0.580 11989
785.481 185.223 0.580 11989
785.401 185.143 0.580 12005
785.321 185.104 0.581 12005
785.240 185.024 0.581 12021
785.160 184.944 0.582 12021
785.080 184.865 0.581 12021
784.960 184.745 0.581 12038
784.880 184.666 0.582 12054
784.800 184.546 0.582 12054
784.720 184.467 0.582 12054
784.639 184.387 0.582 12070
784.559 184.268 0.582 12070
784.479 184.188 0.582 12070
784.439 184.148 0.582 12087
784.359 184.108 0.582 12103
784.319 184.029 0.582 12103
784.239 183.989 0.583 12103
784.199 183.949 0.582 12119
784.159 183.870 0.583 12136
784.078 183.830 0.582 12136
783.958 183.750 0.582 12136
783.878 183.710 0.583 12152
783.838 183.631 0.582 12152
783.718 183.551 0.582 12152
783.638 183.511 0.583 12168
783.558 183.432 0.582 12168
783.518 183.352 0.583 12184
783.477 183.272 0.583 12184
783.397 183.193 0.582 12184
783.357 183.113 0.582 12201
783.317 183.034 0.582 12217
783.277 182.954 0.582 12217
783.237 182.834 0.582 12217
783.197 182.715 0.582 12233
783.157 182.635 0.581 12233
783.157 182.516 0.582 12233
783.117 182.436 0.582 12249
783.077 182.357 0.581 12266
783.077 182.277 0.582 12266
783.037 182.198 0.582 12266
783.037 182.078 0.582 12282
783.037 181.999 0.582 12298
783.037 181.919 0.581 12298
783.037 181.839 0.581 12298
783.037 181.760 0.580 12314
783.037 181.680 0.579 12314
783.037 181.561 0.579 12314
783.117 181.441 0.579 12330
783.197 181.282 0.579 12347
783.317 181.163 0.579 12347
783.437 181.003 0.579 12347
783.558 180.884 0.579 12363
783.678 180.725 0.579 12363
783.758 180.565 0.579 12379
783.878 180.406 0.579 12379
783.958 180.287 0.579 12379
784.038 180.167 0.579 12395
784.119 180.048 0.579 12395
784.199 179.928 0.579 12395
784.279 179.809 0.579 12412
784.399 179.729 0.579 12428
784.479 179.610 0.579 12428
784.599 179.530 0.578 12428
784.720 179.451 0.579 12444
784.840 179.411 0.579 12460
784.960 179.331 0.578 12460
785.080 179.292 0.578 12460
785.240 179.292 0.578 12477
785.361 179.292 0.578 12477
785.441 179.252 0.578 12477
785.561 179.252 0.577 12493
785.681 179.252 0.578 12509
785.761 179.252 0.578 12509
785.881 179.252 0.577 12509
786.002 179.252 0.577 12525
786.082 179.252 0.578 12525
786.162 179.252 0.577 12541
786.282 179.252 0.577 12541
786.362 179.252 0.578 12541
786.442 179.252 0.577 12558
786.482 179.252 0.578 12558
786.603 179.252 0.578 12574
786.683 179.252 0.577 12574
786.763 179.252 0.578 12590
786.843 179.292 0.577 12590
786.923 179.331 0.577 12590
787.003 179.371 0.578 12607
787.124 179.371 0.577 12623
787.244 179.411 0.577 12623
787.364 179.451 0.577 12623
787.484 179.491 0.577 12639
787.564 179.491 0.577 12639
787.644 179.491 0.577 12639
787.765 179.530 0.577 12655
787.845 179.570 0.577 12672
787.925 179.570 0.577 12672
788.005 179.610 0.577 12672
788.125 179.650 0.577 12688
788.205 179.690 0.577 12688
788.285 179.769 0.577 12704
788.366 179.849 0.577 12704
788.446 179.889 0.576 12704
788.526 179.928 0.577 12720
788.606 179.968 0.577 12720
788.686 180.008 0.577 12737
788.766 180.048 0.577 12737
788.846 180.088 0.577 12753
788.967 180.128 0.576 12753
789.087 180.167 0.577 12753
789.167 180.207 0.577 12769
789.247 180.287 0.576 12785
789.367 180.327 0.577 12785
789.447 180.366 0.577 12785
789.528 180.406 0.577 12801
789.608 180.486 0.577 12801
789.728 180.526 0.577 12801
789.808 180.565 0.576 12817
789.888 180.645 0.577 12834
790.008 180.685 0.576 12834
790.048 180.764 0.577 12834
790.129 180.804 0.577 12850
790.209 180.884 0.576 12850
790.289 180.924 0.577 12866
790.369 180.963 0.576 12866
790.449 181.043 0.577 12882
790.529 181.083 0.577 12882
790.569 181.123 0.577 12898
790.649 181.123 0.576 12898
790.689 181.163 0.577 12898
790.770 181.202 0.576 12914
790.850 181.242 0.576 12914
790.930 181.282 0.577 12914
791.010 181.322 0.576 12931
791.050 181.362 0.577 12947
791.130 181.362 0.577 12947
791.210 181.401 0.577 12947
791.290 181.401 0.577 12963
791.331 181.441 0.577 12979
791.411 181.481 0.577 12979
791.451 181.481 0.579 12979
791.531 181.521 0.578 12995
791.611 181.561 0.577 12995
791.691 181.561 0.578 12995
791.771 181.600 0.579 13012
791.891 181.640 0.579 13028
791.972 181.640 0.580 13028
792.092 181.680 0.579 13028
792.172 181.720 0.580 13044
792.292 181.760 0.581 13044
792.372 181.799 0.581 13060
792.492 181.839 0.580 13060
792.573 181.879 0.581 13076
792.653 181.919 0.581 13076
792.773 181.959 0.581 13076
792.853 182.038 0.581 13092
792.893 182.038 0.582 13092
793.013 182.078 0.583 13109
793.094 182.118 0.582 13109
793.174 182.158 0.582 13109
793.334 182.158 0.582 13125
793.374 182.198 0.583 13141
793.494 182.237 0.582 13141
793.574 182.237 0.583 13141
793.654 182.237 0.583 13157
793.735 182.277 0.583 13157
793.815 182.317 0.584 13157
793.895 182.357 0.584 13173
794.015 182.397 0.584 13190
794.095 182.436 0.585 13190
794.215 182.476 0.585 13190
794.296 182.476 0.586 13206
794.416 182.476 0.586 13222
794.536 182.476 0.586 13222
794.656 182.476 0.587 13222
794.776 182.476 0.587 13238
794.937 182.476 0.587 13238
795.057 182.476 0.588 13238
795.177 182.476 0.589 13254
795.297 182.476 0.590 13254
795.457 182.476 0.591 13270
795.538 182.516 0.591 13270
795.618 182.556 0.592 13287
795.738 182.596 0.593 13287
795.818 182.635 0.592 13303
795.898 182.675 0.593 13303
796.018 182.715 0.593 13303
796.139 182.755 0.593 13319
796.219 182.755 0.594 13319
796.299 182.795 0.594 13319
796.419 182.795 0.594 13335
796.539 182.795 0.595 13351
796.619 182.795 0.595 13351
796.740 182.795 0.595 13351
796.860 182.795 0.596 13367
797.020 182.795 0.595 13384
797.140 182.834 0.596 13384
797.260 182.834 0.597 13384
797.341 182.834 0.596 13400
797.461 182.874 0.597 13400
797.541 182.874 0.597 13400
797.661 182.914 0.597 13416
797.741 182.914 0.598 13432
797.821 182.954 0.598 13432
797.901 182.954 0.599 13432
797.982 182.954 0.599 13448
798.062 182.994 0.600 13448
798.142 182.994 0.600 13464
798.222 183.034 0.600 13464
798.302 183.073 0.600 13480
798.342 183.073 0.600 13480
798.422 183.113 0.601 13480
798.503 183.113 0.601 13497
798.623 183.153 0.601 13497
798.743 183.193 0.601 13513
798.863 183.233 0.601 13513
798.983 183.272 0.602 13513
799.144 183.312 0.602 13529
799.264 183.352 0.602 13545
799.384 183.392 0.602 13545
799.504 183.392 0.602 13545
799.624 183.432 0.602 13561
799.785 183.471 0.602 13577
799.905 183.511 0.602 13577
800.025 183.551 0.602 13577
800.145 183.551 0.603 13593
800.265 183.591 0.602 13593
800.386 183.591 0.602 13593
800.546 183.631 0.603 13609
800.666 183.671 0.603 13609
800.786 183.710 0.603 13625
800.947 183.710 0.604 13625
801.027 183.750 0.603 13642
801.147 183.790 0.604 13642
801.267 183.830 0.604 13658
801.387 183.870 0.604 13658
801.467 183.909 0.605 13658
801.588 183.909 0.604 13674
801.708 183.949 0.605 13674
801.828 183.989 0.605 13674
801.948 184.029 0.605 13690
802.068 184.069 0.605 13706
802.149 184.069 0.605 13706
802.269 184.148 0.605 13706
802.349 184.148 0.605 13722
802.469 184.188 0.606 13739
802.549 184.188 0.605 13739
802.669 184.228 0.606 13739
802.790 184.228 0.606 13755
802.910 184.228 0.606 13755
802.990 184.268 0.606 13755
803.070 184.268 0.606 13771
803.190 184.307 0.606 13787
803.270 184.347 0.606 13787
803.351 184.347 0.606 13787
803.471 184.387 0.606 13803
803.551 184.427 0.607 13803
803.671 184.427 0.606 13819
803.751 184.467 0.606 13819
803.871 184.506 0.607 13819
803.952 184.546 0.606 13836
804.032 184.586 0.607 13836
804.112 184.626 0.607 13852
804.192 184.666 0.606 13852
804.272 184.705 0.607 13868
804.312 184.745 0.607 13868
804.432 184.785 0.606 13868
804.513 184.825 0.607 13884
804.593 184.865 0.607 13900
804.713 184.944 0.607 13900
804.873 184.984 0.607 13900
804.953 185.024 0.607 13917
805.033 185.064 0.607 13917
805.114 185.104 0.607 13917
805.194 185.143 0.607 13933
805.234 185.143 0.607 13949
805.314 185.143 0.607 13949
805.394 185.143 0.607 13949
805.474 185.143 0.607 13965
805.594 185.183 0.607 13981
805.674 185.183 0.607 13981
805.755 185.183 0.608 13981
805.835 185.223 0.607 13998
805.915 185.223 0.607 13998
805.995 185.263 0.608 14014
806.035 185.263 0.607 14014
806.115 185.263 0.608 14014
806.195 185.263 0.608 14030
806.316 185.263 0.608 14030
806.396 185.303 0.608 14030
806.476 185.303 0.609 14046
806.596 185.303 0.609 14062
806.676 185.303 0.610 14062
806.796 185.303 0.610 14062
806.876 185.303 0.610 14078
806.997 185.342 0.610 14095
807.077 185.342 0.610 14095
807.157 185.342 0.610 14095
807.237 185.342 0.611 14111
807.317 185.342 0.611 14111
807.397 185.382 0.611 14111
807.477 185.382 0.612 14127
807.558 185.382 0.611 14127
807.598 185.382 0.612 14143
807.718 185.382 0.611 14143
807.798 185.382 0.611 14159
807.878 185.382 0.612 14159
807.918 185.382 0.612 14175
807.998 185.382 0.612 14175
808.119 185.422 0.612 14175
808.159 185.422 0.612 14192
808.279 185.422 0.612 14192
808.359 185.422 0.613 14192
808.439 185.422 0.612 14208
808.599 185.422 0.612 14224
808.679 185.422 0.613 14224
808.760 185.422 0.613 14224
808.880 185.422 0.613 14240
808.960 185.422 0.614 14257
809.040 185.422 0.613 14257
809.120 185.422 0.613 14257
809.200 185.422 0.613 14273
809.280 185.422 0.613 14273
809.361 185.422 0.613 14273
809.441 185.422 0.613 14289
809.521 185.422 0.613 14305
809.601 185.422 0.614 14305
809.721 185.462 0.613 14305
809.801 185.462 0.613 14321
809.881 185.462 0.614 14321
809.962 185.462 0.613 14337
810.042 185.502 0.613 14337
810.122 185.502 0.614 14337
810.242 185.502 0.614 14354
810.322 185.542 0.614 14370
810.402 185.542 0.614 14370
810.482 185.542 0.613 14370
810.603 185.542 0.614 14386
810.683 185.542 0.614 14386
810.803 185.542 0.614 14386
810.883 185.542 0.614 14402
811.003 185.542 0.614 14418
811.124 185.542 0.614 14418
811.204 185.542 0.614 14418
811.324 185.542 0.614 14435
811.484 185.542 0.614 14451
811.564 185.542 0.615 14451
811.684 185.542 0.614 14451
811.805 185.542 0.614 14467
811.925 185.542 0.615 14467
812.005 185.542 0.614 14467
812.085 185.542 0.615 14483
812.245 185.542 0.614 14499
812.366 185.542 0.614 14499
812.486 185.542 0.616 14499
812.566 185.542 0.615 14515
812.686 185.542 0.614 14515
812.806 185.542 0.616 14532
812.886 185.542 0.615 14532
813.007 185.502 0.615 14532
813.087 185.502 0.616 14548
813.207 185.502 0.615 14548
813.287 185.502 0.615 14564
813.407 185.502 0.616 14564
813.487 185.502 0.616 14580
813.608 185.502 0.616 14580
813.728 185.502 0.617 14580
813.808 185.462 0.615 14596
813.928 185.422 0.616 14612
814.048 185.382 0.616 14612
814.169 185.342 0.616 14612
814.289 185.263 0.616 14628
814.369 185.223 0.617 14628
814.489 185.143 0.616 14628
814.569 185.064 0.617 14644
814.649 185.024 0.616 14661
814.730 184.984 0.617 14661
814.850 184.944 0.618 14661
814.930 184.905 0.616 14677
815.010 184.865 0.617 14677
815.130 184.825 0.617 14693
815.250 184.785 0.617 14693
815.331 184.666 0.617 14709
815.491 184.586 0.618 14709
815.611 184.467 0.617 14709
815.731 184.387 0.617 14725
815.851 184.307 0.617 14725
815.972 184.188 0.617 14741
816.052 184.108 0.618 14741
816.172 184.029 0.618 14741
816.252 183.949 0.617 14758
816.372 183.830 0.619 14774
816.452 183.750 0.618 14774
816.533 183.671 0.618 14774
816.613 183.591 0.618 14790
816.693 183.511 0.618 14790
816.773 183.471 0.618 14790
816.853 183.432 0.619 14806
816.933 183.352 0.618 14822
816.973 183.312 0.619 14822
817.053 183.272 0.618 14822
817.134 183.233 0.618 14839
817.214 183.193 0.619 14855
817.294 183.113 0.618 14855
817.414 183.034 0.618 14855
817.494 182.954 0.618 14871
817.614 182.874 0.618 14871
817.695 182.755 0.619 14871
817.815 182.675 0.618 14887
817.895 182.556 0.619 14887
817.975 182.476 0.619 14903
818.055 182.397 0.619 14903
818.135 182.317 0.619 14920
818.215 182.277 0.619 14920
818.295 182.198 0.619 14936
818.376 182.158 0.619 14936
818.416 182.118 0.619 14936
818.496 182.038 0.619 14952
818.536 181.959 0.619 14952
818.616 181.879 0.619 14968
818.656 181.839 0.619 14968
818.736 181.799 0.619 14984
818.776 181.720 0.619 14984
818.856 181.680 0.619 14984
818.896 181.600 0.619 15001
818.977 181.521 0.619 15017
819.057 181.481 0.619 15017
819.097 181.401 0.619 15017
819.177 181.362 0.619 15033
819.257 181.282 0.619 15033
819.337 181.202 0.619 15033
819.377 181.163 0.619 15049
819.457 181.083 0.619 15065
819.497 181.003 0.620 15065
819.578 180.924 0.620 15065
819.618 180.844 0.619 15082
819.698 180.725 0.620 15082
819.738 180.645 0.619 15098
819.818 180.526 0.620 15098
819.858 180.406 0.620 15114
819.898 180.287 0.620 15114
819.978 180.207 0.620 15114
820.018 180.088 0.620 15130
820.058 180.048 0.620 15130
820.099 179.968 0.620 15146
820.139 179.928 0.620 15146
820.179 179.849 0.619 15146
820.259 179.809 0.620 15163
820.339 179.729 0.620 15179
820.379 179.650 0.620 15179
820.459 179.570 0.620 15179
820.539 179.491 0.620 15195
820.619 179.371 0.620 15195
820.699 179.212 0.620 15195
820.780 179.093 0.620 15211
820.900 178.933 0.620 15227
820.980 178.774 0.620 15227
821.060 178.575 0.620 15227
821.140 178.336 0.620 15243
821.300 178.097 0.620 15260
821.421 177.819 0.609 15260
821.621 177.460 0.587 15260
821.781 177.022 0.547 15276
821.942 176.624 0.469 15276
822.062 176.147 0.324 15276

