% x_coordinate y_coordinate pressure time
% shape 0, 1409 points
857.881 184.905 0.254 210
858.002 184.785 0.264 210
858.162 184.666 0.276 210
858.282 184.546 0.287 226
858.482 184.387 0.296 226
858.643 184.228 0.304 242
858.803 184.108 0.312 242
859.003 183.949 0.318 258
859.204 183.790 0.322 258
859.404 183.631 0.326 274
859.684 183.432 0.329 274
859.925 183.153 0.333 274
860.205 182.954 0.339 290
860.446 182.715 0.341 290
860.726 182.516 0.344 290
861.007 182.317 0.346 306
861.247 182.158 0.348 323
861.487 181.999 0.349 323
861.728 181.839 0.350 323
861.928 181.720 0.350 339
862.129 181.600 0.352 355
862.329 181.481 0.352 355
862.569 181.362 0.352 355
862.770 181.202 0.352 371
863.010 180.963 0.352 371
863.291 180.764 0.353 371
863.571 180.526 0.353 387
863.811 180.287 0.353 403
864.052 180.088 0.354 403
864.372 179.849 0.354 403
864.573 179.650 0.354 420
864.773 179.491 0.355 420
864.933 179.292 0.356 436
865.134 179.132 0.357 436
865.294 178.973 0.357 436
865.454 178.854 0.358 452
865.614 178.734 0.359 468
865.775 178.535 0.359 468
865.975 178.416 0.359 468
866.135 178.296 0.360 484
866.295 178.137 0.360 484
866.496 177.978 0.360 484
866.696 177.819 0.361 500
866.896 177.659 0.361 517
867.177 177.460 0.360 517
867.377 177.301 0.361 517
867.618 177.102 0.362 533
867.818 176.903 0.362 549
868.058 176.704 0.363 549
868.259 176.545 0.363 549
868.419 176.346 0.363 565
868.619 176.186 0.363 565
868.780 176.027 0.363 565
868.980 175.828 0.363 581
869.140 175.669 0.363 581
869.341 175.470 0.364 597
869.541 175.271 0.363 597
869.781 175.112 0.364 597
869.942 174.913 0.363 613
870.142 174.674 0.364 630
870.342 174.475 0.364 630
870.503 174.276 0.364 630
870.663 174.037 0.366 646
870.863 173.798 0.369 646
871.023 173.599 0.370 646
871.184 173.400 0.372 662
871.344 173.201 0.375 678
871.544 173.042 0.377 678
871.704 172.843 0.379 678
871.865 172.683 0.380 694
872.025 172.524 0.382 711
872.185 172.405 0.383 711
872.386 172.246 0.384 711
872.546 172.086 0.385 727
872.666 171.967 0.385 727
872.826 171.808 0.385 743
872.947 171.688 0.386 743
873.027 171.569 0.387 743
873.187 171.409 0.388 759
873.307 171.290 0.389 759
873.467 171.131 0.390 775
873.588 170.972 0.391 775
873.748 170.812 0.391 791
873.868 170.653 0.393 791
873.988 170.534 0.394 791
874.109 170.414 0.396 807
874.229 170.295 0.400 824
874.309 170.175 0.403 824
874.429 170.096 0.405 824
874.509 169.976 0.408 840
874.629 169.897 0.411 840
874.750 169.738 0.412 840
874.870 169.618 0.413 856
875.030 169.419 0.413 872
875.190 169.260 0.415 872
875.311 169.061 0.415 872
875.471 168.902 0.416 888
875.631 168.742 0.417 888
875.751 168.583 0.419 904
875.911 168.424 0.420 904
876.032 168.265 0.421 904
876.192 168.145 0.421 920
876.312 167.986 0.422 937
876.472 167.867 0.422 937
876.593 167.707 0.423 937
876.753 167.548 0.423 953
876.913 167.429 0.424 953
877.033 167.230 0.424 953
877.194 167.070 0.425 969
877.314 166.911 0.425 985
877.474 166.792 0.425 985
877.594 166.633 0.426 985
877.795 166.473 0.427 1001
877.915 166.274 0.428 1017
878.075 166.115 0.430 1017
878.195 165.956 0.431 1017
878.356 165.797 0.433 1034
878.516 165.637 0.434 1034
878.676 165.518 0.434 1034
878.836 165.359 0.435 1051
879.037 165.199 0.435 1067
879.237 165.040 0.436 1067
879.397 164.801 0.436 1067
879.598 164.642 0.436 1083
879.758 164.483 0.437 1083
879.958 164.324 0.437 1083
880.119 164.125 0.438 1099
880.279 163.965 0.440 1115
880.479 163.806 0.441 1115
880.599 163.647 0.442 1115
880.760 163.488 0.443 1131
880.920 163.328 0.444 1131
881.040 163.169 0.445 1148
881.240 162.970 0.447 1148
881.361 162.811 0.448 1148
881.521 162.572 0.450 1164
881.681 162.373 0.452 1164
881.841 162.214 0.453 1180
882.002 162.015 0.455 1180
882.162 161.855 0.456 1196
882.322 161.656 0.457 1196
882.482 161.497 0.457 1196
882.643 161.338 0.459 1212
882.803 161.139 0.461 1228
883.003 160.980 0.463 1228
883.164 160.821 0.465 1228
883.284 160.661 0.466 1244
883.404 160.502 0.468 1244
883.524 160.343 0.469 1260
883.644 160.184 0.470 1260
883.725 160.064 0.471 1260
883.845 159.905 0.473 1277
883.965 159.746 0.475 1277
884.085 159.547 0.477 1293
884.245 159.348 0.479 1293
884.366 159.149 0.481 1309
884.526 158.950 0.482 1309
884.646 158.750 0.483 1309
884.806 158.551 0.485 1325
884.927 158.392 0.486 1342
885.087 158.153 0.488 1342
885.207 157.994 0.489 1342
885.327 157.795 0.490 1358
885.528 157.636 0.492 1358
885.648 157.437 0.494 1358
885.808 157.278 0.496 1374
885.968 157.118 0.497 1390
886.088 156.919 0.499 1390
886.249 156.760 0.499 1390
886.409 156.561 0.499 1407
886.569 156.362 0.500 1407
886.730 156.163 0.500 1423
886.890 156.004 0.500 1423
887.050 155.765 0.501 1439
887.170 155.606 0.502 1439
887.331 155.446 0.503 1455
887.451 155.247 0.504 1455
887.571 155.128 0.505 1455
887.691 154.969 0.506 1471
887.811 154.809 0.506 1471
887.972 154.650 0.506 1487
888.092 154.491 0.507 1487
888.252 154.332 0.507 1503
888.372 154.173 0.508 1503
888.492 154.013 0.507 1503
888.613 153.854 0.508 1519
888.733 153.615 0.508 1535
888.893 153.456 0.508 1535
889.013 153.257 0.509 1535
889.174 153.098 0.509 1551
889.334 152.899 0.509 1551
889.454 152.739 0.509 1551
889.574 152.540 0.510 1568
889.694 152.421 0.510 1584
889.815 152.262 0.511 1584
889.935 152.102 0.511 1584
890.015 151.983 0.512 1600
890.135 151.824 0.512 1600
890.255 151.665 0.512 1616
890.416 151.466 0.512 1616
890.536 151.266 0.512 1632
890.696 151.107 0.513 1632
890.856 150.908 0.513 1632
890.977 150.749 0.513 1649
891.097 150.590 0.514 1649
891.217 150.431 0.515 1665
891.297 150.271 0.515 1665
891.377 150.112 0.516 1665
891.457 149.993 0.516 1681
891.538 149.833 0.517 1697
891.578 149.674 0.517 1697
891.658 149.515 0.517 1697
891.778 149.356 0.518 1713
891.858 149.196 0.518 1730
891.978 148.997 0.518 1730
892.058 148.838 0.518 1730
892.139 148.679 0.518 1746
892.259 148.520 0.518 1746
892.339 148.360 0.518 1746
892.459 148.201 0.519 1762
892.539 148.002 0.519 1778
892.659 147.843 0.519 1778
892.780 147.644 0.519 1778
892.900 147.445 0.519 1794
892.980 147.246 0.519 1794
893.100 147.087 0.519 1811
893.180 146.888 0.519 1811
893.301 146.689 0.519 1811
893.421 146.489 0.519 1827
893.501 146.251 0.519 1827
893.621 146.012 0.519 1843
893.701 145.813 0.520 1843
893.861 145.574 0.520 1859
893.942 145.335 0.520 1859
894.062 145.136 0.521 1859
894.182 144.937 0.522 1876
894.302 144.778 0.523 1892
894.382 144.539 0.524 1892
894.462 144.340 0.524 1892
894.543 144.181 0.525 1908
894.623 143.982 0.525 1908
894.743 143.783 0.525 1908
894.903 143.583 0.526 1924
895.023 143.384 0.526 1941
895.144 143.146 0.526 1941
895.264 142.947 0.526 1941
895.424 142.708 0.526 1957
895.584 142.469 0.526 1957
895.705 142.230 0.526 1973
895.825 141.991 0.526 1973
895.985 141.752 0.526 1989
896.105 141.513 0.526 1989
896.185 141.314 0.526 1989
896.306 141.076 0.526 2005
896.426 140.837 0.527 2005
896.506 140.638 0.527 2021
896.586 140.399 0.527 2021
896.706 140.200 0.527 2021
896.826 139.961 0.527 2038
896.947 139.722 0.527 2054
897.027 139.523 0.527 2054
897.187 139.324 0.527 2054
897.307 139.165 0.527 2070
897.387 138.966 0.527 2070
897.508 138.806 0.527 2070
897.588 138.607 0.527 2086
897.668 138.448 0.527 2102
897.748 138.289 0.527 2102
897.868 138.090 0.527 2102
897.948 137.891 0.527 2119
898.028 137.692 0.527 2119
898.109 137.493 0.527 2135
898.189 137.294 0.527 2135
898.269 137.095 0.527 2151
898.389 136.896 0.527 2151
898.469 136.697 0.527 2167
898.549 136.537 0.528 2167
898.629 136.338 0.527 2167
898.710 136.139 0.527 2184
898.790 135.980 0.527 2184
898.870 135.781 0.527 2184
898.950 135.582 0.528 2200
898.990 135.383 0.528 2216
899.110 135.224 0.527 2216
899.230 135.025 0.528 2216
899.310 134.826 0.527 2232
899.391 134.627 0.527 2249
899.471 134.467 0.528 2249
899.551 134.229 0.527 2249
899.631 134.069 0.528 2265
899.711 133.870 0.527 2265
899.791 133.711 0.528 2265
899.871 133.512 0.527 2281
899.952 133.313 0.528 2297
900.032 133.154 0.528 2297
900.072 132.994 0.527 2297
900.152 132.875 0.528 2313
900.232 132.716 0.528 2313
900.272 132.557 0.528 2329
900.312 132.397 0.528 2329
900.352 132.238 0.528 2345
900.392 132.079 0.528 2345
900.432 131.920 0.528 2345
900.472 131.721 0.528 2361
900.513 131.561 0.528 2361
900.553 131.362 0.528 2378
900.633 131.163 0.528 2378
900.713 130.885 0.528 2378
900.793 130.686 0.528 2394
900.873 130.447 0.528 2410
900.993 130.248 0.528 2410
901.154 130.049 0.528 2410
901.274 129.810 0.528 2426
901.354 129.611 0.528 2426
901.474 129.412 0.528 2442
901.594 129.253 0.528 2442
901.674 129.053 0.528 2442
901.795 128.815 0.528 2458
901.875 128.655 0.529 2474
901.955 128.496 0.530 2474
902.035 128.297 0.531 2474
902.115 128.138 0.532 2490
902.155 128.018 0.532 2506
902.235 127.859 0.533 2506
902.275 127.740 0.534 2506
902.316 127.581 0.534 2522
902.356 127.421 0.535 2522
902.396 127.302 0.537 2538
902.476 127.143 0.538 2538
902.516 127.023 0.539 2538
902.596 126.864 0.540 2554
902.636 126.705 0.541 2554
902.676 126.546 0.542 2554
902.756 126.386 0.543 2570
902.796 126.227 0.543 2586
902.836 126.068 0.544 2586
902.876 125.869 0.545 2586
902.957 125.710 0.546 2602
903.037 125.550 0.548 2618
903.077 125.391 0.550 2618
903.157 125.192 0.552 2618
903.197 125.033 0.554 2634
903.237 124.874 0.556 2634
903.277 124.754 0.558 2650
903.317 124.595 0.560 2650
903.317 124.436 0.561 2650
903.357 124.237 0.563 2666
903.397 124.077 0.565 2682
903.397 123.958 0.566 2682
903.437 123.799 0.569 2682
903.437 123.639 0.571 2698
903.477 123.520 0.573 2698
903.477 123.361 0.574 2698
903.518 123.202 0.574 2714
903.518 123.042 0.575 2730
903.518 122.883 0.575 2730
903.558 122.724 0.576 2730
903.558 122.565 0.577 2746
903.598 122.405 0.578 2762
903.598 122.246 0.579 2762
903.678 122.047 0.579 2762
903.718 121.888 0.580 2778
903.718 121.768 0.580 2778
903.758 121.609 0.581 2778
903.798 121.490 0.581 2794
903.838 121.370 0.581 2794
903.838 121.251 0.582 2810
903.838 121.092 0.583 2810
903.838 120.972 0.584 2826
903.878 120.853 0.585 2826
903.878 120.694 0.586 2842
903.878 120.534 0.587 2842
903.878 120.415 0.587 2842
903.878 120.256 0.587 2858
903.918 120.136 0.587 2858
903.918 119.937 0.588 2874
903.918 119.818 0.589 2874
903.918 119.698 0.589 2874
903.918 119.619 0.591 2890
903.918 119.539 0.593 2906
903.918 119.460 0.595 2906
903.918 119.340 0.596 2906
903.918 119.221 0.597 2922
903.918 119.141 0.599 2938
903.918 118.982 0.599 2938
903.918 118.863 0.600 2938
903.918 118.743 0.600 2954
903.918 118.624 0.601 2954
903.918 118.504 0.602 2970
903.918 118.385 0.602 2970
903.918 118.305 0.603 2970
903.918 118.226 0.604 2987
903.918 118.146 0.604 2987
903.918 118.027 0.604 2987
903.918 117.987 0.605 3003
903.918 117.907 0.606 3019
903.878 117.828 0.607 3019
903.838 117.708 0.609 3019
903.838 117.668 0.610 3035
903.798 117.589 0.611 3051
903.758 117.509 0.612 3051
903.718 117.429 0.612 3051
903.718 117.390 0.613 3067
903.678 117.310 0.613 3067
903.678 117.230 0.614 3083
903.638 117.191 0.614 3083
903.598 117.111 0.615 3099
903.598 117.071 0.616 3099
903.558 116.992 0.617 3099
903.518 116.952 0.618 3116
903.477 116.912 0.618 3116
903.477 116.872 0.619 3132
903.397 116.792 0.620 3132
903.357 116.753 0.622 3132
903.317 116.673 0.622 3148
903.277 116.593 0.623 3164
903.237 116.554 0.623 3164
903.197 116.474 0.624 3164
903.157 116.434 0.624 3180
903.117 116.355 0.625 3180
903.077 116.315 0.626 3180
903.037 116.275 0.627 3196
902.997 116.195 0.628 3212
902.917 116.156 0.628 3212
902.876 116.116 0.629 3212
902.836 116.076 0.630 3228
902.796 116.036 0.630 3228
902.716 115.996 0.630 3245
902.676 115.957 0.631 3245
902.596 115.917 0.632 3261
902.556 115.877 0.632 3261
902.476 115.837 0.633 3261
902.436 115.797 0.633 3277
902.396 115.757 0.633 3277
902.356 115.718 0.634 3293
902.316 115.678 0.634 3293
902.275 115.638 0.635 3309
902.235 115.598 0.636 3309
902.155 115.519 0.636 3326
902.115 115.479 0.637 3326
902.075 115.479 0.637 3326
902.035 115.439 0.637 3342
901.995 115.439 0.638 3342
901.915 115.399 0.638 3342
901.835 115.399 0.638 3358
901.755 115.399 0.639 3374
901.674 115.399 0.639 3374
901.634 115.399 0.639 3374
901.554 115.399 0.639 3390
901.474 115.359 0.640 3407
901.434 115.359 0.640 3407
901.354 115.359 0.641 3407
901.314 115.320 0.641 3423
901.234 115.320 0.641 3423
901.194 115.320 0.641 3439
901.154 115.280 0.642 3439
901.073 115.280 0.642 3439
901.033 115.280 0.642 3455
900.953 115.280 0.642 3455
900.873 115.280 0.643 3471
900.793 115.280 0.643 3471
900.713 115.280 0.643 3487
900.633 115.280 0.643 3487
900.553 115.280 0.643 3487
900.513 115.280 0.643 3503
900.432 115.280 0.643 3519
900.352 115.280 0.643 3519
900.312 115.280 0.644 3519
900.232 115.280 0.644 3536
900.192 115.280 0.644 3536
900.112 115.280 0.645 3536
900.032 115.280 0.645 3552
899.952 115.280 0.645 3568
899.912 115.280 0.646 3568
899.871 115.280 0.646 3568
899.791 115.280 0.647 3584
899.751 115.280 0.647 3584
899.711 115.280 0.648 3600
899.671 115.280 0.649 3600
899.631 115.280 0.651 3616
899.551 115.280 0.651 3616
899.431 115.280 0.653 3616
899.351 115.280 0.653 3632
899.270 115.280 0.654 3632
899.150 115.240 0.654 3648
899.110 115.240 0.654 3648
899.030 115.240 0.655 3648
898.950 115.240 0.656 3665
898.870 115.240 0.656 3681
898.790 115.200 0.656 3681
898.710 115.200 0.657 3681
898.589 115.200 0.657 3697
898.509 115.200 0.657 3697
898.429 115.200 0.658 3697
898.349 115.200 0.658 3713
898.269 115.200 0.658 3729
898.189 115.200 0.658 3729
898.109 115.200 0.658 3729
898.068 115.200 0.659 3745
897.988 115.200 0.659 3762
897.908 115.200 0.659 3762
897.828 115.200 0.659 3762
897.788 115.200 0.659 3778
897.708 115.200 0.659 3778
897.628 115.200 0.660 3794
897.548 115.200 0.660 3794
897.508 115.200 0.660 3794
897.427 115.200 0.660 3810
897.347 115.240 0.660 3810
897.267 115.280 0.661 3826
897.187 115.320 0.660 3826
897.107 115.359 0.661 3842
897.067 115.399 0.661 3842
896.987 115.479 0.661 3842
896.947 115.519 0.661 3859
896.866 115.558 0.661 3875
896.786 115.598 0.661 3875
896.706 115.678 0.661 3875
896.626 115.718 0.662 3891
896.546 115.757 0.661 3891
896.466 115.797 0.662 3891
896.386 115.837 0.662 3907
896.306 115.917 0.662 3923
896.265 115.957 0.662 3923
896.105 115.996 0.662 3923
896.065 116.076 0.662 3939
895.985 116.116 0.662 3939
895.905 116.195 0.662 3955
895.825 116.235 0.662 3955
895.785 116.315 0.662 3971
895.705 116.355 0.663 3971
895.664 116.394 0.663 3971
895.584 116.434 0.663 3987
895.504 116.514 0.663 3987
895.464 116.593 0.663 4004
895.384 116.633 0.664 4004
895.344 116.713 0.663 4004
895.264 116.792 0.664 4020
895.184 116.872 0.664 4036
895.144 116.952 0.664 4036
895.063 117.031 0.664 4036
894.983 117.111 0.664 4053
894.903 117.230 0.663 4053
894.823 117.310 0.664 4053
894.743 117.390 0.664 4069
894.663 117.469 0.664 4085
894.583 117.589 0.664 4085
894.503 117.668 0.664 4085
894.462 117.748 0.664 4102
894.422 117.828 0.665 4102
894.342 117.947 0.664 4102
894.262 118.027 0.665 4118
894.222 118.106 0.665 4134
894.142 118.186 0.664 4134
894.102 118.265 0.664 4134
894.022 118.345 0.665 4151
893.982 118.464 0.664 4167
893.901 118.584 0.665 4167
893.821 118.703 0.665 4167
893.741 118.823 0.665 4183
893.581 118.942 0.665 4183
893.541 119.062 0.665 4183
893.421 119.181 0.665 4199
893.381 119.300 0.665 4199
893.301 119.420 0.665 4215
893.260 119.499 0.664 4215
893.180 119.619 0.665 4232
893.100 119.698 0.664 4232
893.060 119.818 0.665 4248
893.020 119.937 0.665 4248
892.980 120.017 0.665 4248
892.900 120.176 0.664 4264
892.860 120.296 0.665 4264
892.820 120.415 0.665 4280
892.780 120.534 0.665 4280
892.740 120.694 0.665 4296
892.699 120.813 0.665 4296
892.619 120.933 0.665 4296
892.579 121.052 0.665 4312
892.539 121.171 0.665 4329
892.459 121.291 0.665 4329
892.419 121.450 0.665 4329
892.339 121.569 0.665 4345
892.299 121.689 0.665 4345
892.219 121.808 0.665 4345
892.179 121.928 0.665 4361
892.139 122.047 0.665 4377
892.058 122.167 0.665 4377
892.018 122.286 0.666 4377
891.978 122.445 0.665 4394
891.938 122.565 0.665 4394
891.898 122.644 0.665 4410
891.858 122.764 0.665 4410
891.818 122.883 0.664 4426
891.778 123.003 0.666 4426
891.738 123.122 0.665 4442
891.698 123.241 0.665 4442
891.698 123.361 0.666 4442
891.658 123.480 0.665 4458
891.538 123.600 0.665 4458
891.497 123.719 0.666 4458
891.457 123.839 0.665 4474
891.377 123.958 0.665 4490
891.337 124.077 0.666 4490
891.297 124.157 0.666 4490
891.217 124.276 0.665 4506
891.177 124.396 0.666 4522
891.137 124.515 0.665 4522
891.097 124.635 0.666 4522
891.057 124.754 0.665 4540
890.977 124.874 0.666 4540
890.937 124.993 0.665 4540
890.856 125.152 0.666 4556
890.776 125.272 0.666 4572
890.696 125.431 0.666 4572
890.616 125.550 0.666 4572
890.536 125.710 0.666 4588
890.496 125.829 0.666 4588
890.456 125.988 0.666 4588
890.416 126.108 0.666 4604
890.376 126.267 0.666 4620
890.295 126.386 0.665 4620
890.255 126.506 0.666 4620
890.175 126.625 0.666 4636
890.095 126.745 0.666 4636
890.055 126.904 0.666 4653
890.015 126.983 0.666 4653
889.975 127.103 0.666 4653
889.935 127.222 0.665 4669
889.895 127.342 0.666 4685
889.855 127.461 0.665 4685
889.815 127.581 0.665 4685
889.735 127.700 0.665 4701
889.654 127.780 0.666 4701
889.614 127.899 0.665 4701
889.494 128.018 0.666 4717
889.414 128.178 0.665 4734
889.294 128.297 0.665 4734
889.214 128.417 0.665 4734
889.134 128.536 0.666 4750
889.053 128.655 0.666 4766
889.013 128.815 0.665 4766
888.933 128.934 0.666 4766
888.853 129.053 0.665 4782
888.813 129.253 0.665 4782
888.733 129.372 0.666 4782
888.693 129.531 0.666 4798
888.613 129.651 0.666 4798
888.573 129.770 0.665 4814
888.533 129.929 0.666 4814
888.492 130.049 0.665 4814
888.452 130.208 0.666 4830
888.372 130.327 0.666 4846
888.292 130.407 0.666 4846
888.212 130.526 0.666 4846
888.172 130.646 0.665 4862
888.052 130.765 0.666 4879
888.012 130.885 0.665 4879
887.932 131.004 0.666 4879
887.851 131.123 0.666 4895
887.771 131.243 0.665 4895
887.731 131.402 0.666 4895
887.651 131.522 0.666 4911
887.571 131.681 0.666 4927
887.531 131.800 0.666 4927
887.451 131.920 0.666 4927
887.411 132.079 0.666 4943
887.290 132.198 0.667 4943
887.210 132.318 0.666 4960
887.130 132.477 0.666 4960
887.050 132.596 0.666 4960
887.010 132.756 0.666 4976
886.930 132.875 0.666 4976
886.890 132.994 0.666 4992
886.850 133.114 0.666 4992
886.850 133.233 0.667 5008
886.810 133.353 0.666 5008
886.770 133.472 0.666 5008
886.770 133.552 0.667 5024
886.690 133.671 0.666 5040
886.649 133.791 0.666 5040
886.609 133.910 0.667 5040
886.529 134.030 0.667 5056
886.449 134.189 0.667 5056
886.409 134.308 0.666 5056
886.369 134.467 0.666 5073
886.289 134.587 0.667 5089
886.209 134.706 0.667 5089
886.169 134.826 0.666 5089
886.088 134.945 0.667 5105
886.048 135.064 0.666 5121
885.968 135.224 0.667 5121
885.928 135.303 0.667 5121
885.888 135.423 0.667 5137
885.848 135.542 0.666 5137
885.808 135.662 0.666 5137
885.768 135.781 0.666 5153
885.728 135.940 0.666 5170
885.688 136.060 0.667 5170
885.648 136.179 0.666 5170
885.568 136.299 0.666 5186
885.528 136.418 0.666 5186
885.447 136.537 0.666 5202
885.327 136.657 0.667 5202
885.247 136.776 0.666 5202
885.167 136.896 0.666 5218
885.127 137.055 0.666 5218
885.087 137.174 0.666 5234
885.007 137.294 0.667 5234
884.927 137.453 0.666 5250
884.886 137.572 0.666 5250
884.846 137.692 0.667 5250
884.806 137.811 0.667 5266
884.766 137.931 0.667 5282
884.726 138.130 0.667 5282
884.686 138.249 0.667 5282
884.646 138.369 0.667 5298
884.566 138.488 0.666 5298
884.526 138.607 0.666 5315
884.486 138.727 0.666 5315
884.446 138.846 0.666 5331
884.406 138.966 0.667 5331
884.366 139.125 0.666 5331
884.326 139.244 0.667 5347
884.245 139.364 0.666 5347
884.205 139.483 0.666 5363
884.165 139.603 0.667 5363
884.125 139.722 0.666 5363
884.085 139.841 0.667 5379
884.045 139.921 0.666 5395
884.005 140.080 0.666 5395
883.965 140.200 0.666 5395
883.925 140.359 0.667 5412
883.885 140.478 0.666 5428
883.845 140.638 0.666 5428
883.805 140.757 0.667 5428
883.765 140.877 0.666 5444
883.725 141.036 0.666 5444
883.684 141.155 0.666 5444
883.644 141.275 0.666 5460
883.564 141.394 0.666 5476
883.524 141.513 0.667 5476
883.524 141.673 0.666 5476
883.404 141.792 0.667 5492
883.364 141.951 0.667 5492
883.324 142.071 0.667 5508
883.284 142.230 0.667 5508
883.204 142.429 0.666 5524
883.124 142.628 0.666 5524
883.043 142.787 0.666 5524
883.003 142.947 0.666 5541
882.963 143.146 0.666 5541
882.883 143.305 0.666 5557
882.843 143.504 0.666 5557
882.763 143.663 0.667 5557
882.723 143.822 0.667 5573
882.643 143.982 0.667 5589
882.603 144.141 0.667 5589
882.523 144.260 0.667 5589
882.482 144.419 0.666 5605
882.402 144.539 0.666 5605
882.362 144.658 0.666 5605
882.282 144.818 0.666 5621
882.242 144.897 0.666 5637
882.202 145.017 0.666 5637
882.162 145.136 0.666 5637
882.082 145.295 0.667 5653
882.042 145.454 0.666 5669
882.002 145.654 0.667 5669
882.002 145.813 0.666 5669
881.962 145.972 0.666 5686
881.922 146.131 0.667 5686
881.881 146.251 0.666 5686
881.841 146.370 0.667 5702
881.801 146.489 0.666 5702
881.761 146.609 0.666 5718
881.721 146.728 0.666 5718
881.641 146.848 0.666 5734
881.601 146.967 0.666 5734
881.561 147.126 0.667 5750
881.521 147.246 0.666 5750
881.481 147.365 0.666 5750
881.441 147.525 0.667 5766
881.401 147.644 0.667 5766
881.321 147.763 0.666 5766
881.280 147.883 0.666 5782
881.240 147.962 0.666 5799
881.200 148.082 0.667 5799
881.200 148.201 0.666 5799
881.160 148.281 0.667 5815
881.120 148.400 0.666 5831
881.080 148.520 0.666 5831
881.040 148.639 0.666 5831
881.000 148.719 0.667 5847
880.960 148.838 0.667 5847
880.920 148.997 0.666 5847
880.880 149.117 0.667 5863
880.840 149.196 0.666 5880
880.800 149.395 0.666 5880
880.760 149.515 0.666 5880
880.720 149.634 0.666 5896
880.639 149.754 0.667 5896
880.599 149.873 0.666 5912
880.559 150.032 0.666 5912
880.519 150.152 0.667 5928
880.519 150.271 0.666 5928
880.439 150.431 0.666 5928
880.399 150.550 0.666 5944
880.359 150.669 0.667 5944
880.319 150.789 0.666 5960
880.279 150.868 0.667 5960
880.239 150.948 0.667 5960
880.239 151.067 0.667 5977
880.199 151.147 0.666 5993
880.159 151.266 0.666 5993
880.119 151.386 0.666 5993
880.078 151.505 0.667 6009
880.038 151.625 0.666 6009
879.998 151.744 0.666 6009
879.918 151.864 0.666 6025
879.878 151.983 0.667 6041
879.798 152.102 0.667 6041
879.758 152.222 0.667 6041
879.718 152.341 0.667 6057
879.678 152.461 0.666 6074
879.638 152.580 0.666 6074
879.598 152.660 0.667 6074
879.598 152.779 0.667 6090
879.558 152.899 0.667 6090
879.518 153.018 0.667 6106
879.477 153.137 0.666 6106
879.477 153.257 0.666 6122
879.437 153.376 0.666 6122
879.357 153.496 0.667 6122
879.317 153.655 0.666 6138
879.277 153.814 0.667 6138
879.237 153.934 0.667 6154
879.197 154.093 0.667 6154
879.157 154.212 0.667 6154
879.117 154.332 0.666 6170
879.117 154.451 0.667 6187
879.077 154.571 0.667 6187
879.037 154.690 0.667 6187
878.997 154.770 0.666 6203
878.957 154.889 0.666 6203
878.957 154.969 0.667 6203
878.876 155.048 0.666 6219
878.876 155.168 0.666 6235
878.836 155.247 0.667 6235
878.796 155.367 0.667 6235
878.756 155.446 0.667 6251
878.716 155.526 0.667 6268
878.676 155.645 0.667 6268
878.676 155.765 0.667 6268
878.636 155.884 0.666 6284
878.596 156.004 0.667 6284
878.516 156.163 0.667 6284
878.476 156.242 0.666 6300
878.436 156.362 0.666 6300
878.396 156.481 0.666 6316
878.315 156.601 0.667 6316
878.275 156.680 0.667 6332
878.235 156.800 0.666 6332
878.195 156.919 0.667 6348
878.155 156.999 0.666 6348
878.115 157.118 0.667 6348
878.115 157.198 0.667 6365
878.075 157.317 0.667 6365
877.995 157.437 0.666 6365
877.955 157.556 0.667 6381
877.915 157.715 0.666 6397
877.875 157.835 0.666 6397
877.875 157.954 0.667 6397
877.835 158.074 0.667 6413
877.795 158.193 0.667 6429
877.715 158.313 0.667 6429
877.674 158.432 0.666 6429
877.634 158.551 0.667 6445
877.594 158.671 0.667 6445
877.554 158.790 0.666 6445
877.554 158.910 0.666 6462
877.514 158.989 0.667 6478
877.514 159.109 0.667 6478
877.474 159.228 0.667 6478
877.434 159.348 0.667 6494
877.434 159.467 0.667 6494
877.394 159.547 0.667 6510
877.354 159.666 0.667 6510
877.314 159.785 0.667 6526
877.274 159.945 0.666 6526
877.234 160.064 0.667 6526
877.194 160.223 0.667 6542
877.154 160.343 0.666 6542
877.114 160.502 0.667 6559
877.073 160.661 0.667 6559
877.033 160.781 0.667 6559
876.993 160.900 0.666 6575
876.953 161.020 0.667 6591
876.913 161.139 0.667 6591
876.913 161.258 0.667 6591
876.873 161.378 0.666 6607
876.873 161.497 0.667 6607
876.833 161.617 0.667 6607
876.793 161.736 0.667 6623
876.753 161.895 0.666 6640
876.673 162.015 0.667 6640
876.673 162.134 0.667 6640
876.633 162.254 0.667 6656
876.593 162.413 0.666 6672
876.553 162.532 0.667 6672
876.513 162.652 0.667 6672
876.472 162.771 0.667 6688
876.432 162.930 0.667 6688
876.352 163.050 0.666 6688
876.312 163.169 0.667 6704
876.272 163.289 0.667 6721
876.232 163.448 0.667 6721
876.152 163.567 0.667 6721
876.112 163.727 0.667 6737
876.072 163.846 0.667 6737
876.032 164.005 0.668 6753
875.992 164.125 0.667 6753
875.952 164.244 0.667 6753
875.911 164.363 0.668 6769
875.871 164.483 0.667 6785
875.831 164.562 0.668 6785
875.791 164.682 0.668 6785
875.751 164.801 0.667 6801
875.751 164.881 0.668 6801
875.711 165.000 0.667 6801
875.671 165.199 0.668 6818
875.631 165.319 0.667 6834
875.591 165.438 0.668 6834
875.551 165.558 0.667 6834
875.511 165.677 0.667 6850
875.471 165.797 0.668 6866
875.431 165.956 0.668 6866
875.391 166.035 0.668 6866
875.351 166.195 0.668 6882
875.311 166.314 0.668 6882
875.270 166.433 0.668 6882
875.230 166.553 0.668 6898
875.190 166.672 0.669 6898
875.150 166.832 0.669 6914
875.070 166.951 0.669 6914
875.030 167.070 0.669 6914
875.030 167.190 0.668 6930
874.990 167.349 0.669 6947
874.950 167.468 0.669 6947
874.910 167.588 0.668 6947
874.870 167.707 0.669 6963
874.870 167.827 0.669 6963
874.830 167.946 0.669 6963
874.790 168.026 0.669 6979
874.750 168.145 0.669 6995
874.750 168.265 0.670 6995
874.710 168.384 0.670 6995
874.629 168.504 0.670 7011
874.629 168.663 0.670 7028
874.589 168.782 0.671 7028
874.589 168.862 0.671 7028
874.549 168.981 0.671 7044
874.509 169.101 0.671 7044
874.509 169.180 0.671 7060
874.469 169.260 0.671 7060
874.469 169.379 0.672 7060
874.429 169.459 0.671 7076
874.389 169.618 0.672 7076
874.389 169.698 0.672 7092
874.349 169.777 0.671 7092
874.349 169.897 0.672 7108
874.349 169.976 0.672 7108
874.309 170.096 0.672 7108
874.309 170.175 0.672 7124
874.309 170.295 0.672 7141
874.269 170.375 0.671 7141
874.269 170.494 0.672 7141
874.229 170.613 0.672 7157
874.229 170.733 0.672 7157
874.229 170.852 0.672 7157
874.189 170.972 0.672 7173
874.189 171.091 0.673 7189
874.189 171.210 0.673 7189
874.149 171.330 0.673 7189
874.109 171.409 0.673 7205
874.109 171.529 0.673 7205
874.068 171.609 0.673 7221
874.068 171.728 0.673 7221
874.068 171.847 0.672 7237
874.068 171.967 0.673 7237
874.068 172.046 0.674 7237
874.068 172.126 0.674 7253
874.028 172.246 0.674 7253
874.028 172.325 0.674 7270
873.988 172.445 0.674 7270
873.988 172.524 0.674 7270
873.948 172.644 0.674 7286
873.948 172.723 0.674 7302
873.908 172.843 0.674 7302
873.868 172.962 0.674 7302
873.868 173.081 0.674 7318
873.868 173.161 0.674 7318
873.828 173.280 0.674 7318
873.828 173.360 0.674 7334
873.828 173.480 0.674 7350
873.828 173.559 0.674 7350
873.788 173.639 0.674 7350
873.788 173.758 0.674 7367
873.788 173.838 0.674 7383
873.788 173.957 0.674 7383
873.788 174.037 0.675 7383
873.788 174.196 0.674 7399
873.748 174.276 0.674 7399
873.748 174.395 0.675 7399
873.748 174.475 0.674 7415
873.748 174.594 0.675 7431
873.748 174.714 0.675 7431
873.748 174.793 0.674 7431
873.708 174.913 0.675 7447
873.708 175.032 0.675 7447
873.708 175.112 0.675 7463
873.708 175.231 0.675 7463
873.708 175.311 0.674 7463
873.708 175.390 0.675 7480
873.708 175.470 0.675 7496
873.708 175.550 0.675 7496
873.708 175.669 0.674 7496
873.708 175.749 0.675 7512
873.708 175.828 0.675 7512
873.708 175.908 0.675 7512
873.708 176.027 0.675 7528
873.708 176.147 0.675 7544
873.708 176.226 0.676 7544
873.668 176.346 0.676 7544
873.668 176.425 0.675 7560
873.668 176.545 0.676 7577
873.668 176.624 0.676 7577
873.668 176.704 0.676 7577
873.668 176.784 0.676 7593
873.668 176.903 0.676 7593
873.668 176.983 0.677 7593
873.668 177.062 0.677 7609
873.668 177.182 0.677 7609
873.668 177.261 0.677 7625
873.668 177.381 0.677 7625
873.668 177.460 0.678 7641
873.668 177.580 0.678 7641
873.668 177.659 0.678 7657
873.668 177.739 0.678 7657
873.668 177.819 0.678 7657
873.668 177.898 0.678 7673
873.668 177.978 0.679 7673
873.668 178.057 0.679 7673
873.668 178.137 0.679 7689
873.668 178.217 0.679 7706
873.668 178.296 0.679 7706
873.668 178.376 0.679 7706
873.668 178.456 0.679 7722
873.668 178.535 0.680 7738
873.668 178.655 0.680 7738
873.668 178.774 0.680 7738
873.668 178.854 0.681 7754
873.668 178.933 0.681 7754
873.708 179.013 0.681 7770
873.748 179.093 0.681 7770
873.788 179.172 0.682 7786
873.788 179.252 0.682 7786
873.828 179.331 0.682 7786
873.868 179.411 0.682 7803
873.868 179.491 0.682 7803
873.908 179.570 0.683 7819
873.948 179.650 0.683 7819
873.988 179.729 0.684 7819
873.988 179.809 0.684 7835
874.028 179.889 0.684 7851
874.068 180.008 0.684 7851
874.068 180.048 0.683 7851
874.109 180.128 0.685 7868
874.149 180.207 0.684 7868
874.189 180.287 0.685 7868
874.189 180.366 0.685 7885
874.229 180.446 0.686 7901
874.269 180.526 0.686 7901
874.309 180.605 0.687 7901
874.309 180.645 0.687 7917
874.349 180.725 0.687 7917
874.389 180.844 0.688 7933
874.429 180.884 0.688 7933
874.469 180.963 0.689 7949
874.509 181.043 0.691 7949
874.589 181.083 0.691 7949
874.629 181.163 0.691 7966
874.669 181.242 0.692 7966
874.710 181.282 0.691 7982
874.750 181.322 0.693 7982
874.790 181.362 0.693 7982
874.830 181.401 0.693 7998
874.870 181.441 0.693 8014
874.910 181.481 0.694 8014
874.950 181.561 0.695 8014
874.990 181.600 0.696 8030
875.070 181.640 0.695 8030
875.110 181.680 0.696 8030
875.150 181.720 0.697 8046
875.190 181.760 0.697 8063
875.230 181.839 0.697 8063
875.270 181.879 0.697 8063
875.311 181.919 0.698 8079
875.351 181.919 0.698 8079
875.431 181.999 0.698 8095
875.471 181.999 0.700 8095
875.511 182.038 0.700 8111
875.591 182.078 0.700 8111
875.631 182.158 0.702 8127
875.671 182.198 0.701 8127
875.791 182.237 0.702 8127
875.831 182.277 0.703 8143
875.871 182.277 0.704 8143
875.952 182.357 0.703 8143
875.992 182.397 0.704 8159
876.032 182.476 0.705 8176
876.112 182.516 0.705 8176
876.152 182.556 0.706 8176
876.232 182.635 0.707 8192
876.312 182.675 0.706 8192
876.352 182.715 0.708 8208
876.432 182.715 0.707 8208
876.513 182.755 0.708 8224
876.553 182.795 0.709 8224
876.593 182.834 0.709 8240
876.673 182.874 0.710 8240
876.713 182.914 0.711 8240
876.753 182.954 0.712 8256
876.793 182.994 0.712 8256
876.873 183.073 0.714 8256
876.913 183.113 0.714 8272
876.953 183.153 0.714 8289
877.033 183.193 0.714 8289
877.073 183.233 0.714 8289
877.154 183.272 0.714 8305
877.234 183.352 0.714 8321
877.314 183.392 0.714 8321
877.354 183.432 0.715 8321
877.434 183.511 0.714 8337
877.514 183.551 0.715 8337
877.554 183.591 0.715 8337
877.634 183.591 0.715 8353
877.715 183.631 0.715 8369
877.755 183.631 0.715 8369
877.835 183.671 0.715 8369
877.915 183.671 0.716 8386
877.995 183.710 0.717 8386
878.035 183.750 0.717 8402
878.115 183.790 0.717 8402
878.195 183.830 0.717 8402
878.275 183.870 0.719 8418
878.356 183.870 0.719 8418
878.436 183.909 0.719 8434
878.516 183.949 0.720 8434
878.636 183.989 0.720 8450
878.716 183.989 0.720 8450
878.796 184.029 0.721 8450
878.917 184.069 0.721 8466
879.037 184.069 0.721 8482
879.157 184.108 0.722 8482
879.277 184.108 0.722 8482
879.397 184.148 0.723 8499
879.518 184.148 0.724 8499
879.678 184.148 0.724 8499
879.798 184.148 0.724 8515
879.918 184.148 0.725 8531
880.078 184.148 0.725 8531
880.199 184.148 0.727 8531
880.359 184.148 0.727 8547
880.519 184.148 0.727 8564
880.639 184.148 0.727 8564
880.800 184.148 0.728 8564
880.920 184.148 0.728 8580
881.080 184.148 0.728 8580
881.160 184.148 0.729 8580
881.280 184.148 0.729 8596
881.401 184.148 0.730 8596
881.521 184.148 0.730 8612
881.641 184.148 0.730 8612
881.761 184.148 0.730 8628
881.881 184.148 0.731 8628
882.002 184.148 0.731 8644
882.162 184.148 0.731 8644
882.242 184.148 0.731 8644
882.402 184.148 0.732 8660
882.523 184.148 0.732 8660
882.643 184.108 0.732 8676
882.763 184.069 0.733 8676
882.923 184.029 0.734 8692
883.043 183.989 0.733 8692
883.204 183.949 0.734 8692
883.364 183.949 0.735 8709
883.524 183.909 0.735 8725
883.644 183.870 0.735 8725
883.765 183.870 0.736 8725
883.885 183.830 0.736 8741
884.045 183.830 0.736 8741
884.165 183.790 0.736 8741
884.326 183.750 0.736 8757
884.486 183.710 0.737 8773
884.646 183.631 0.737 8773
884.806 183.591 0.737 8773
884.927 183.511 0.737 8789
885.047 183.471 0.737 8805
885.167 183.432 0.738 8805
885.287 183.392 0.738 8805
885.407 183.352 0.737 8821
885.528 183.352 0.738 8821
885.688 183.312 0.738 8821
885.808 183.272 0.738 8837
885.968 183.233 0.738 8837
886.088 183.193 0.738 8853
886.209 183.153 0.738 8853
886.329 183.073 0.738 8869
886.489 183.034 0.739 8869
886.609 182.954 0.739 8885
886.810 182.834 0.739 8885
886.970 182.755 0.739 8885
887.090 182.715 0.739 8901
887.250 182.635 0.739 8917
887.371 182.556 0.739 8917
887.491 182.516 0.739 8917
887.611 182.476 0.739 8933
887.731 182.436 0.739 8933
887.851 182.397 0.739 8933
887.972 182.357 0.739 8949
888.092 182.317 0.739 8965
888.212 182.277 0.740 8965
888.332 182.198 0.740 8965
888.452 182.158 0.740 8981
888.573 182.078 0.740 8997
888.693 182.038 0.740 8997
888.773 181.959 0.740 8997
888.893 181.879 0.740 9013
889.013 181.799 0.741 9013
889.094 181.760 0.740 9013
889.174 181.680 0.740 9029
889.254 181.600 0.740 9029
889.334 181.561 0.740 9045
889.414 181.521 0.741 9045
889.494 181.481 0.740 9045
889.574 181.441 0.741 9061
889.654 181.362 0.740 9077
889.735 181.322 0.741 9077
889.855 181.282 0.741 9077
889.935 181.202 0.742 9093
890.015 181.163 0.741 9109
890.095 181.123 0.741 9109
890.215 181.083 0.741 9109
890.255 181.003 0.741 9125
890.336 180.963 0.741 9125
890.416 180.924 0.740 9125
890.496 180.884 0.741 9141
890.576 180.804 0.741 9157
890.656 180.764 0.741 9157
890.776 180.725 0.741 9157
890.856 180.685 0.741 9173
890.937 180.605 0.741 9173
891.017 180.526 0.741 9189
891.097 180.446 0.741 9189
891.137 180.406 0.741 9189
891.217 180.327 0.741 9205
891.257 180.287 0.741 9221
891.297 180.247 0.742 9221
891.337 180.207 0.742 9221
891.377 180.167 0.741 9237
891.457 180.128 0.741 9237
891.497 180.088 0.742 9237
891.578 180.048 0.741 9253
891.658 180.008 0.741 9269
891.738 179.928 0.741 9269
891.818 179.889 0.741 9269
891.898 179.809 0.742 9285
892.018 179.769 0.742 9301
892.099 179.690 0.741 9301
892.179 179.610 0.742 9301
892.259 179.530 0.741 9318
892.339 179.451 0.742 9318
892.419 179.411 0.742 9334
892.459 179.331 0.741 9334
892.499 179.292 0.742 9334
892.579 179.212 0.742 9350
892.619 179.132 0.742 9350
892.740 179.053 0.742 9350
892.820 178.973 0.743 9366
892.860 178.933 0.742 9382
892.940 178.893 0.742 9382
893.020 178.854 0.742 9382
893.060 178.814 0.742 9398
893.140 178.774 0.742 9414
893.180 178.774 0.742 9414
893.260 178.734 0.742 9414
893.301 178.694 0.742 9430
893.381 178.615 0.742 9430
893.461 178.575 0.742 9446
893.501 178.535 0.742 9446
893.581 178.495 0.742 9446
893.621 178.456 0.742 9462
893.701 178.416 0.742 9478
893.741 178.376 0.742 9478
893.821 178.336 0.742 9478
893.901 178.217 0.742 9494
893.942 178.177 0.743 9494
894.022 178.137 0.742 9494
894.062 178.057 0.743 9510
894.102 178.018 0.742 9526
894.142 177.978 0.743 9526
894.182 177.938 0.743 9526
894.222 177.938 0.742 9542
894.262 177.898 0.742 9558
894.302 177.858 0.742 9558
894.342 177.858 0.742 9558
894.382 177.819 0.742 9574
894.422 177.779 0.742 9574
894.462 177.699 0.742 9590
894.503 177.659 0.742 9590
894.543 177.580 0.743 9590
894.623 177.540 0.742 9606
894.663 177.460 0.743 9622
894.703 177.460 0.742 9622
894.743 177.421 0.742 9622
894.783 177.381 0.743 9638
894.823 177.341 0.743 9638
894.863 177.301 0.742 9638
894.903 177.301 0.742 9654
894.943 177.222 0.742 9654
895.023 177.222 0.743 9670
895.063 177.182 0.743 9686
895.103 177.142 0.742 9686
895.144 177.102 0.742 9686
895.184 177.022 0.743 9702
895.264 176.983 0.743 9702
895.304 176.943 0.743 9702
895.344 176.863 0.742 9718
895.384 176.823 0.744 9718
895.504 176.744 0.742 9734
895.544 176.704 0.743 9734
895.584 176.664 0.744 9751
895.624 176.624 0.744 9751
895.705 176.585 0.743 9767

