% x_coordinate y_coordinate pressure time
% shape 0, 690 points
434.616 276.623 0.059 0
434.656 276.663 0.076 0
434.656 276.742 0.082 1
434.656 276.782 0.093 17
434.656 276.862 0.114 17
434.656 276.902 0.143 18
434.656 276.981 0.169 33
434.656 276.981 0.196 49
434.656 277.021 0.219 49
434.656 277.061 0.241 49
434.656 277.101 0.263 65
434.616 277.140 0.285 65
434.576 277.180 0.304 81
434.496 277.260 0.316 81
434.416 277.379 0.325 81
434.376 277.499 0.332 97
434.255 277.658 0.339 114
434.175 277.817 0.345 114
434.095 277.976 0.348 114
434.055 278.175 0.351 130
433.975 278.374 0.353 130
433.895 278.573 0.355 130
433.815 278.773 0.357 146
433.694 279.011 0.360 162
433.654 279.250 0.362 162
433.574 279.489 0.364 162
433.534 279.768 0.366 178
433.534 279.967 0.367 194
433.534 280.166 0.367 194
433.494 280.405 0.368 194
433.494 280.564 0.368 211
433.454 280.763 0.368 211
433.414 280.962 0.368 211
433.414 281.121 0.369 227
433.334 281.281 0.370 227
433.334 281.440 0.370 243
433.294 281.599 0.372 243
433.254 281.718 0.374 259
433.214 281.838 0.376 259
433.214 282.037 0.377 275
433.174 282.156 0.377 275
433.174 282.315 0.378 275
433.134 282.475 0.378 291
433.134 282.634 0.378 291
433.134 282.793 0.378 291
433.134 282.952 0.378 307
433.134 283.112 0.379 324
433.134 283.231 0.379 324
433.134 283.390 0.379 324
433.134 283.510 0.379 340
433.134 283.669 0.379 356
433.134 283.788 0.379 356
433.134 283.948 0.379 356
433.134 284.107 0.379 372
433.134 284.306 0.379 372
433.134 284.465 0.379 372
433.134 284.624 0.379 388
433.134 284.784 0.379 404
433.174 284.943 0.379 404
433.174 285.102 0.379 404
433.214 285.261 0.380 421
433.214 285.421 0.379 421
433.254 285.580 0.380 437
433.254 285.739 0.380 437
433.294 285.898 0.380 453
433.294 286.057 0.380 453
433.334 286.177 0.380 453
433.334 286.336 0.380 469
433.374 286.416 0.380 469
433.454 286.575 0.379 485
433.494 286.655 0.378 486
433.574 286.774 0.378 486
433.654 286.893 0.378 501
433.735 286.973 0.378 518
433.775 287.093 0.379 518
433.855 287.212 0.379 518
433.935 287.331 0.379 534
434.015 287.451 0.379 534
434.095 287.570 0.379 534
434.175 287.690 0.379 550
434.295 287.849 0.379 566
434.376 287.968 0.379 566
434.456 288.128 0.379 566
434.496 288.247 0.379 582
434.576 288.406 0.379 599
434.656 288.526 0.379 599
434.736 288.685 0.379 599
434.816 288.844 0.379 615
434.896 288.924 0.380 615
434.977 289.043 0.380 615
435.057 289.123 0.381 631
435.137 289.202 0.382 631
435.217 289.282 0.383 647
435.337 289.362 0.384 647
435.417 289.441 0.386 663
435.538 289.521 0.386 663
435.618 289.600 0.387 679
435.738 289.640 0.388 679
435.858 289.720 0.388 679
435.978 289.760 0.389 695
436.139 289.799 0.389 712
436.259 289.879 0.389 712
436.419 289.919 0.389 712
436.539 289.959 0.389 728
436.619 290.038 0.390 728
436.740 290.078 0.391 728
436.860 290.158 0.390 744
436.940 290.198 0.390 760
437.060 290.237 0.391 760
437.140 290.237 0.391 760
437.260 290.277 0.391 776
437.381 290.277 0.391 776
437.461 290.317 0.392 792
437.541 290.317 0.392 792
437.621 290.357 0.393 792
437.741 290.357 0.394 808
437.821 290.397 0.395 825
437.942 290.397 0.396 825
438.022 290.436 0.396 825
438.142 290.436 0.397 841
438.262 290.476 0.397 841
438.342 290.476 0.398 841
438.462 290.516 0.400 857
438.583 290.516 0.399 874
438.703 290.556 0.400 874
438.823 290.596 0.400 874
438.903 290.596 0.401 890
439.023 290.635 0.400 890
439.104 290.635 0.401 906
439.184 290.635 0.401 906
439.304 290.635 0.402 906
439.384 290.635 0.402 922
439.504 290.635 0.403 939
439.584 290.635 0.404 939
439.704 290.635 0.406 939
439.825 290.675 0.406 955
439.945 290.675 0.408 955
440.065 290.675 0.408 955
440.185 290.715 0.408 971
440.306 290.755 0.409 987
440.426 290.755 0.409 987
440.546 290.795 0.409 987
440.626 290.874 0.410 1003
440.746 290.874 0.410 1020
440.866 290.914 0.410 1020
440.947 290.914 0.410 1020
441.067 290.994 0.410 1036
441.147 290.994 0.410 1036
441.267 290.994 0.410 1036
441.347 290.994 0.411 1052
441.467 290.994 0.411 1052
441.548 290.994 0.411 1068
441.668 290.994 0.411 1068
441.748 290.994 0.411 1084
441.868 290.994 0.411 1084
441.988 290.994 0.411 1100
442.068 290.994 0.412 1100
442.189 290.994 0.412 1100
442.309 290.994 0.413 1117
442.469 290.994 0.413 1117
442.589 290.994 0.413 1117
442.710 290.994 0.413 1133
442.830 290.994 0.413 1149
442.950 290.994 0.413 1149
443.070 290.994 0.413 1149
443.230 290.994 0.413 1165
443.351 290.994 0.413 1182
443.471 290.994 0.413 1182
443.591 290.954 0.413 1182
443.751 290.874 0.413 1198
443.831 290.835 0.414 1198
443.952 290.795 0.414 1198
444.072 290.755 0.414 1214
444.192 290.715 0.415 1230
444.312 290.675 0.415 1230
444.432 290.635 0.415 1230
444.513 290.596 0.415 1246
444.633 290.596 0.415 1246
444.713 290.556 0.415 1262
444.793 290.516 0.415 1262
444.873 290.516 0.415 1278
444.993 290.516 0.415 1278
445.073 290.476 0.415 1278
445.154 290.476 0.415 1295
445.234 290.436 0.415 1295
445.314 290.397 0.415 1311
445.394 290.357 0.415 1311
445.474 290.317 0.415 1311
445.554 290.277 0.415 1327
445.674 290.237 0.416 1343
445.755 290.158 0.416 1343
445.835 290.118 0.416 1343
445.955 290.038 0.416 1359
446.035 289.998 0.416 1359
446.115 289.919 0.416 1359
446.195 289.879 0.416 1375
446.275 289.799 0.416 1392
446.356 289.760 0.416 1392
446.436 289.680 0.416 1392
446.516 289.640 0.416 1408
446.636 289.561 0.416 1408
446.716 289.521 0.416 1424
446.796 289.441 0.416 1424
446.917 289.362 0.416 1440
447.037 289.282 0.416 1440
447.077 289.202 0.416 1440
447.197 289.123 0.417 1457
447.277 289.043 0.417 1457
447.317 289.003 0.416 1473
447.397 288.924 0.417 1473
447.477 288.844 0.417 1473
447.558 288.804 0.416 1489
447.638 288.725 0.417 1505
447.718 288.645 0.417 1505
447.798 288.605 0.417 1505
447.918 288.486 0.416 1522
447.998 288.406 0.416 1522
448.078 288.327 0.416 1522
448.159 288.247 0.416 1538
448.279 288.167 0.416 1554
448.359 288.088 0.417 1554
448.479 287.968 0.416 1554
448.599 287.889 0.416 1570
448.679 287.809 0.417 1586
448.800 287.729 0.417 1586
448.880 287.610 0.417 1586
448.960 287.530 0.417 1603
449.080 287.451 0.417 1603
449.160 287.371 0.417 1603
449.240 287.252 0.417 1619
449.361 287.172 0.417 1635
449.481 287.053 0.417 1635
449.561 286.973 0.416 1635
449.681 286.893 0.417 1651
449.841 286.774 0.416 1651
449.962 286.694 0.416 1667
450.082 286.575 0.417 1667
450.202 286.456 0.417 1667
450.322 286.336 0.417 1684
450.442 286.177 0.417 1700
450.603 286.018 0.417 1700
450.723 285.898 0.417 1700
450.843 285.779 0.417 1716
450.963 285.620 0.417 1716
451.124 285.500 0.418 1716
451.244 285.381 0.418 1732
451.364 285.221 0.418 1748
451.524 285.062 0.418 1748
451.684 284.903 0.419 1748
451.845 284.744 0.419 1764
452.005 284.624 0.419 1764
452.165 284.505 0.419 1781
452.285 284.386 0.419 1781
452.446 284.266 0.419 1781
452.566 284.187 0.419 1797
452.726 284.107 0.419 1797
452.806 284.027 0.419 1813
452.927 283.868 0.420 1813
453.047 283.788 0.419 1829
453.127 283.669 0.420 1829
453.247 283.550 0.420 1829
453.327 283.430 0.420 1845
453.447 283.311 0.420 1861
453.568 283.151 0.421 1861
453.688 282.992 0.421 1861
453.768 282.833 0.421 1878
453.888 282.634 0.421 1878
453.968 282.475 0.421 1878
454.088 282.355 0.421 1894
454.169 282.236 0.421 1910
454.249 282.116 0.422 1910
454.329 282.037 0.422 1910
454.409 281.957 0.422 1926
454.489 281.838 0.422 1926
454.569 281.758 0.423 1943
454.689 281.679 0.423 1943
454.770 281.519 0.424 1959
454.890 281.400 0.424 1959
454.970 281.241 0.424 1959
455.090 281.081 0.424 1975
455.170 280.922 0.424 1975
455.290 280.763 0.424 1991
455.451 280.644 0.425 1991
455.571 280.484 0.425 1991
455.651 280.365 0.425 2007
455.771 280.245 0.426 2024
455.891 280.126 0.426 2024
455.972 280.007 0.427 2024
456.092 279.847 0.427 2040
456.212 279.728 0.427 2040
456.332 279.609 0.427 2040
456.452 279.489 0.427 2056
456.573 279.370 0.427 2072
456.693 279.211 0.427 2072
456.813 279.051 0.427 2072
456.933 278.932 0.427 2088
457.093 278.773 0.427 2104
457.214 278.613 0.428 2104
457.334 278.494 0.428 2104
457.454 278.374 0.428 2121
457.574 278.215 0.428 2121
457.694 278.096 0.428 2121
457.815 277.937 0.428 2137
457.935 277.817 0.428 2137
458.015 277.698 0.428 2153
458.175 277.578 0.428 2153
458.295 277.459 0.428 2169
458.416 277.339 0.428 2169
458.536 277.180 0.428 2185
458.656 277.061 0.428 2185
458.776 276.902 0.428 2185
458.897 276.742 0.428 2202
459.057 276.583 0.428 2218
459.177 276.424 0.428 2218
459.337 276.265 0.428 2218
459.457 276.105 0.428 2234
459.618 275.946 0.428 2234
459.778 275.787 0.428 2234
459.938 275.628 0.428 2250
460.058 275.469 0.428 2266
460.219 275.309 0.428 2266
460.339 275.150 0.429 2266
460.459 274.991 0.428 2283
460.579 274.832 0.428 2299
460.699 274.672 0.428 2299
460.860 274.513 0.428 2299
461.060 274.314 0.428 2315
461.180 274.115 0.429 2315
461.381 273.956 0.429 2315
461.541 273.757 0.428 2331
461.701 273.558 0.429 2331
461.861 273.359 0.429 2347
462.022 273.160 0.429 2347
462.142 272.961 0.429 2364
462.302 272.722 0.429 2364
462.462 272.523 0.429 2380
462.623 272.284 0.429 2380
462.783 272.085 0.429 2380
462.943 271.886 0.429 2396
463.103 271.687 0.429 2396
463.224 271.527 0.429 2396
463.384 271.368 0.430 2412
463.544 271.209 0.429 2428
463.704 271.050 0.429 2428
463.825 270.851 0.429 2428
463.985 270.691 0.429 2445
464.145 270.492 0.429 2461
464.306 270.254 0.429 2461
464.506 270.015 0.430 2461
464.666 269.776 0.430 2477
464.826 269.577 0.430 2477
464.987 269.378 0.430 2477
465.147 269.179 0.430 2493
465.267 268.980 0.430 2493
465.387 268.781 0.430 2509
465.508 268.582 0.430 2509
465.588 268.383 0.431 2526
465.708 268.223 0.431 2526
465.828 268.064 0.431 2542
465.948 267.865 0.431 2542
466.068 267.666 0.431 2542
466.189 267.507 0.431 2558
466.389 267.308 0.432 2558
466.549 267.149 0.432 2558
466.710 266.949 0.433 2574
466.870 266.750 0.433 2590
467.030 266.551 0.434 2590
467.150 266.352 0.435 2590
467.311 266.153 0.435 2606
467.471 265.954 0.436 2623
467.591 265.795 0.436 2623
467.751 265.636 0.436 2623
467.871 265.437 0.436 2639
468.032 265.278 0.436 2639
468.152 265.118 0.437 2639
468.272 264.959 0.437 2655
468.392 264.800 0.437 2655
468.553 264.641 0.437 2671
468.673 264.521 0.437 2671
468.793 264.362 0.437 2687
468.913 264.163 0.438 2687
469.114 264.004 0.438 2703
469.234 263.805 0.438 2703
469.394 263.606 0.439 2703
469.514 263.407 0.439 2719
469.634 263.168 0.439 2735
469.795 263.009 0.440 2735
469.915 262.809 0.441 2735
470.035 262.650 0.441 2752
470.155 262.491 0.441 2752
470.316 262.292 0.442 2752
470.436 262.133 0.443 2768
470.596 261.973 0.443 2784
470.716 261.814 0.443 2784
470.876 261.655 0.443 2784
471.037 261.496 0.443 2800
471.197 261.297 0.443 2816
471.357 261.138 0.444 2816
471.518 260.938 0.444 2816
471.718 260.700 0.444 2832
471.878 260.501 0.444 2832
472.038 260.301 0.444 2832
472.199 260.102 0.444 2848
472.319 259.903 0.444 2848
472.439 259.744 0.444 2864
472.599 259.585 0.445 2864
472.720 259.386 0.445 2881
472.840 259.227 0.445 2881
472.960 259.067 0.446 2897
473.080 258.868 0.446 2897
473.200 258.709 0.446 2897
473.321 258.550 0.447 2913
473.481 258.391 0.447 2913
473.641 258.232 0.447 2913
473.761 258.072 0.448 2929
473.922 257.913 0.448 2946
474.082 257.754 0.448 2946
474.202 257.595 0.448 2946
474.362 257.435 0.448 2962
474.482 257.276 0.448 2978
474.603 257.117 0.449 2978
474.723 256.997 0.449 2978
474.843 256.878 0.450 2994
474.963 256.759 0.451 2994
475.083 256.599 0.451 2994
475.204 256.480 0.453 3010
475.324 256.281 0.453 3026
475.484 256.122 0.453 3026
475.604 256.002 0.454 3026
475.765 255.843 0.454 3042
475.925 255.684 0.454 3042
476.045 255.525 0.454 3058
476.205 255.405 0.454 3058
476.326 255.246 0.455 3058
476.486 255.087 0.455 3075
476.606 254.927 0.455 3091
476.766 254.768 0.455 3091
476.886 254.569 0.455 3091
477.047 254.410 0.455 3107
477.247 254.251 0.456 3107
477.407 254.091 0.456 3107
477.568 253.892 0.456 3123
477.688 253.733 0.456 3140
477.808 253.574 0.457 3140
477.968 253.415 0.457 3140
478.089 253.216 0.457 3156
478.209 253.056 0.458 3156
478.369 252.897 0.458 3172
478.529 252.698 0.459 3172
478.649 252.499 0.459 3188
478.810 252.300 0.460 3188
478.930 252.141 0.460 3188
479.090 251.942 0.460 3204
479.250 251.783 0.460 3204
479.371 251.584 0.461 3221
479.531 251.424 0.460 3221
479.651 251.265 0.460 3237
479.851 251.066 0.460 3237
479.972 250.907 0.460 3253
480.132 250.747 0.461 3253
480.292 250.548 0.460 3253
480.452 250.349 0.461 3269
480.613 250.190 0.460 3269
480.813 249.991 0.462 3269
480.973 249.832 0.461 3285
481.094 249.633 0.462 3302
481.254 249.474 0.461 3302
481.374 249.275 0.461 3302
481.534 249.115 0.462 3318
481.654 248.956 0.462 3334
481.815 248.797 0.461 3334
481.935 248.598 0.462 3334
482.135 248.439 0.462 3350
482.296 248.240 0.461 3350
482.456 248.041 0.462 3350
482.656 247.842 0.462 3366
482.816 247.642 0.462 3383
482.977 247.404 0.462 3383
483.177 247.205 0.462 3383
483.337 246.926 0.463 3399
483.497 246.727 0.462 3399
483.658 246.528 0.462 3415
483.778 246.329 0.463 3415
483.938 246.170 0.462 3415
484.058 245.971 0.463 3431
484.219 245.771 0.463 3431
484.339 245.612 0.463 3447
484.459 245.413 0.464 3447
484.579 245.254 0.464 3464
484.740 245.055 0.464 3464
484.860 244.816 0.464 3464
484.980 244.617 0.465 3480
485.140 244.458 0.464 3496
485.301 244.259 0.465 3496
485.461 244.060 0.465 3496
485.621 243.861 0.465 3512
485.781 243.662 0.465 3512
485.942 243.463 0.465 3512
486.102 243.264 0.465 3528
486.262 243.104 0.465 3544
486.422 242.905 0.465 3544
486.583 242.746 0.465 3544
486.743 242.587 0.465 3561
486.863 242.388 0.465 3577
487.023 242.229 0.465 3577
487.184 242.069 0.465 3577
487.344 241.910 0.465 3593
487.464 241.751 0.465 3593
487.584 241.631 0.465 3593
487.745 241.472 0.465 3609
487.865 241.313 0.465 3609
487.985 241.154 0.465 3625
488.065 241.034 0.465 3625
488.185 240.875 0.466 3641
488.306 240.716 0.465 3641
488.386 240.557 0.466 3657
488.506 240.358 0.466 3657
488.626 240.119 0.466 3657
488.746 239.920 0.466 3673
488.866 239.760 0.466 3673
488.987 239.561 0.466 3690
489.107 239.402 0.466 3690
489.187 239.203 0.466 3706
489.307 239.044 0.466 3706
489.387 238.885 0.466 3706
489.508 238.725 0.466 3723
489.628 238.566 0.466 3739
489.748 238.407 0.466 3739
489.908 238.248 0.466 3739
490.028 238.088 0.466 3755
490.149 237.850 0.466 3755
490.269 237.690 0.466 3755
490.389 237.571 0.466 3771
490.549 237.412 0.466 3787
490.669 237.292 0.466 3787
490.790 237.173 0.466 3787
490.870 237.053 0.466 3803
490.950 236.934 0.466 3803
491.070 236.775 0.467 3819
491.150 236.655 0.467 3819
491.270 236.496 0.466 3819
491.351 236.377 0.467 3835
491.471 236.217 0.467 3852
491.591 236.098 0.467 3852
491.711 235.939 0.467 3852
491.831 235.780 0.467 3868
491.912 235.581 0.467 3868
492.032 235.421 0.467 3868
492.112 235.262 0.467 3884
492.192 235.143 0.467 3900
492.272 234.983 0.467 3900
492.352 234.864 0.467 3900
492.432 234.745 0.467 3916
492.513 234.585 0.467 3933
492.633 234.466 0.466 3933
492.713 234.307 0.467 3933
492.833 234.187 0.467 3949
492.913 234.028 0.467 3949
493.033 233.869 0.467 3949
493.154 233.710 0.467 3965
493.274 233.511 0.467 3965
493.394 233.311 0.468 3981
493.514 233.112 0.467 3981
493.634 232.953 0.468 3997
493.755 232.794 0.467 3997
493.915 232.675 0.467 4014
493.995 232.515 0.467 4014
494.115 232.396 0.468 4014
494.235 232.237 0.467 4030
494.316 232.117 0.468 4030
494.436 231.958 0.467 4030
494.556 231.839 0.467 4046
494.636 231.719 0.467 4062
494.716 231.560 0.467 4062
494.836 231.440 0.467 4062
494.957 231.241 0.468 4078
495.077 231.042 0.467 4095
495.197 230.883 0.467 4095
495.317 230.724 0.467 4095
495.437 230.565 0.468 4111
495.518 230.445 0.468 4111
495.638 230.326 0.467 4111
495.758 230.206 0.467 4127
495.878 230.047 0.468 4143
495.958 229.888 0.467 4143
496.038 229.769 0.467 4143
496.159 229.609 0.467 4159
496.279 229.450 0.467 4159
496.399 229.291 0.467 4175
496.519 229.132 0.468 4175
496.639 228.972 0.468 4192
496.760 228.813 0.467 4192
496.920 228.654 0.467 4192
497.000 228.534 0.467 4208
497.120 228.375 0.468 4208
497.200 228.256 0.468 4224
497.321 228.097 0.467 4224
497.401 227.977 0.468 4224
497.521 227.858 0.468 4240
497.601 227.738 0.468 4256
497.721 227.579 0.468 4256
497.841 227.420 0.468 4256
497.962 227.261 0.468 4273
498.082 227.141 0.468 4273
498.202 226.982 0.468 4273
498.322 226.823 0.468 4289
498.523 226.624 0.468 4305
498.603 226.464 0.468 4305
498.723 226.305 0.468 4305
498.843 226.146 0.468 4321
498.963 226.027 0.467 4321
499.043 225.907 0.468 4337
499.164 225.748 0.468 4337
499.284 225.628 0.468 4354
499.364 225.509 0.468 4354
499.484 225.390 0.468 4370
499.604 225.270 0.468 4370
499.725 225.151 0.468 4370
499.805 225.031 0.468 4386
499.885 224.952 0.468 4386
500.005 224.832 0.468 4386
500.085 224.753 0.468 4402
500.165 224.633 0.468 4418
500.285 224.514 0.468 4418
500.366 224.434 0.468 4418
500.486 224.315 0.468 4434
500.566 224.156 0.468 4451
500.646 224.076 0.468 4451
500.726 223.996 0.468 4451
500.806 223.917 0.468 4467
500.927 223.837 0.468 4467
501.007 223.757 0.468 4467
501.087 223.638 0.468 4483
501.167 223.558 0.468 4499
501.287 223.439 0.468 4499
501.367 223.359 0.468 4499
501.447 223.240 0.468 4515
501.528 223.121 0.469 4515
501.608 223.041 0.469 4532
501.728 222.922 0.469 4532
501.768 222.842 0.470 4532
501.848 222.722 0.470 4548
501.968 222.603 0.472 4548
502.048 222.523 0.473 4548
502.129 222.404 0.473 4564
502.209 222.324 0.473 4580
502.289 222.205 0.474 4580
502.409 222.125 0.475 4580
502.489 221.966 0.475 4596
502.569 221.887 0.476 4613
502.649 221.767 0.476 4613
502.770 221.687 0.477 4613
502.850 221.568 0.478 4629
502.930 221.488 0.479 4629
503.010 221.369 0.480 4629
503.130 221.289 0.481 4645
503.210 221.170 0.484 4662
503.331 221.051 0.486 4662
503.411 220.971 0.488 4662
503.491 220.851 0.491 4678
503.571 220.732 0.494 4678
503.691 220.652 0.496 4694
503.811 220.533 0.498 4694
503.932 220.453 0.500 4694
504.012 220.334 0.502 4710
504.132 220.254 0.505 4710
504.252 220.175 0.508 4726
504.332 220.055 0.511 4726
504.452 219.976 0.513 4742
504.533 219.896 0.515 4742
504.613 219.816 0.518 4742
504.693 219.697 0.520 4759
504.773 219.617 0.523 4775
504.853 219.578 0.526 4775
504.893 219.498 0.529 4775
504.933 219.418 0.532 4791
504.973 219.339 0.537 4791
505.013 219.299 0.541 4791
505.053 219.259 0.544 4808
505.093 219.219 0.547 4824
505.134 219.219 0.549 4824
505.174 219.180 0.552 4824
505.174 219.180 0.554 4840
505.174 219.180 0.555 4856
505.214 219.180 0.555 4872
505.254 219.180 0.555 4872
505.334 219.180 0.554 4872
505.454 219.140 0.521 4888
505.654 219.020 0.437 4888
505.935 218.742 0.247 4905

% x_coordinate y_coordinate pressure time
% shape 1, 430 points
505.374 219.856 0.044 0
505.374 219.856 0.062 16
505.374 219.816 0.079 16
505.374 219.816 0.103 17
505.374 219.816 0.124 32
505.374 219.816 0.140 32
505.374 219.816 0.151 48
505.374 219.816 0.160 48
505.414 219.816 0.167 64
505.414 219.816 0.175 64
505.414 219.816 0.186 80
505.414 219.816 0.195 80
505.414 219.816 0.205 81
505.414 219.816 0.216 96
505.414 219.816 0.226 96
505.414 219.896 0.238 96
505.414 219.976 0.248 112
505.414 220.055 0.261 128
505.414 220.175 0.272 128
505.374 220.294 0.283 128
505.294 220.453 0.295 144
505.254 220.613 0.304 160
505.174 220.772 0.311 160
505.134 220.971 0.317 160
505.053 221.170 0.320 178
505.013 221.369 0.324 178
504.933 221.608 0.326 178
504.853 221.807 0.328 195
504.733 222.125 0.331 211
504.613 222.364 0.335 211
504.492 222.683 0.338 211
504.292 223.001 0.343 227
504.132 223.280 0.348 227
504.012 223.638 0.354 227
503.851 223.956 0.360 243
503.691 224.315 0.364 243
503.571 224.633 0.367 259
503.411 224.952 0.370 259
503.290 225.230 0.372 275
503.170 225.509 0.375 275
503.050 225.748 0.377 291
502.970 226.027 0.378 291
502.850 226.265 0.380 291
502.810 226.544 0.382 307
502.730 226.783 0.383 307
502.649 227.022 0.384 323
502.569 227.221 0.385 323
502.529 227.420 0.387 339
502.449 227.619 0.388 339
502.409 227.858 0.390 339
502.369 228.057 0.391 355
502.289 228.216 0.392 371
502.209 228.415 0.393 371
502.129 228.614 0.393 371
502.088 228.853 0.394 387
502.048 229.012 0.394 404
501.968 229.171 0.394 404
501.928 229.331 0.394 404
501.888 229.490 0.394 420
501.808 229.649 0.395 420
501.768 229.808 0.395 420
501.688 230.007 0.395 436
501.648 230.167 0.396 452
501.528 230.366 0.396 452
501.487 230.525 0.396 452
501.447 230.684 0.396 468
501.367 230.883 0.396 468
501.327 231.082 0.396 484
501.287 231.241 0.396 484
501.247 231.401 0.396 484
501.207 231.560 0.396 500
501.167 231.679 0.396 516
501.127 231.839 0.396 516
501.087 231.958 0.396 516
501.047 232.117 0.397 532
501.007 232.237 0.397 532
500.967 232.356 0.397 532
500.887 232.475 0.397 548
500.846 232.595 0.398 548
500.806 232.714 0.399 565
500.726 232.834 0.399 565
500.686 232.913 0.400 581
500.646 233.073 0.400 581
500.606 233.192 0.400 597
500.566 233.391 0.400 597
500.526 233.550 0.400 597
500.486 233.710 0.401 613
500.446 233.869 0.401 613
500.366 233.988 0.401 613
500.326 234.147 0.401 630
500.285 234.267 0.401 646
500.165 234.386 0.401 646
500.125 234.506 0.401 646
500.125 234.665 0.402 662
500.085 234.784 0.401 679
500.045 234.944 0.402 679
500.005 235.063 0.402 679
499.965 235.222 0.402 695
499.925 235.381 0.402 695
499.845 235.541 0.402 695
499.805 235.740 0.402 711
499.725 235.899 0.402 727
499.644 236.058 0.402 727
499.564 236.217 0.402 727
499.524 236.337 0.402 744
499.444 236.496 0.403 744
499.364 236.655 0.403 760
499.244 236.854 0.403 760
499.204 237.014 0.403 760
499.083 237.213 0.403 777
499.003 237.372 0.404 777
498.923 237.571 0.405 793
498.843 237.770 0.406 793
498.763 238.009 0.407 809
498.683 238.208 0.408 809
498.643 238.407 0.408 809
498.563 238.646 0.408 826
498.482 238.845 0.409 842
498.442 239.044 0.409 842
498.362 239.243 0.410 842
498.282 239.402 0.410 858
498.202 239.561 0.411 858
498.162 239.760 0.411 858
498.082 239.920 0.411 874
498.002 240.079 0.412 891
497.922 240.278 0.412 891
497.881 240.437 0.412 891
497.841 240.636 0.413 907
497.761 240.795 0.413 907
497.721 240.994 0.413 923
497.681 241.194 0.413 923
497.601 241.353 0.413 923
497.521 241.512 0.414 939
497.441 241.711 0.415 939
497.361 241.870 0.415 955
497.321 242.069 0.416 955
497.240 242.229 0.416 972
497.160 242.467 0.417 972
497.080 242.666 0.417 972
497.040 242.865 0.417 988
496.960 243.065 0.418 1005
496.880 243.264 0.418 1005
496.800 243.502 0.418 1005
496.720 243.701 0.418 1021
496.679 243.861 0.418 1021
496.599 244.060 0.418 1021
496.519 244.219 0.418 1037
496.479 244.378 0.418 1054
496.439 244.537 0.418 1054
496.399 244.736 0.418 1054
496.359 244.936 0.419 1070
496.319 245.055 0.419 1070
496.319 245.254 0.419 1086
496.279 245.413 0.420 1086
496.239 245.572 0.420 1086
496.199 245.732 0.421 1103
496.159 245.891 0.422 1103
496.078 246.050 0.422 1119
495.998 246.209 0.424 1119
495.958 246.408 0.424 1135
495.878 246.568 0.424 1135
495.838 246.767 0.425 1135
495.798 246.926 0.425 1151
495.718 247.125 0.425 1168
495.678 247.324 0.425 1168
495.638 247.483 0.425 1168
495.558 247.603 0.426 1184
495.518 247.762 0.426 1184
495.477 247.921 0.426 1184
495.437 248.080 0.427 1200
495.397 248.240 0.428 1217
495.317 248.399 0.430 1217
495.277 248.558 0.431 1217
495.197 248.757 0.433 1233
495.157 248.916 0.434 1233
495.077 249.115 0.435 1249
494.997 249.314 0.435 1249
494.957 249.474 0.436 1249
494.876 249.673 0.437 1265
494.836 249.832 0.437 1282
494.796 249.991 0.437 1282
494.756 250.150 0.438 1282
494.716 250.310 0.438 1298
494.636 250.469 0.438 1298
494.596 250.628 0.438 1298
494.556 250.827 0.438 1314
494.476 250.986 0.439 1331
494.396 251.185 0.439 1331
494.356 251.424 0.439 1331
494.275 251.663 0.439 1347
494.195 251.902 0.439 1347
494.155 252.101 0.439 1363
494.035 252.300 0.440 1363
493.995 252.499 0.439 1379
493.915 252.658 0.440 1379
493.835 252.857 0.440 1379
493.795 253.056 0.440 1396
493.715 253.255 0.440 1396
493.674 253.454 0.440 1412
493.594 253.614 0.440 1412
493.514 253.853 0.440 1412
493.434 254.012 0.440 1428
493.354 254.211 0.440 1444
493.274 254.410 0.441 1444
493.194 254.609 0.440 1444
493.154 254.808 0.441 1461
493.073 255.007 0.441 1461
492.993 255.206 0.441 1461
492.953 255.405 0.441 1477
492.873 255.564 0.441 1493
492.793 255.724 0.441 1493
492.753 255.923 0.442 1493
492.673 256.122 0.442 1510
492.633 256.281 0.441 1526
492.553 256.480 0.443 1526
492.513 256.639 0.442 1526
492.432 256.798 0.443 1542
492.392 256.958 0.443 1542
492.312 257.117 0.443 1542
492.232 257.276 0.443 1558
492.192 257.435 0.444 1558
492.112 257.634 0.444 1575
492.032 257.794 0.445 1575
491.952 257.953 0.445 1575
491.871 258.152 0.446 1591
491.791 258.311 0.446 1607
491.751 258.550 0.447 1607
491.631 258.749 0.447 1607
491.591 258.908 0.447 1624
491.511 259.107 0.447 1624
491.431 259.267 0.448 1624
491.391 259.466 0.448 1640
491.310 259.625 0.448 1656
491.270 259.784 0.449 1656
491.190 259.943 0.449 1656
491.150 260.102 0.449 1672
491.070 260.301 0.450 1689
490.990 260.461 0.450 1689
490.910 260.739 0.450 1689
490.870 260.938 0.451 1705
490.790 261.138 0.451 1705
490.710 261.376 0.451 1705
490.629 261.575 0.452 1722
490.549 261.814 0.451 1738
490.469 262.053 0.451 1738
490.429 262.252 0.452 1738
490.349 262.491 0.452 1754
490.269 262.690 0.453 1754
490.229 262.889 0.452 1770
490.149 263.128 0.452 1770
490.068 263.367 0.453 1770
490.028 263.566 0.453 1787
489.908 263.765 0.453 1787
489.828 264.004 0.452 1787
489.748 264.243 0.453 1803
489.628 264.481 0.453 1819
489.548 264.680 0.453 1819
489.427 264.959 0.453 1819
489.387 265.198 0.453 1836
489.307 265.477 0.454 1852
489.227 265.676 0.454 1852
489.147 265.914 0.453 1852
489.107 266.114 0.453 1868
489.027 266.352 0.454 1868
488.987 266.551 0.454 1868
488.906 266.711 0.454 1884
488.866 266.910 0.454 1901
488.786 267.109 0.454 1901
488.746 267.348 0.454 1901
488.666 267.586 0.454 1917
488.586 267.825 0.453 1917
488.506 268.024 0.454 1933
488.426 268.263 0.454 1933
488.346 268.502 0.454 1933
488.265 268.741 0.454 1950
488.185 268.940 0.454 1950
488.105 269.139 0.454 1950
488.025 269.338 0.454 1966
487.945 269.577 0.454 1982
487.825 269.776 0.454 1982
487.745 270.015 0.454 1982
487.664 270.214 0.454 1998
487.584 270.413 0.455 2015
487.504 270.652 0.454 2015
487.424 270.851 0.454 2015
487.344 271.090 0.455 2031
487.304 271.328 0.455 2031
487.184 271.567 0.455 2031
487.104 271.806 0.455 2047
487.023 272.045 0.454 2047
486.943 272.324 0.455 2063
486.823 272.602 0.455 2063
486.743 272.841 0.455 2080
486.703 273.080 0.455 2080
486.623 273.279 0.455 2096
486.543 273.478 0.455 2096
486.462 273.677 0.455 2096
486.422 273.836 0.455 2112
486.342 274.035 0.455 2128
486.262 274.195 0.455 2128
486.182 274.354 0.454 2128
486.142 274.553 0.455 2144
486.062 274.712 0.455 2144
485.982 274.911 0.455 2144
485.861 275.070 0.455 2161
485.781 275.230 0.455 2177
485.661 275.429 0.455 2177
485.541 275.628 0.455 2177
485.461 275.827 0.455 2193
485.381 275.986 0.455 2193
485.301 276.185 0.455 2210
485.220 276.344 0.455 2210
485.180 276.504 0.455 2210
485.100 276.663 0.455 2226
485.060 276.822 0.455 2226
484.980 276.981 0.455 2242
484.900 277.101 0.455 2242
484.860 277.220 0.455 2258
484.780 277.379 0.455 2258
484.700 277.539 0.455 2258
484.659 277.698 0.455 2275
484.579 277.897 0.455 2291
484.539 278.056 0.455 2291
484.459 278.215 0.455 2291
484.419 278.414 0.456 2307
484.379 278.573 0.455 2307
484.339 278.733 0.455 2307
484.299 278.852 0.455 2324
484.219 279.051 0.455 2340
484.179 279.171 0.455 2340
484.139 279.330 0.456 2340
484.058 279.489 0.455 2356
483.978 279.609 0.456 2356
483.938 279.768 0.456 2373
483.898 279.927 0.455 2373
483.818 280.046 0.456 2389
483.778 280.206 0.456 2389
483.698 280.325 0.456 2389
483.658 280.445 0.456 2405
483.578 280.604 0.456 2405
483.497 280.763 0.456 2422
483.457 280.882 0.456 2422
483.417 281.042 0.456 2422
483.337 281.161 0.456 2438
483.297 281.360 0.456 2454
483.257 281.480 0.455 2454
483.177 281.639 0.456 2454
483.137 281.798 0.456 2470
483.057 281.917 0.456 2470
483.017 282.077 0.455 2470
482.937 282.196 0.456 2487
482.897 282.315 0.455 2503
482.816 282.435 0.456 2503
482.776 282.554 0.456 2503
482.736 282.674 0.456 2519
482.696 282.793 0.456 2519
482.616 282.873 0.456 2535
482.576 282.992 0.456 2535
482.536 283.112 0.456 2552
482.496 283.231 0.456 2552
482.456 283.351 0.455 2552
482.416 283.510 0.455 2568
482.376 283.669 0.456 2568
482.336 283.788 0.456 2584
482.255 283.948 0.456 2584
482.215 284.067 0.456 2584
482.135 284.187 0.456 2600
482.095 284.306 0.456 2617
482.015 284.465 0.456 2617
481.935 284.585 0.456 2617
481.895 284.744 0.456 2633
481.855 284.903 0.456 2633
481.775 285.062 0.456 2633
481.735 285.182 0.456 2649
481.694 285.341 0.456 2665
481.654 285.460 0.456 2665
481.614 285.580 0.456 2665
481.534 285.699 0.456 2682
481.494 285.819 0.456 2698
481.494 285.978 0.456 2698
481.454 286.097 0.456 2698
481.374 286.257 0.456 2714
481.294 286.376 0.456 2714
481.254 286.495 0.456 2714
481.214 286.615 0.456 2730
481.134 286.734 0.456 2730
481.094 286.854 0.456 2747
481.053 286.933 0.456 2747
481.053 287.053 0.456 2763
481.013 287.132 0.456 2763
480.973 287.212 0.456 2779
480.933 287.331 0.456 2779
480.893 287.411 0.457 2779
480.853 287.491 0.456 2796
480.853 287.610 0.456 2796
480.813 287.690 0.456 2796
480.733 287.769 0.457 2812
480.693 287.849 0.457 2828
480.653 287.929 0.458 2828
480.613 288.008 0.459 2828
480.573 288.048 0.462 2844
480.573 288.088 0.462 2861
480.533 288.128 0.464 2861
480.492 288.167 0.465 2861
480.452 288.247 0.466 2877
480.452 288.327 0.467 2877
480.412 288.406 0.467 2877
480.332 288.486 0.468 2893
480.332 288.605 0.468 2910
480.332 288.685 0.468 2910
480.252 288.804 0.468 2910
480.212 288.884 0.469 2926
480.172 289.003 0.468 2926
480.172 289.083 0.468 2942
480.132 289.163 0.469 2942
480.092 289.242 0.469 2942
480.052 289.282 0.469 2958
480.052 289.322 0.469 2958
480.012 289.362 0.469 2974
480.012 289.401 0.470 2991
479.972 289.401 0.471 2991
479.972 289.441 0.471 2991
479.972 289.441 0.472 3007
479.932 289.481 0.473 3024
479.932 289.561 0.473 3024
479.932 289.600 0.471 3040
479.932 289.680 0.448 3040
479.932 289.680 0.403 3040
479.972 289.680 0.299 3056
480.012 289.561 0.117 3073

% x_coordinate y_coordinate pressure time
% shape 2, 345 points
480.172 290.078 0.031 0
480.132 290.078 0.038 16
480.092 290.078 0.044 16
480.052 290.078 0.051 17
479.972 290.078 0.057 32
479.972 290.078 0.066 32
479.932 290.078 0.074 33
479.891 290.078 0.084 48
479.851 290.078 0.103 48
479.851 290.078 0.118 64
479.811 290.078 0.133 64
479.771 290.078 0.145 80
479.771 290.078 0.155 80
479.731 290.078 0.167 96
479.691 290.078 0.175 96
479.691 290.078 0.186 96
479.651 290.078 0.195 112
479.651 290.078 0.205 128
479.651 290.078 0.212 128
479.611 290.078 0.218 128
479.611 290.078 0.222 144
479.611 290.078 0.223 144
479.611 290.078 0.224 161
479.611 290.078 0.224 177
479.611 290.078 0.230 177
479.611 290.078 0.239 193
479.651 290.078 0.246 193
479.731 290.038 0.252 209
479.811 289.919 0.258 209
479.932 289.799 0.264 225
480.052 289.640 0.270 225
480.172 289.441 0.278 225
480.332 289.242 0.283 242
480.492 289.003 0.289 242
480.653 288.804 0.295 258
480.853 288.526 0.302 258
481.053 288.247 0.308 258
481.254 287.929 0.316 274
481.534 287.570 0.323 290
481.815 287.212 0.327 290
482.135 286.814 0.331 290
482.456 286.416 0.334 306
482.776 285.978 0.337 306
483.097 285.500 0.340 306
483.377 285.102 0.341 322
483.658 284.744 0.344 339
483.898 284.425 0.347 339
484.098 284.147 0.350 339
484.339 283.868 0.354 355
484.579 283.629 0.357 371
484.740 283.311 0.362 371
484.940 283.032 0.366 371
485.180 282.753 0.369 387
485.421 282.435 0.371 387
485.701 282.116 0.373 387
485.982 281.758 0.375 403
486.222 281.440 0.376 419
486.502 281.042 0.377 419
486.783 280.723 0.378 419
486.983 280.405 0.379 435
487.264 280.126 0.381 435
487.424 279.887 0.383 451
487.584 279.648 0.385 451
487.705 279.449 0.387 467
487.825 279.290 0.391 467
487.905 279.091 0.394 467
488.025 278.852 0.397 483
488.145 278.653 0.400 483
488.265 278.454 0.403 500
488.426 278.215 0.405 500
488.546 277.976 0.407 516
488.706 277.698 0.410 516
488.866 277.459 0.411 532
489.027 277.180 0.412 532
489.187 276.941 0.413 532
489.347 276.703 0.413 548
489.467 276.424 0.414 548
489.668 276.185 0.415 548
489.788 275.986 0.415 564
489.908 275.747 0.417 580
490.028 275.508 0.418 580
490.189 275.230 0.421 580
490.349 274.951 0.423 596
490.549 274.633 0.425 612
490.750 274.274 0.427 612
490.950 273.996 0.428 612
491.150 273.677 0.429 629
491.310 273.398 0.429 629
491.511 273.120 0.430 629
491.671 272.881 0.430 645
491.831 272.642 0.430 661
491.992 272.403 0.431 661
492.192 272.164 0.433 661
492.352 271.886 0.434 677
492.513 271.647 0.436 677
492.713 271.368 0.438 693
492.873 271.090 0.440 693
493.073 270.771 0.441 709
493.234 270.492 0.442 709
493.434 270.174 0.443 709
493.634 269.856 0.443 726
493.875 269.537 0.444 726
494.075 269.219 0.445 742
494.275 268.940 0.445 742
494.476 268.701 0.445 742
494.676 268.422 0.446 758
494.876 268.184 0.445 774
495.037 267.945 0.446 774
495.237 267.706 0.446 774
495.437 267.427 0.446 790
495.598 267.188 0.446 790
495.798 266.949 0.447 806
495.958 266.750 0.447 806
496.119 266.512 0.447 822
496.279 266.273 0.447 822
496.479 266.034 0.447 822
496.599 265.795 0.448 838
496.760 265.556 0.448 838
496.920 265.238 0.448 855
497.120 264.919 0.448 855
497.321 264.641 0.448 871
497.521 264.322 0.449 871
497.761 263.964 0.449 887
497.962 263.685 0.449 887
498.202 263.367 0.450 887
498.402 263.048 0.450 903
498.643 262.690 0.450 903
498.843 262.411 0.450 903
499.043 262.133 0.451 919
499.284 261.854 0.451 935
499.524 261.536 0.451 935
499.725 261.257 0.451 935
500.005 260.938 0.451 951
500.245 260.620 0.453 968
500.486 260.262 0.454 968
500.686 259.903 0.454 968
500.967 259.545 0.455 984
501.247 259.187 0.456 984
501.487 258.829 0.456 984
501.728 258.510 0.457 1000
502.008 258.192 0.456 1000
502.249 257.873 0.457 1016
502.449 257.634 0.457 1016
502.730 257.356 0.457 1016
502.930 257.117 0.457 1032
503.170 256.878 0.457 1049
503.331 256.599 0.457 1049
503.571 256.361 0.457 1049
503.811 256.122 0.457 1065
504.012 255.843 0.457 1081
504.212 255.564 0.457 1081
504.452 255.325 0.457 1081
504.653 255.087 0.458 1097
504.853 254.848 0.458 1097
505.053 254.609 0.457 1097
505.294 254.370 0.458 1113
505.494 254.131 0.458 1129
505.695 253.853 0.458 1129
505.935 253.574 0.458 1129
506.175 253.295 0.458 1145
506.376 253.017 0.458 1145
506.576 252.738 0.458 1162
506.816 252.419 0.458 1162
506.977 252.141 0.458 1162
507.177 251.862 0.458 1178
507.337 251.623 0.458 1178
507.497 251.345 0.458 1194
507.658 251.066 0.458 1194
507.818 250.867 0.458 1210
507.978 250.628 0.458 1210
508.139 250.429 0.459 1210
508.299 250.230 0.458 1226
508.419 250.031 0.459 1243
508.579 249.832 0.458 1243
508.740 249.593 0.458 1243
508.900 249.354 0.459 1259
509.060 249.115 0.459 1259
509.220 248.837 0.459 1259
509.381 248.598 0.459 1275
509.581 248.359 0.459 1291
509.741 248.120 0.459 1291
509.901 247.881 0.459 1291
510.102 247.642 0.459 1307
510.262 247.443 0.459 1307
510.422 247.205 0.459 1323
510.623 246.966 0.459 1323
510.783 246.647 0.459 1339
510.983 246.369 0.459 1339
511.144 246.130 0.459 1339
511.304 245.851 0.459 1355
511.464 245.572 0.459 1355
511.664 245.294 0.459 1372
511.825 245.015 0.459 1372
511.985 244.776 0.460 1388
512.145 244.458 0.460 1388
512.306 244.219 0.460 1404
512.466 243.980 0.461 1404
512.626 243.741 0.461 1404
512.786 243.502 0.462 1420
512.947 243.264 0.462 1436
513.147 243.025 0.462 1436
513.347 242.746 0.463 1436
513.548 242.507 0.463 1452
513.748 242.189 0.463 1452
513.948 241.910 0.463 1452
514.149 241.592 0.463 1468
514.349 241.313 0.464 1484
514.549 240.994 0.464 1484
514.710 240.716 0.465 1484
514.910 240.477 0.466 1500
515.110 240.198 0.467 1500
515.270 239.959 0.468 1517
515.431 239.681 0.470 1517
515.671 239.482 0.470 1517
515.831 239.283 0.472 1533
515.992 239.044 0.473 1549
516.152 238.845 0.473 1549
516.312 238.646 0.474 1549
516.472 238.447 0.474 1565
516.633 238.208 0.475 1565
516.793 238.009 0.475 1565
516.953 237.770 0.476 1581
517.073 237.491 0.477 1597
517.234 237.292 0.477 1597
517.394 237.053 0.478 1597
517.554 236.854 0.479 1614
517.715 236.655 0.480 1614
517.875 236.496 0.481 1630
517.995 236.297 0.482 1630
518.155 236.098 0.483 1630
518.356 235.899 0.484 1646
518.516 235.700 0.484 1646
518.676 235.461 0.485 1662
518.876 235.182 0.485 1662
519.077 234.904 0.485 1678
519.277 234.665 0.486 1678
519.477 234.386 0.486 1678
519.678 234.147 0.487 1695
519.878 233.909 0.489 1711
520.038 233.670 0.490 1711
520.199 233.431 0.493 1711
520.359 233.232 0.494 1727
520.519 232.993 0.496 1727
520.639 232.834 0.497 1727
520.800 232.635 0.497 1743
520.960 232.436 0.498 1759
521.120 232.276 0.498 1759
521.240 232.038 0.498 1775
521.401 231.839 0.499 1775
521.561 231.560 0.499 1775
521.721 231.321 0.499 1791
521.881 231.082 0.500 1791
522.042 230.843 0.500 1807
522.202 230.565 0.500 1807
522.362 230.366 0.500 1823
522.482 230.167 0.501 1823
522.643 230.007 0.502 1823
522.763 229.808 0.503 1840
522.883 229.649 0.503 1840
523.003 229.490 0.504 1856
523.124 229.331 0.505 1856
523.244 229.132 0.506 1872
523.364 228.933 0.508 1872
523.524 228.733 0.509 1872
523.684 228.534 0.508 1888
523.845 228.296 0.510 1904
524.005 228.057 0.509 1904
524.125 227.858 0.509 1904
524.286 227.698 0.510 1921
524.446 227.499 0.510 1921
524.566 227.340 0.510 1921
524.686 227.181 0.511 1937
524.806 227.022 0.511 1953
524.927 226.902 0.511 1953
525.007 226.743 0.511 1953
525.127 226.624 0.511 1970
525.247 226.504 0.511 1970
525.327 226.385 0.511 1986
525.447 226.265 0.511 1986
525.568 226.066 0.511 1986
525.728 225.947 0.511 2002
525.848 225.827 0.511 2002
525.968 225.668 0.512 2018
526.129 225.509 0.511 2018
526.249 225.350 0.511 2034
526.369 225.230 0.512 2034
526.449 225.111 0.512 2034
526.569 224.992 0.512 2051
526.649 224.912 0.512 2067
526.730 224.792 0.511 2067
526.810 224.713 0.511 2067
526.890 224.633 0.512 2083
526.970 224.514 0.512 2083
527.010 224.434 0.512 2083
527.090 224.315 0.512 2100
527.170 224.235 0.512 2116
527.290 224.076 0.512 2116
527.371 223.917 0.512 2116
527.491 223.797 0.512 2132
527.611 223.638 0.512 2132
527.731 223.479 0.512 2149
527.851 223.359 0.512 2149
527.972 223.240 0.512 2165
528.052 223.121 0.512 2165
528.132 223.001 0.512 2165
528.212 222.922 0.512 2181
528.292 222.842 0.512 2181
528.372 222.762 0.513 2197
528.452 222.643 0.514 2197
528.533 222.523 0.514 2197
528.653 222.444 0.515 2213
528.773 222.324 0.516 2230
528.853 222.205 0.517 2230
528.933 222.086 0.518 2230
529.013 221.966 0.520 2246
529.094 221.847 0.522 2262
529.134 221.767 0.523 2262
529.214 221.687 0.525 2262
529.254 221.568 0.527 2278
529.294 221.488 0.529 2278
529.334 221.409 0.531 2278
529.374 221.329 0.535 2295
529.414 221.250 0.539 2295
529.454 221.170 0.542 2311
529.494 221.090 0.543 2311
529.534 220.971 0.545 2311
529.614 220.851 0.546 2327
529.694 220.772 0.546 2343
529.735 220.652 0.547 2343
529.815 220.573 0.547 2343
529.855 220.493 0.548 2360
529.895 220.414 0.549 2360
529.895 220.374 0.550 2360
529.895 220.334 0.552 2376
529.935 220.294 0.552 2392
529.935 220.294 0.553 2392
529.935 220.294 0.554 2392
529.935 220.294 0.555 2408
529.935 220.294 0.553 2431
529.975 220.294 0.548 2447
529.975 220.294 0.529 2464
530.015 220.294 0.488 2464
530.055 220.374 0.416 2464
530.055 220.453 0.290 2480
530.055 220.573 0.086 2496

% x_coordinate y_coordinate pressure time
% shape 3, 636 points
530.776 220.374 0.061 0
530.776 220.334 0.088 0
530.776 220.294 0.117 16
530.776 220.254 0.150 16
530.776 220.215 0.177 32
530.776 220.215 0.199 32
530.776 220.215 0.218 48
530.776 220.215 0.240 48
530.776 220.215 0.263 48
530.776 220.215 0.280 64
530.776 220.254 0.289 80
530.776 220.374 0.299 80
530.696 220.493 0.309 80
530.616 220.652 0.320 96
530.536 220.812 0.329 96
530.496 221.011 0.339 96
530.376 221.250 0.351 112
530.295 221.488 0.365 128
530.175 221.807 0.375 128
530.095 222.086 0.386 128
529.935 222.444 0.396 144
529.775 222.762 0.405 144
529.614 223.160 0.412 160
529.414 223.558 0.418 160
529.214 223.996 0.424 176
528.973 224.434 0.429 176
528.773 224.832 0.435 193
528.613 225.230 0.440 193
528.452 225.589 0.444 193
528.252 225.947 0.448 209
528.092 226.345 0.451 209
527.972 226.663 0.454 209
527.811 226.982 0.456 225
527.651 227.300 0.457 241
527.491 227.579 0.458 241
527.371 227.858 0.459 241
527.250 228.176 0.462 257
527.130 228.415 0.465 273
527.010 228.773 0.467 273
526.850 229.052 0.470 273
526.810 229.331 0.474 290
526.730 229.609 0.475 290
526.649 229.848 0.477 290
526.609 230.127 0.478 306
526.569 230.366 0.479 322
526.529 230.644 0.480 322
526.449 230.923 0.480 322
526.409 231.162 0.480 338
526.289 231.440 0.481 338
526.209 231.719 0.481 354
526.129 231.998 0.481 354
526.048 232.237 0.482 371
525.968 232.515 0.482 371
525.928 232.754 0.482 371
525.888 233.033 0.482 387
525.808 233.232 0.482 387
525.728 233.431 0.482 403
525.688 233.630 0.482 403
525.608 233.829 0.482 403
525.528 234.028 0.483 419
525.447 234.227 0.483 436
525.327 234.426 0.483 436
525.247 234.625 0.483 436
525.127 234.824 0.484 452
525.047 235.023 0.484 452
524.886 235.302 0.484 452
524.766 235.501 0.484 468
524.686 235.700 0.484 485
524.606 235.899 0.485 485
524.526 236.098 0.484 485
524.446 236.257 0.484 501
524.366 236.417 0.484 501
524.326 236.616 0.484 517
524.245 236.815 0.484 517
524.205 236.974 0.484 533
524.125 237.213 0.484 533
524.045 237.412 0.484 533
523.965 237.651 0.485 549
523.885 237.889 0.485 549
523.765 238.128 0.485 566
523.684 238.367 0.485 566
523.564 238.606 0.484 566
523.484 238.805 0.485 582
523.364 239.004 0.485 598
523.284 239.203 0.485 598
523.204 239.362 0.485 598
523.124 239.522 0.485 614
523.043 239.681 0.485 614
522.963 239.920 0.486 614
522.923 240.039 0.485 630
522.883 240.198 0.486 647
522.763 240.358 0.486 647
522.723 240.557 0.486 647
522.683 240.716 0.487 663
522.643 240.915 0.488 679
522.563 241.114 0.488 679
522.523 241.313 0.489 679
522.442 241.472 0.490 695
522.362 241.671 0.491 695
522.322 241.870 0.492 695
522.242 242.069 0.493 712
522.202 242.308 0.494 712
522.122 242.507 0.496 728
522.082 242.666 0.498 728
522.042 242.865 0.499 744
521.962 243.065 0.500 744
521.922 243.264 0.501 761
521.841 243.463 0.503 761
521.801 243.622 0.504 761
521.721 243.821 0.506 777
521.641 244.020 0.509 793
521.601 244.219 0.511 793
521.521 244.418 0.514 793
521.481 244.617 0.516 810
521.401 244.816 0.518 810
521.361 245.015 0.519 810
521.280 245.254 0.521 826
521.200 245.453 0.522 826
521.120 245.692 0.523 842
521.040 245.891 0.524 842
520.960 246.090 0.525 858
520.880 246.289 0.526 858
520.800 246.488 0.527 875
520.720 246.727 0.528 875
520.679 246.926 0.529 875
520.599 247.085 0.530 891
520.559 247.284 0.531 891
520.519 247.483 0.532 891
520.439 247.642 0.533 907
520.399 247.842 0.533 923
520.359 248.041 0.534 923
520.319 248.200 0.534 923
520.239 248.399 0.535 939
520.199 248.598 0.536 956
520.159 248.797 0.537 956
520.078 248.996 0.538 956
519.998 249.195 0.538 972
519.918 249.394 0.538 972
519.838 249.553 0.539 972
519.798 249.713 0.540 988
519.718 249.912 0.540 1004
519.678 250.071 0.540 1004
519.598 250.230 0.540 1004
519.558 250.389 0.541 1020
519.477 250.548 0.541 1020
519.437 250.668 0.541 1037
519.357 250.827 0.542 1037
519.317 250.947 0.542 1053
519.277 251.106 0.542 1053
519.237 251.345 0.543 1053
519.157 251.504 0.543 1069
519.117 251.703 0.543 1069
519.077 251.902 0.543 1085
519.037 252.141 0.543 1085
518.997 252.340 0.543 1085
518.917 252.499 0.543 1102
518.836 252.698 0.543 1118
518.796 252.857 0.543 1118
518.716 253.017 0.544 1118
518.676 253.176 0.544 1135
518.636 253.335 0.544 1135
518.596 253.454 0.544 1135
518.516 253.654 0.544 1151
518.476 253.813 0.545 1167
518.396 253.932 0.545 1167
518.356 254.091 0.546 1167
518.315 254.251 0.546 1184
518.235 254.370 0.546 1184
518.195 254.529 0.546 1200
518.155 254.689 0.547 1200
518.075 254.808 0.547 1216
518.035 254.967 0.547 1216
517.995 255.126 0.547 1216
517.915 255.286 0.547 1232
517.875 255.405 0.547 1232
517.835 255.525 0.548 1248
517.795 255.684 0.547 1248
517.715 255.843 0.548 1248
517.674 256.002 0.548 1265
517.634 256.122 0.548 1281
517.594 256.281 0.548 1281
517.554 256.400 0.548 1281
517.474 256.560 0.548 1297
517.434 256.679 0.548 1297
517.394 256.798 0.548 1297
517.314 256.958 0.548 1313
517.274 257.077 0.548 1330
517.234 257.236 0.548 1330
517.194 257.396 0.548 1330
517.154 257.555 0.549 1346
517.073 257.714 0.548 1362
517.033 257.873 0.548 1362
516.953 258.032 0.549 1362
516.913 258.192 0.548 1378
516.873 258.351 0.549 1378
516.793 258.510 0.548 1378
516.753 258.630 0.548 1394
516.713 258.789 0.549 1394
516.673 258.948 0.549 1411
516.633 259.107 0.549 1411
516.553 259.306 0.549 1411
516.513 259.466 0.549 1427
516.472 259.625 0.549 1443
516.432 259.784 0.549 1443
516.392 259.943 0.549 1443
516.352 260.102 0.549 1460
516.272 260.301 0.549 1460
516.232 260.501 0.549 1460
516.192 260.660 0.549 1476
516.152 260.819 0.549 1492
516.112 261.018 0.549 1492
516.032 261.177 0.549 1492
515.992 261.337 0.549 1508
515.911 261.536 0.549 1525
515.871 261.695 0.549 1525
515.791 261.894 0.549 1525
515.751 262.093 0.549 1541
515.711 262.292 0.550 1541
515.671 262.451 0.549 1541
515.631 262.690 0.549 1557
515.591 262.849 0.550 1557
515.511 263.048 0.549 1573
515.471 263.208 0.549 1573
515.431 263.367 0.550 1573
515.391 263.526 0.549 1589
515.311 263.725 0.550 1605
515.270 263.884 0.550 1605
515.190 264.043 0.549 1605
515.150 264.203 0.550 1622
515.070 264.402 0.550 1638
515.030 264.561 0.550 1638
514.990 264.760 0.550 1638
514.910 264.919 0.550 1654
514.830 265.118 0.550 1654
514.790 265.238 0.550 1654
514.750 265.397 0.550 1670
514.710 265.556 0.550 1670
514.669 265.676 0.550 1686
514.629 265.835 0.550 1686
514.589 265.994 0.550 1702
514.549 266.114 0.550 1702
514.509 266.273 0.550 1719
514.429 266.432 0.550 1719
514.389 266.591 0.550 1719
514.309 266.750 0.550 1735
514.269 266.910 0.550 1735
514.229 267.069 0.550 1735
514.189 267.188 0.550 1751
514.149 267.348 0.550 1768
514.068 267.467 0.550 1768
514.028 267.586 0.550 1768
513.988 267.706 0.550 1784
513.948 267.825 0.550 1800
513.868 267.945 0.551 1800
513.828 268.064 0.551 1800
513.788 268.223 0.551 1816
513.708 268.383 0.551 1816
513.668 268.542 0.551 1816
513.628 268.661 0.551 1833
513.548 268.860 0.551 1849
513.508 269.020 0.551 1849
513.427 269.179 0.551 1849
513.387 269.378 0.552 1865
513.307 269.577 0.552 1865
513.267 269.776 0.551 1881
513.187 269.935 0.552 1881
513.147 270.134 0.552 1898
513.107 270.333 0.552 1898
513.027 270.532 0.552 1898
512.987 270.731 0.552 1914
512.906 270.891 0.552 1914
512.826 271.090 0.552 1931
512.786 271.249 0.552 1931
512.746 271.408 0.552 1931
512.666 271.567 0.552 1947
512.626 271.727 0.552 1963
512.586 271.965 0.552 1963
512.506 272.125 0.552 1963
512.466 272.324 0.552 1979
512.386 272.483 0.552 1979
512.346 272.682 0.552 1979
512.265 272.841 0.552 1996
512.185 273.040 0.553 2012
512.145 273.239 0.553 2012
512.105 273.398 0.553 2012
512.025 273.597 0.553 2029
511.945 273.797 0.553 2029
511.825 273.996 0.553 2045
511.745 274.234 0.553 2045
511.664 274.394 0.553 2045
511.584 274.593 0.554 2061
511.544 274.752 0.554 2077
511.504 274.911 0.554 2077
511.464 275.070 0.555 2077
511.424 275.190 0.555 2094
511.384 275.349 0.556 2094
511.344 275.469 0.558 2094
511.304 275.668 0.558 2110
511.224 275.867 0.559 2126
511.184 276.066 0.560 2126
511.144 276.265 0.560 2126
511.063 276.543 0.561 2142
511.023 276.742 0.561 2142
510.983 276.941 0.561 2158
510.903 277.101 0.562 2158
510.863 277.260 0.562 2174
510.783 277.419 0.562 2174
510.783 277.539 0.563 2174
510.743 277.698 0.564 2191
510.703 277.817 0.565 2191
510.663 277.976 0.565 2207
510.663 278.136 0.566 2207
510.623 278.255 0.568 2207
510.623 278.414 0.569 2223
510.583 278.613 0.570 2239
510.543 278.812 0.571 2239
510.503 278.972 0.572 2239
510.462 279.131 0.573 2256
510.422 279.330 0.575 2256
510.382 279.489 0.575 2256
510.342 279.648 0.576 2272
510.302 279.808 0.577 2288
510.302 280.007 0.578 2288
510.262 280.166 0.578 2288
510.222 280.365 0.579 2305
510.182 280.524 0.580 2321
510.182 280.683 0.580 2321
510.142 280.843 0.581 2321
510.142 281.042 0.582 2337
510.102 281.201 0.582 2337
510.102 281.320 0.584 2337
510.102 281.440 0.585 2354
510.102 281.559 0.586 2354
510.102 281.679 0.587 2370
510.102 281.798 0.587 2370
510.102 281.878 0.589 2386
510.102 281.997 0.590 2386
510.062 282.116 0.591 2402
510.062 282.276 0.593 2402
510.022 282.395 0.594 2402
510.022 282.475 0.595 2419
510.022 282.594 0.596 2419
510.022 282.714 0.597 2435
510.022 282.833 0.598 2435
510.022 282.952 0.599 2451
510.022 283.072 0.599 2451
510.022 283.151 0.599 2451
510.022 283.271 0.600 2467
510.022 283.430 0.600 2484
510.022 283.550 0.601 2484
510.022 283.629 0.601 2484
510.022 283.749 0.601 2500
510.022 283.868 0.602 2500
510.022 283.987 0.602 2500
510.022 284.107 0.603 2516
510.022 284.187 0.604 2533
510.022 284.306 0.605 2533
510.022 284.425 0.605 2533
510.022 284.545 0.606 2549
510.022 284.664 0.606 2549
510.022 284.784 0.606 2565
510.022 284.863 0.607 2565
510.022 284.983 0.607 2565
510.022 285.102 0.607 2581
510.022 285.182 0.607 2581
510.022 285.261 0.607 2598
510.022 285.341 0.607 2598
510.022 285.421 0.607 2614
510.022 285.500 0.608 2614
510.022 285.620 0.608 2614
510.062 285.659 0.608 2630
510.062 285.739 0.608 2646
510.102 285.819 0.608 2646
510.142 285.898 0.608 2646
510.182 286.018 0.608 2663
510.222 286.097 0.609 2663
510.262 286.177 0.609 2663
510.342 286.257 0.609 2679
510.382 286.336 0.609 2695
510.462 286.416 0.609 2695
510.503 286.456 0.610 2695
510.543 286.535 0.610 2711
510.623 286.575 0.610 2711
510.663 286.655 0.611 2728
510.743 286.694 0.611 2728
510.783 286.774 0.611 2744
510.863 286.854 0.611 2744
510.943 286.933 0.611 2744
511.023 287.013 0.611 2760
511.104 287.093 0.612 2760
511.184 287.172 0.612 2776
511.224 287.252 0.612 2776
511.304 287.292 0.612 2776
511.384 287.331 0.612 2792
511.424 287.411 0.613 2809
511.504 287.451 0.613 2809
511.544 287.491 0.613 2809
511.584 287.530 0.613 2825
511.624 287.610 0.613 2825
511.704 287.650 0.613 2825
511.745 287.729 0.613 2841
511.825 287.769 0.613 2858
511.905 287.809 0.613 2858
511.985 287.889 0.614 2858
512.025 287.968 0.613 2874
512.105 288.008 0.614 2890
512.225 288.048 0.614 2890
512.306 288.088 0.614 2890
512.386 288.167 0.614 2906
512.506 288.207 0.614 2906
512.586 288.287 0.614 2906
512.666 288.327 0.614 2922
512.706 288.406 0.614 2922
512.786 288.446 0.614 2939
512.826 288.486 0.615 2939
512.906 288.526 0.614 2955
512.987 288.565 0.614 2955
513.027 288.605 0.615 2971
513.067 288.645 0.614 2971
513.147 288.685 0.614 2971
513.187 288.685 0.615 2987
513.227 288.725 0.614 2987
513.267 288.764 0.615 2987
513.347 288.804 0.615 3003
513.387 288.844 0.614 3019
513.467 288.884 0.615 3019
513.548 288.924 0.615 3019
513.588 288.964 0.615 3036
513.668 289.003 0.615 3052
513.748 289.043 0.615 3052
513.828 289.083 0.615 3052
513.868 289.123 0.615 3068
513.948 289.163 0.615 3068
514.028 289.202 0.615 3068
514.109 289.202 0.615 3085
514.189 289.242 0.615 3085
514.229 289.282 0.615 3101
514.269 289.282 0.615 3101
514.349 289.322 0.615 3117
514.389 289.362 0.616 3117
514.469 289.401 0.616 3133
514.549 289.401 0.616 3133
514.589 289.441 0.616 3133
514.669 289.481 0.616 3149
514.750 289.481 0.616 3149
514.830 289.521 0.616 3149
514.910 289.561 0.616 3166
514.990 289.600 0.616 3182
515.070 289.640 0.616 3182
515.150 289.680 0.616 3182
515.230 289.720 0.616 3198
515.270 289.720 0.616 3214
515.351 289.760 0.616 3214
515.431 289.760 0.617 3214
515.511 289.799 0.617 3231
515.591 289.839 0.617 3231
515.671 289.839 0.617 3231
515.751 289.879 0.617 3247
515.871 289.919 0.617 3263
515.952 289.919 0.617 3263
516.032 289.959 0.617 3263
516.112 289.959 0.617 3279
516.192 289.959 0.617 3279
516.272 289.998 0.617 3296
516.352 289.998 0.617 3296
516.432 289.998 0.617 3296
516.553 289.998 0.618 3312
516.673 289.998 0.618 3312
516.793 289.998 0.618 3329
516.913 289.998 0.618 3329
517.073 289.998 0.619 3345
517.194 289.998 0.619 3345
517.354 289.998 0.619 3345
517.474 289.998 0.620 3361
517.634 289.998 0.620 3377
517.755 289.998 0.620 3377
517.875 289.998 0.620 3377
517.995 289.998 0.620 3394
518.115 289.998 0.620 3394
518.195 289.998 0.621 3394
518.315 289.998 0.620 3410
518.396 289.998 0.621 3426
518.516 289.998 0.621 3426
518.636 289.998 0.621 3426
518.716 289.998 0.622 3442
518.836 289.998 0.622 3442
518.917 289.998 0.623 3459
519.077 289.998 0.623 3459
519.157 289.998 0.624 3475
519.277 289.998 0.624 3475
519.397 289.998 0.624 3491
519.518 289.998 0.624 3491
519.638 289.998 0.624 3491
519.758 289.998 0.625 3507
519.838 289.998 0.624 3507
519.958 289.998 0.625 3507
520.078 289.998 0.625 3524
520.199 289.998 0.625 3540
520.319 289.998 0.625 3540
520.439 289.998 0.625 3540
520.599 289.998 0.626 3556
520.720 289.959 0.626 3556
520.800 289.959 0.625 3573
520.920 289.959 0.626 3573
521.040 289.919 0.626 3589
521.120 289.919 0.626 3589
521.240 289.879 0.626 3589
521.401 289.879 0.626 3605
521.521 289.879 0.626 3605
521.641 289.839 0.626 3621
521.801 289.799 0.626 3621
521.922 289.799 0.626 3621
522.042 289.760 0.627 3637
522.162 289.720 0.627 3653
522.282 289.640 0.627 3653
522.402 289.600 0.627 3653
522.482 289.561 0.627 3670
522.603 289.481 0.627 3670
522.683 289.441 0.628 3670
522.763 289.401 0.628 3686
522.883 289.322 0.628 3702
523.003 289.282 0.629 3702
523.083 289.242 0.629 3702
523.204 289.202 0.629 3718
523.284 289.202 0.629 3735
523.404 289.163 0.629 3735
523.524 289.163 0.629 3735
523.644 289.123 0.630 3751
523.765 289.083 0.629 3751
523.885 289.043 0.630 3767
524.005 289.003 0.630 3767
524.085 288.964 0.630 3767
524.205 288.884 0.630 3784
524.326 288.844 0.630 3784
524.446 288.764 0.630 3784
524.566 288.685 0.630 3800
524.726 288.605 0.630 3816
524.886 288.526 0.630 3816
525.007 288.446 0.630 3816
525.087 288.406 0.630 3833
525.207 288.327 0.631 3849
525.327 288.287 0.631 3849
525.407 288.247 0.630 3849
525.487 288.207 0.631 3865
525.608 288.167 0.630 3865
525.688 288.088 0.630 3865
525.808 288.048 0.631 3881
525.888 287.968 0.631 3881
525.968 287.929 0.631 3897
526.048 287.849 0.631 3897
526.169 287.809 0.631 3914
526.249 287.729 0.631 3914
526.329 287.650 0.632 3930
526.449 287.570 0.631 3930
526.529 287.530 0.631 3930
526.609 287.491 0.632 3946
526.730 287.451 0.631 3946
526.810 287.411 0.632 3946
526.890 287.371 0.631 3963
527.010 287.292 0.631 3979
527.090 287.252 0.631 3979
527.210 287.212 0.632 3979
527.331 287.172 0.632 3995
527.411 287.093 0.632 4012
527.531 287.053 0.632 4012
527.651 286.973 0.631 4012
527.811 286.893 0.632 4028
527.891 286.814 0.632 4028
528.012 286.734 0.632 4028
528.132 286.655 0.632 4044
528.212 286.575 0.632 4044
528.332 286.495 0.632 4060
528.452 286.416 0.632 4060
528.533 286.336 0.632 4077
528.653 286.257 0.632 4077
528.733 286.217 0.632 4093
528.813 286.137 0.632 4093
528.893 286.057 0.633 4093
528.973 285.978 0.633 4109
529.053 285.938 0.632 4109
529.134 285.898 0.633 4109
529.214 285.819 0.633 4125
529.294 285.779 0.633 4142
529.374 285.739 0.633 4142
529.414 285.699 0.632 4142
529.494 285.659 0.633 4158
529.574 285.620 0.632 4174
529.654 285.580 0.633 4174
529.735 285.540 0.633 4174
529.775 285.500 0.632 4190
529.855 285.460 0.633 4190
529.895 285.421 0.633 4190
529.935 285.301 0.633 4206
529.975 285.261 0.633 4223
529.975 285.221 0.633 4223
530.055 285.142 0.633 4223
530.095 285.102 0.633 4239
530.135 285.022 0.633 4239
530.215 284.983 0.633 4255
530.295 284.903 0.633 4255
530.376 284.863 0.634 4255
530.456 284.784 0.633 4271
530.536 284.744 0.633 4271
530.576 284.664 0.634 4288
530.696 284.585 0.633 4288
530.776 284.505 0.633 4304
530.816 284.425 0.633 4304
530.856 284.346 0.633 4304
530.937 284.266 0.633 4320
531.017 284.187 0.633 4336
531.057 284.107 0.633 4336
531.137 284.027 0.633 4336
531.177 283.948 0.634 4353
531.257 283.868 0.634 4353
531.297 283.788 0.633 4353
531.377 283.749 0.634 4369
531.417 283.709 0.633 4385
531.497 283.669 0.634 4385
531.538 283.629 0.633 4385
531.578 283.550 0.634 4401
531.658 283.470 0.634 4401
531.698 283.390 0.634 4417
531.738 283.271 0.634 4417
531.778 283.112 0.634 4434
531.858 282.913 0.634 4434
531.898 282.753 0.635 4434
531.978 282.594 0.634 4450
532.058 282.395 0.635 4450
532.179 282.156 0.635 4466
532.299 281.917 0.634 4466
532.419 281.599 0.629 4466
532.579 281.241 0.602 4482
532.780 280.803 0.562 4499

