% x_coordinate y_coordinate pressure time
% shape 0, 648 points
1025.361 165.717 0.036 0
1025.361 165.717 0.084 0
1025.361 165.717 0.109 16
1025.401 165.717 0.150 17
1025.401 165.717 0.180 17
1025.401 165.717 0.198 32
1025.401 165.717 0.216 32
1025.401 165.717 0.232 48
1025.401 165.717 0.245 48
1025.401 165.717 0.256 48
1025.401 165.717 0.266 64
1025.361 165.717 0.273 80
1025.361 165.717 0.278 80
1025.361 165.717 0.282 80
1025.320 165.717 0.284 96
1025.320 165.717 0.291 96
1025.320 165.717 0.303 112
1025.320 165.717 0.314 112
1025.320 165.717 0.328 128
1025.320 165.717 0.345 128
1025.320 165.717 0.361 128
1025.361 165.717 0.374 145
1025.361 165.677 0.384 145
1025.361 165.637 0.392 161
1025.401 165.558 0.400 161
1025.401 165.478 0.406 161
1025.401 165.398 0.413 177
1025.481 165.319 0.418 193
1025.481 165.199 0.422 193
1025.521 165.120 0.428 193
1025.521 165.000 0.434 209
1025.521 164.881 0.440 225
1025.561 164.801 0.447 225
1025.601 164.682 0.453 225
1025.641 164.562 0.458 241
1025.641 164.403 0.464 241
1025.681 164.284 0.471 241
1025.721 164.125 0.477 258
1025.761 164.005 0.484 274
1025.801 163.846 0.491 274
1025.841 163.687 0.498 274
1025.881 163.527 0.503 290
1025.922 163.368 0.508 290
1025.962 163.169 0.512 306
1026.002 162.970 0.517 306
1026.082 162.731 0.522 306
1026.122 162.532 0.529 322
1026.202 162.333 0.533 339
1026.282 162.174 0.538 339
1026.322 161.975 0.543 339
1026.443 161.776 0.545 355
1026.523 161.617 0.549 355
1026.603 161.457 0.551 355
1026.683 161.338 0.554 371
1026.763 161.179 0.555 387
1026.883 161.020 0.556 387
1027.003 160.900 0.557 387
1027.124 160.741 0.558 403
1027.244 160.502 0.559 403
1027.404 160.303 0.561 420
1027.404 160.144 0.562 420
1027.524 159.945 0.564 420
1027.684 159.746 0.566 436
1027.765 159.547 0.568 436
1027.885 159.387 0.571 452
1028.005 159.228 0.573 452
1028.085 159.069 0.576 468
1028.205 158.870 0.578 468
1028.286 158.711 0.580 468
1028.366 158.551 0.582 484
1028.486 158.392 0.583 500
1028.566 158.233 0.585 500
1028.686 158.074 0.587 500
1028.766 157.954 0.587 517
1028.886 157.795 0.588 517
1029.007 157.676 0.588 517
1029.087 157.556 0.588 533
1029.207 157.437 0.589 549
1029.287 157.317 0.589 549
1029.407 157.158 0.590 549
1029.488 157.039 0.591 565
1029.648 156.879 0.591 565
1029.728 156.760 0.591 581
1029.848 156.601 0.592 581
1029.928 156.481 0.592 597
1030.008 156.362 0.593 597
1030.129 156.242 0.593 597
1030.209 156.123 0.593 613
1030.289 156.043 0.594 613
1030.369 155.884 0.594 630
1030.489 155.805 0.594 630
1030.569 155.685 0.594 630
1030.649 155.606 0.595 646
1030.770 155.486 0.594 662
1030.850 155.407 0.595 662
1030.930 155.287 0.595 662
1031.010 155.168 0.595 678
1031.130 155.048 0.595 694
1031.210 154.969 0.595 694
1031.291 154.849 0.595 694
1031.371 154.770 0.595 710
1031.451 154.650 0.595 710
1031.571 154.571 0.595 710
1031.651 154.491 0.596 726
1031.731 154.372 0.595 743
1031.811 154.292 0.596 743
1031.932 154.212 0.595 743
1032.012 154.133 0.596 759
1032.092 154.053 0.596 759
1032.212 154.013 0.596 775
1032.292 153.934 0.596 775
1032.372 153.854 0.596 775
1032.452 153.774 0.596 791
1032.573 153.735 0.596 791
1032.653 153.615 0.596 807
1032.773 153.575 0.596 807
1032.853 153.496 0.596 824
1032.973 153.456 0.596 824
1033.094 153.376 0.596 824
1033.214 153.337 0.596 840
1033.334 153.257 0.596 856
1033.414 153.177 0.596 856
1033.534 153.098 0.596 856
1033.654 153.018 0.596 872
1033.775 152.938 0.596 872
1033.895 152.899 0.596 872
1034.015 152.819 0.596 888
1034.135 152.739 0.596 904
1034.215 152.700 0.596 904
1034.336 152.620 0.596 904
1034.416 152.580 0.596 921
1034.536 152.501 0.596 921
1034.616 152.501 0.596 937
1034.696 152.421 0.596 937
1034.816 152.421 0.596 953
1034.896 152.381 0.596 953
1035.017 152.302 0.596 953
1035.177 152.262 0.596 969
1035.297 152.182 0.597 969
1035.417 152.142 0.596 985
1035.538 152.102 0.596 985
1035.658 152.023 0.596 985
1035.818 151.983 0.597 1002
1035.938 151.943 0.596 1018
1036.058 151.903 0.596 1018
1036.179 151.903 0.596 1018
1036.299 151.864 0.596 1034
1036.419 151.824 0.596 1034
1036.539 151.784 0.596 1034
1036.659 151.744 0.596 1050
1036.780 151.704 0.597 1066
1036.900 151.665 0.596 1066
1037.020 151.625 0.596 1066
1037.140 151.585 0.596 1082
1037.260 151.545 0.596 1098
1037.341 151.505 0.596 1098
1037.461 151.466 0.596 1098
1037.581 151.466 0.596 1115
1037.701 151.426 0.596 1115
1037.821 151.426 0.596 1115
1037.901 151.426 0.596 1131
1038.022 151.386 0.596 1147
1038.142 151.386 0.596 1147
1038.262 151.386 0.596 1147
1038.462 151.386 0.596 1163
1038.583 151.306 0.596 1163
1038.703 151.306 0.596 1179
1038.823 151.266 0.596 1179
1038.983 151.266 0.596 1196
1039.104 151.227 0.597 1196
1039.184 151.187 0.597 1196
1039.264 151.187 0.596 1212
1039.384 151.187 0.597 1212
1039.424 151.187 0.597 1228
1039.464 151.147 0.597 1228
1039.504 151.147 0.597 1228
1039.584 151.147 0.596 1244
1039.624 151.107 0.597 1260
1039.664 151.107 0.597 1260
1039.745 151.067 0.596 1260
1039.785 151.067 0.596 1276
1039.865 151.028 0.596 1276
1039.905 151.028 0.596 1276
1039.985 150.988 0.596 1292
1040.025 150.988 0.597 1309
1040.105 150.988 0.596 1309
1040.145 150.948 0.596 1309
1040.185 150.948 0.596 1325
1040.225 150.948 0.596 1341
1040.265 150.948 0.596 1341
1040.306 150.948 0.596 1341
1040.346 150.948 0.596 1358
1040.426 150.948 0.596 1358
1040.506 150.948 0.596 1358
1040.546 150.948 0.596 1374
1040.626 150.948 0.596 1374
1040.666 150.948 0.597 1390
1040.746 150.908 0.596 1390
1040.786 150.908 0.597 1390
1040.826 150.908 0.597 1406
1040.906 150.908 0.597 1423
1040.947 150.908 0.597 1423
1041.027 150.868 0.597 1423
1041.067 150.868 0.596 1439
1041.147 150.829 0.597 1455
1041.227 150.829 0.596 1455
1041.307 150.789 0.597 1455
1041.387 150.749 0.597 1471
1041.467 150.749 0.597 1471
1041.548 150.709 0.597 1471
1041.628 150.669 0.597 1488
1041.668 150.669 0.597 1504
1041.788 150.669 0.597 1504
1041.868 150.630 0.597 1504
1041.908 150.630 0.597 1520
1041.988 150.630 0.597 1520
1042.068 150.630 0.597 1537
1042.149 150.630 0.596 1537
1042.229 150.630 0.596 1537
1042.309 150.630 0.597 1553
1042.389 150.630 0.597 1553
1042.469 150.630 0.597 1553
1042.549 150.630 0.596 1569
1042.629 150.630 0.597 1586
1042.710 150.630 0.597 1586
1042.790 150.630 0.597 1586
1042.870 150.630 0.597 1602
1042.950 150.630 0.597 1618
1043.030 150.630 0.597 1618
1043.110 150.630 0.597 1618
1043.190 150.630 0.597 1634
1043.270 150.630 0.597 1634
1043.351 150.630 0.597 1634
1043.431 150.630 0.597 1651
1043.511 150.630 0.597 1651
1043.591 150.630 0.597 1667
1043.711 150.630 0.597 1667
1043.791 150.630 0.597 1684
1043.871 150.630 0.597 1684
1043.992 150.630 0.597 1700
1044.072 150.630 0.597 1700
1044.152 150.630 0.597 1700
1044.232 150.630 0.597 1716
1044.352 150.630 0.597 1716
1044.392 150.630 0.597 1732
1044.513 150.630 0.597 1732
1044.593 150.669 0.596 1748
1044.673 150.709 0.597 1748
1044.793 150.709 0.597 1748
1044.873 150.749 0.596 1765
1044.993 150.789 0.596 1781
1045.114 150.789 0.597 1781
1045.234 150.789 0.597 1781
1045.354 150.829 0.597 1798
1045.514 150.829 0.597 1798
1045.634 150.829 0.597 1798
1045.715 150.829 0.597 1814
1045.795 150.829 0.597 1830
1045.915 150.829 0.597 1830
1045.955 150.868 0.597 1830
1046.035 150.868 0.597 1846
1046.115 150.908 0.596 1846
1046.195 150.908 0.597 1862
1046.275 150.948 0.597 1862
1046.356 150.988 0.597 1862
1046.436 151.028 0.596 1879
1046.516 151.067 0.597 1895
1046.596 151.067 0.597 1895
1046.676 151.107 0.597 1895
1046.756 151.107 0.597 1911
1046.836 151.147 0.597 1911
1046.957 151.187 0.598 1911
1047.037 151.266 0.598 1927
1047.117 151.266 0.597 1944
1047.197 151.306 0.598 1944
1047.277 151.306 0.597 1944
1047.357 151.346 0.597 1960
1047.438 151.346 0.598 1976
1047.478 151.386 0.597 1976
1047.558 151.426 0.598 1976
1047.638 151.426 0.598 1993
1047.718 151.466 0.598 1993
1047.798 151.505 0.597 1993
1047.878 151.545 0.597 2009
1047.958 151.585 0.597 2009
1048.038 151.625 0.598 2025
1048.078 151.665 0.598 2025
1048.159 151.704 0.597 2042
1048.199 151.744 0.597 2042
1048.279 151.784 0.597 2058
1048.359 151.824 0.597 2058
1048.439 151.903 0.598 2058
1048.519 151.943 0.597 2074
1048.639 151.983 0.598 2074
1048.719 152.023 0.598 2074
1048.760 152.063 0.597 2091
1048.840 152.102 0.597 2107
1048.920 152.182 0.598 2107
1048.960 152.222 0.598 2107
1049.040 152.262 0.598 2123
1049.120 152.341 0.597 2140
1049.200 152.381 0.597 2140
1049.281 152.461 0.598 2140
1049.361 152.501 0.597 2156
1049.401 152.580 0.597 2156
1049.481 152.660 0.598 2156
1049.561 152.739 0.597 2172
1049.641 152.819 0.598 2172
1049.761 152.859 0.597 2189
1049.801 152.938 0.597 2189
1049.881 153.018 0.598 2205
1050.002 153.058 0.597 2205
1050.082 153.137 0.598 2221
1050.122 153.177 0.598 2221
1050.162 153.217 0.598 2221
1050.242 153.297 0.598 2238
1050.322 153.337 0.598 2238
1050.362 153.376 0.598 2238
1050.442 153.456 0.598 2254
1050.523 153.536 0.598 2270
1050.643 153.575 0.598 2270
1050.723 153.655 0.598 2270
1050.803 153.695 0.598 2287
1050.843 153.774 0.598 2303
1050.923 153.814 0.598 2303
1050.963 153.894 0.598 2303
1051.043 153.934 0.598 2319
1051.083 154.013 0.598 2319
1051.164 154.093 0.598 2319
1051.244 154.133 0.598 2335
1051.284 154.212 0.599 2351
1051.364 154.292 0.598 2351
1051.404 154.332 0.598 2351
1051.484 154.411 0.599 2368
1051.524 154.491 0.599 2368
1051.604 154.571 0.598 2384
1051.644 154.650 0.599 2384
1051.684 154.730 0.599 2384
1051.765 154.809 0.600 2400
1051.805 154.889 0.599 2400
1051.845 154.969 0.599 2417
1051.885 155.048 0.600 2417
1051.925 155.128 0.600 2433
1051.965 155.168 0.600 2433
1052.005 155.287 0.600 2433
1052.045 155.367 0.600 2449
1052.085 155.446 0.601 2465
1052.125 155.526 0.601 2465
1052.165 155.685 0.601 2465
1052.205 155.765 0.601 2482
1052.245 155.884 0.601 2482
1052.286 155.964 0.601 2482
1052.326 156.043 0.601 2498
1052.326 156.163 0.601 2514
1052.366 156.242 0.601 2514
1052.406 156.322 0.602 2514
1052.446 156.402 0.602 2530
1052.446 156.481 0.602 2530
1052.486 156.601 0.602 2547
1052.526 156.680 0.602 2547
1052.646 156.760 0.602 2563
1052.646 156.879 0.602 2563
1052.646 156.959 0.602 2563
1052.686 157.039 0.603 2579
1052.686 157.118 0.603 2579
1052.646 157.238 0.602 2595
1052.646 157.357 0.603 2595
1052.646 157.437 0.603 2595
1052.646 157.556 0.603 2611
1052.606 157.676 0.604 2628
1052.606 157.795 0.604 2628
1052.606 157.954 0.604 2628
1052.606 158.034 0.604 2644
1052.606 158.153 0.604 2644
1052.606 158.273 0.604 2644
1052.566 158.392 0.604 2660
1052.566 158.512 0.605 2677
1052.526 158.631 0.604 2677
1052.486 158.790 0.605 2677
1052.446 158.950 0.605 2693
1052.406 159.109 0.605 2710
1052.406 159.228 0.605 2710
1052.326 159.348 0.605 2710
1052.326 159.467 0.605 2726
1052.326 159.626 0.605 2726
1052.286 159.706 0.605 2726
1052.286 159.825 0.605 2742
1052.245 159.945 0.605 2742
1052.245 160.064 0.605 2758
1052.205 160.223 0.606 2758
1052.165 160.343 0.605 2775
1052.165 160.462 0.605 2775
1052.125 160.582 0.605 2791
1052.085 160.701 0.605 2791
1052.045 160.821 0.605 2791
1052.045 160.900 0.606 2807
1052.005 161.020 0.606 2807
1051.965 161.139 0.605 2807
1051.965 161.219 0.605 2824
1051.925 161.338 0.605 2840
1051.925 161.418 0.606 2840
1051.885 161.537 0.606 2840
1051.885 161.617 0.606 2857
1051.845 161.736 0.606 2873
1051.805 161.855 0.606 2873
1051.805 161.935 0.606 2873
1051.765 162.055 0.606 2889
1051.765 162.134 0.606 2889
1051.724 162.254 0.606 2889
1051.684 162.333 0.606 2905
1051.684 162.492 0.606 2905
1051.644 162.612 0.606 2922
1051.564 162.691 0.606 2922
1051.524 162.811 0.606 2938
1051.484 162.930 0.606 2938
1051.404 163.050 0.606 2954
1051.364 163.169 0.607 2954
1051.324 163.289 0.607 2954
1051.284 163.368 0.606 2970
1051.244 163.488 0.607 2970
1051.164 163.607 0.607 2987
1051.124 163.727 0.606 2987
1051.083 163.846 0.607 3003
1051.043 163.965 0.607 3003
1051.003 164.085 0.606 3003
1050.923 164.204 0.607 3019
1050.883 164.284 0.607 3035
1050.843 164.403 0.606 3035
1050.763 164.483 0.607 3035
1050.683 164.562 0.607 3052
1050.643 164.642 0.607 3052
1050.603 164.801 0.607 3052
1050.563 164.881 0.607 3068
1050.523 164.961 0.607 3084
1050.523 165.080 0.607 3084
1050.483 165.160 0.607 3084
1050.442 165.279 0.607 3100
1050.402 165.398 0.607 3100
1050.362 165.518 0.607 3116
1050.362 165.637 0.606 3116
1050.322 165.757 0.607 3133
1050.282 165.876 0.607 3133
1050.282 165.996 0.607 3133
1050.242 166.075 0.608 3149
1050.202 166.195 0.607 3149
1050.202 166.314 0.607 3165
1050.162 166.394 0.607 3165
1050.122 166.513 0.607 3165
1050.082 166.633 0.607 3182
1050.042 166.752 0.607 3198
1050.002 166.871 0.607 3198
1049.922 167.031 0.607 3198
1049.841 167.150 0.607 3214
1049.801 167.269 0.607 3214
1049.761 167.389 0.607 3214
1049.681 167.508 0.607 3231
1049.641 167.628 0.608 3247
1049.601 167.747 0.607 3247
1049.561 167.827 0.607 3247
1049.561 167.946 0.607 3263
1049.561 168.026 0.607 3263
1049.561 168.105 0.607 3279
1049.521 168.225 0.607 3279
1049.521 168.304 0.607 3295
1049.481 168.424 0.607 3295
1049.441 168.543 0.607 3295
1049.441 168.663 0.607 3312
1049.401 168.782 0.607 3312
1049.401 168.902 0.607 3328
1049.361 168.981 0.607 3328
1049.361 169.101 0.607 3328
1049.321 169.180 0.607 3344
1049.281 169.300 0.607 3361
1049.240 169.379 0.607 3361
1049.200 169.459 0.607 3361
1049.160 169.578 0.607 3377
1049.120 169.658 0.607 3377
1049.120 169.777 0.607 3377
1049.040 169.857 0.607 3393
1049.000 169.937 0.607 3409
1048.960 170.056 0.607 3409
1048.920 170.136 0.607 3409
1048.880 170.215 0.607 3425
1048.880 170.295 0.607 3442
1048.840 170.375 0.607 3442
1048.840 170.454 0.607 3442
1048.800 170.534 0.607 3458
1048.800 170.613 0.607 3458
1048.760 170.693 0.607 3458
1048.760 170.773 0.608 3474
1048.719 170.892 0.607 3474
1048.679 170.972 0.607 3491
1048.679 171.051 0.607 3491
1048.639 171.131 0.607 3491
1048.599 171.250 0.607 3507
1048.559 171.330 0.607 3523
1048.519 171.449 0.607 3523
1048.479 171.569 0.607 3523
1048.439 171.688 0.607 3540
1048.439 171.768 0.607 3540
1048.399 171.847 0.608 3540
1048.399 171.927 0.608 3556
1048.359 172.046 0.607 3572
1048.319 172.126 0.607 3572
1048.279 172.206 0.607 3572
1048.239 172.285 0.607 3588
1048.239 172.365 0.607 3605
1048.199 172.484 0.608 3605
1048.159 172.564 0.607 3605
1048.159 172.683 0.607 3621
1048.119 172.763 0.608 3621
1048.078 172.843 0.607 3621
1048.038 172.962 0.607 3637
1047.998 173.042 0.607 3637
1047.958 173.121 0.607 3653
1047.918 173.241 0.607 3653
1047.918 173.320 0.607 3670
1047.878 173.400 0.607 3670
1047.838 173.480 0.607 3686
1047.798 173.599 0.607 3686
1047.798 173.679 0.607 3686
1047.758 173.798 0.608 3702
1047.718 173.878 0.608 3702
1047.678 173.997 0.607 3702
1047.638 174.077 0.607 3718
1047.598 174.196 0.607 3735
1047.598 174.276 0.608 3735
1047.558 174.355 0.607 3735
1047.518 174.475 0.607 3751
1047.478 174.554 0.607 3767
1047.438 174.674 0.607 3767
1047.397 174.753 0.608 3767
1047.397 174.873 0.608 3783
1047.317 174.992 0.607 3783
1047.277 175.112 0.607 3799
1047.237 175.231 0.608 3799
1047.237 175.351 0.608 3799
1047.197 175.470 0.607 3816
1047.157 175.550 0.608 3816
1047.117 175.669 0.607 3816
1047.077 175.749 0.607 3832
1047.037 175.868 0.608 3849
1046.997 175.987 0.607 3849
1046.957 176.147 0.607 3849
1046.917 176.266 0.608 3865
1046.876 176.386 0.607 3881
1046.876 176.505 0.608 3881
1046.836 176.585 0.608 3881
1046.836 176.704 0.607 3897
1046.796 176.823 0.608 3897
1046.756 176.943 0.607 3897
1046.756 177.062 0.607 3914
1046.716 177.182 0.608 3930
1046.676 177.301 0.608 3930
1046.636 177.421 0.607 3930
1046.636 177.540 0.607 3946
1046.596 177.659 0.607 3946
1046.556 177.779 0.607 3962
1046.556 177.858 0.608 3962
1046.516 177.978 0.607 3979
1046.476 178.097 0.607 3979
1046.436 178.217 0.608 3979
1046.436 178.296 0.608 3995
1046.396 178.416 0.608 3995
1046.356 178.535 0.608 4011
1046.316 178.655 0.607 4011
1046.316 178.734 0.608 4011
1046.275 178.814 0.608 4027
1046.235 178.933 0.608 4044
1046.235 179.053 0.608 4044
1046.195 179.132 0.608 4044
1046.155 179.212 0.607 4060
1046.115 179.331 0.608 4060
1046.115 179.411 0.608 4060
1046.075 179.491 0.608 4076
1046.075 179.570 0.608 4092
1046.035 179.650 0.608 4092
1046.035 179.769 0.608 4092
1045.995 179.849 0.608 4108
1045.995 179.968 0.608 4125
1045.955 180.048 0.608 4125
1045.915 180.167 0.608 4125
1045.875 180.247 0.608 4141
1045.875 180.327 0.608 4141
1045.835 180.406 0.608 4141
1045.755 180.526 0.608 4157
1045.715 180.645 0.608 4157
1045.715 180.725 0.608 4173
1045.674 180.804 0.608 4173
1045.634 180.884 0.608 4190
1045.594 181.003 0.608 4190
1045.594 181.083 0.608 4206
1045.554 181.163 0.608 4206
1045.514 181.242 0.608 4206
1045.474 181.322 0.608 4222
1045.434 181.401 0.608 4222
1045.434 181.481 0.608 4222
1045.394 181.561 0.608 4238
1045.354 181.640 0.608 4254
1045.314 181.720 0.608 4254
1045.274 181.799 0.609 4254
1045.234 181.879 0.608 4271
1045.194 181.999 0.608 4287
1045.114 182.078 0.608 4287
1045.073 182.158 0.608 4287
1045.033 182.237 0.608 4303
1044.993 182.317 0.608 4303
1044.953 182.397 0.608 4303
1044.953 182.476 0.608 4319
1044.913 182.556 0.608 4336
1044.873 182.635 0.608 4336
1044.833 182.715 0.608 4336
1044.793 182.755 0.609 4352
1044.753 182.834 0.609 4352
1044.713 182.954 0.608 4368
1044.713 182.994 0.608 4368
1044.673 183.073 0.608 4368
1044.633 183.113 0.609 4385
1044.633 183.193 0.609 4385
1044.593 183.272 0.609 4385
1044.553 183.352 0.609 4401
1044.553 183.432 0.609 4417
1044.553 183.511 0.608 4417
1044.513 183.591 0.609 4417
1044.513 183.671 0.609 4434
1044.473 183.710 0.609 4450
1044.473 183.790 0.609 4450
1044.432 183.830 0.609 4450
1044.432 183.909 0.609 4466
1044.392 183.949 0.610 4466
1044.392 183.989 0.609 4466
1044.352 184.069 0.609 4482
1044.312 184.108 0.609 4499
1044.312 184.188 0.610 4499
1044.272 184.188 0.611 4515
1044.272 184.228 0.610 4515
1044.272 184.228 0.612 4531
1044.272 184.268 0.612 4531
1044.272 184.268 0.613 4531
1044.232 184.268 0.613 4547
1044.232 184.307 0.613 4578
1044.192 184.307 0.613 4578
1044.192 184.347 0.614 4594
1044.152 184.347 0.614 4610
1044.152 184.347 0.603 4627
1044.192 184.347 0.556 4627
1044.192 184.347 0.458 4643
1044.152 184.148 0.302 4643

% x_coordinate y_coordinate pressure time
% shape 1, 561 points
1052.526 160.661 0.047 0
1052.486 160.661 0.065 17
1052.486 160.701 0.074 17
1052.486 160.701 0.088 18
1052.486 160.701 0.100 34
1052.486 160.741 0.109 50
1052.486 160.741 0.122 51
1052.486 160.741 0.141 51
1052.486 160.741 0.165 66
1052.526 160.741 0.186 66
1052.526 160.741 0.204 67
1052.566 160.741 0.220 82
1052.646 160.741 0.238 98
1052.646 160.741 0.256 98
1052.686 160.741 0.273 98
1052.726 160.741 0.289 114
1052.726 160.741 0.302 114
1052.766 160.741 0.312 130
1052.806 160.741 0.324 130
1052.846 160.701 0.336 130
1052.967 160.621 0.350 146
1053.047 160.542 0.363 146
1053.127 160.462 0.375 162
1053.207 160.383 0.385 162
1053.287 160.303 0.392 178
1053.367 160.223 0.398 178
1053.447 160.104 0.405 178
1053.528 159.984 0.413 194
1053.608 159.905 0.419 211
1053.688 159.785 0.426 211
1053.768 159.666 0.433 211
1053.848 159.586 0.438 227
1053.928 159.467 0.444 227
1053.968 159.348 0.448 243
1054.089 159.228 0.453 243
1054.169 159.109 0.457 259
1054.249 158.989 0.460 259
1054.369 158.870 0.464 259
1054.449 158.790 0.466 276
1054.569 158.671 0.469 276
1054.689 158.551 0.471 292
1054.770 158.432 0.474 292
1054.890 158.313 0.477 292
1054.970 158.193 0.481 308
1055.090 158.074 0.485 324
1055.130 157.954 0.487 324
1055.250 157.755 0.490 324
1055.411 157.636 0.493 341
1055.571 157.477 0.496 341
1055.691 157.317 0.499 341
1055.811 157.198 0.501 357
1055.932 157.039 0.504 373
1056.052 156.919 0.506 373
1056.172 156.800 0.508 373
1056.292 156.680 0.510 389
1056.372 156.561 0.511 406
1056.492 156.442 0.512 406
1056.573 156.362 0.513 406
1056.653 156.282 0.514 422
1056.733 156.203 0.515 422
1056.813 156.083 0.516 422
1056.933 156.004 0.517 438
1057.013 155.884 0.518 438
1057.134 155.765 0.518 454
1057.254 155.645 0.519 454
1057.414 155.486 0.519 471
1057.534 155.367 0.520 471
1057.694 155.208 0.521 487
1057.815 155.088 0.522 487
1058.015 155.008 0.524 487
1058.135 154.889 0.526 503
1058.255 154.770 0.527 503
1058.376 154.650 0.529 519
1058.456 154.571 0.530 519
1058.576 154.451 0.531 535
1058.696 154.372 0.531 535
1058.816 154.292 0.532 535
1058.896 154.173 0.533 552
1059.017 154.093 0.534 568
1059.057 154.013 0.534 568
1059.137 153.934 0.536 568
1059.217 153.854 0.537 585
1059.297 153.774 0.538 585
1059.377 153.735 0.539 585
1059.457 153.655 0.540 601
1059.578 153.575 0.540 617
1059.658 153.496 0.541 617
1059.778 153.416 0.543 617
1059.898 153.337 0.543 633
1060.018 153.217 0.543 633
1060.139 153.137 0.544 650
1060.259 153.058 0.545 650
1060.379 152.978 0.546 666
1060.499 152.859 0.547 666
1060.619 152.779 0.547 666
1060.780 152.700 0.548 682
1060.900 152.620 0.549 682
1061.020 152.580 0.551 698
1061.140 152.501 0.552 698
1061.260 152.421 0.553 698
1061.381 152.381 0.554 714
1061.501 152.302 0.555 731
1061.581 152.262 0.556 731
1061.661 152.182 0.557 731
1061.781 152.142 0.558 747
1061.861 152.063 0.560 747
1061.942 152.023 0.561 747
1062.062 151.983 0.562 763
1062.142 151.903 0.563 779
1062.262 151.864 0.564 779
1062.342 151.784 0.566 779
1062.462 151.744 0.567 796
1062.583 151.704 0.570 812
1062.663 151.625 0.571 812
1062.743 151.625 0.572 812
1062.863 151.585 0.573 828
1062.943 151.545 0.574 828
1063.063 151.505 0.575 828
1063.144 151.466 0.575 844
1063.224 151.426 0.575 844
1063.344 151.386 0.576 861
1063.424 151.386 0.577 861
1063.544 151.346 0.577 877
1063.624 151.306 0.578 877
1063.705 151.266 0.579 893
1063.865 151.227 0.580 893
1063.945 151.227 0.582 893
1064.025 151.187 0.583 909
1064.145 151.187 0.584 909
1064.225 151.187 0.585 909
1064.305 151.187 0.585 925
1064.386 151.187 0.586 942
1064.466 151.187 0.586 942
1064.546 151.187 0.586 942
1064.626 151.187 0.586 958
1064.746 151.187 0.586 974
1064.866 151.187 0.586 974
1064.947 151.187 0.587 974
1065.027 151.187 0.587 990
1065.147 151.147 0.587 990
1065.227 151.147 0.587 1006
1065.307 151.107 0.587 1006
1065.427 151.107 0.587 1006
1065.508 151.107 0.588 1023
1065.588 151.107 0.588 1023
1065.668 151.107 0.588 1023
1065.748 151.107 0.589 1039
1065.868 151.107 0.589 1055
1065.948 151.107 0.589 1055
1066.028 151.107 0.589 1055
1066.149 151.107 0.589 1071
1066.229 151.107 0.589 1088
1066.309 151.107 0.589 1088
1066.389 151.107 0.590 1088
1066.469 151.107 0.591 1104
1066.549 151.107 0.591 1104
1066.629 151.107 0.592 1104
1066.750 151.107 0.592 1120
1066.830 151.107 0.593 1136
1066.950 151.107 0.594 1136
1066.990 151.107 0.595 1136
1067.110 151.107 0.596 1153
1067.190 151.107 0.597 1153
1067.270 151.107 0.598 1169
1067.351 151.107 0.599 1169
1067.471 151.107 0.600 1185
1067.551 151.107 0.600 1185
1067.631 151.107 0.601 1185
1067.751 151.107 0.602 1202
1067.871 151.107 0.602 1202
1067.952 151.107 0.603 1218
1068.032 151.107 0.604 1218
1068.152 151.147 0.606 1218
1068.232 151.147 0.607 1234
1068.312 151.147 0.609 1250
1068.392 151.147 0.610 1250
1068.473 151.187 0.611 1250
1068.593 151.187 0.612 1267
1068.673 151.227 0.613 1267
1068.753 151.227 0.615 1267
1068.873 151.266 0.616 1283
1068.953 151.266 0.617 1299
1069.033 151.266 0.618 1299
1069.114 151.306 0.619 1299
1069.194 151.306 0.620 1316
1069.274 151.306 0.621 1332
1069.354 151.306 0.622 1332
1069.434 151.346 0.623 1332
1069.514 151.346 0.624 1348
1069.634 151.386 0.624 1348
1069.714 151.386 0.624 1348
1069.795 151.426 0.625 1365
1069.875 151.466 0.625 1365
1069.955 151.505 0.625 1381
1070.035 151.545 0.626 1381
1070.155 151.585 0.626 1381
1070.235 151.625 0.627 1397
1070.356 151.665 0.626 1414
1070.436 151.704 0.627 1414
1070.556 151.744 0.628 1414
1070.676 151.744 0.628 1430
1070.756 151.784 0.628 1430
1070.876 151.824 0.629 1430
1070.957 151.864 0.630 1446
1071.077 151.864 0.632 1463
1071.157 151.903 0.633 1463
1071.277 151.943 0.633 1463
1071.357 151.983 0.635 1479
1071.478 151.983 0.636 1495
1071.598 152.023 0.637 1495
1071.638 152.102 0.636 1495
1071.758 152.102 0.638 1512
1071.838 152.142 0.638 1512
1071.918 152.182 0.638 1512
1072.038 152.222 0.639 1528
1072.119 152.262 0.640 1544
1072.199 152.302 0.640 1544
1072.319 152.341 0.641 1544
1072.399 152.381 0.640 1560
1072.479 152.421 0.641 1560
1072.559 152.461 0.642 1576
1072.639 152.501 0.642 1576
1072.679 152.580 0.643 1576
1072.760 152.660 0.643 1593
1072.800 152.700 0.644 1593
1072.880 152.779 0.643 1593
1072.920 152.859 0.643 1609
1073.000 152.938 0.644 1625
1073.040 153.018 0.645 1625
1073.120 153.137 0.644 1625
1073.160 153.217 0.645 1642
1073.240 153.297 0.645 1658
1073.321 153.376 0.645 1658
1073.361 153.416 0.645 1658
1073.401 153.496 0.644 1674
1073.481 153.575 0.645 1674
1073.561 153.655 0.645 1674
1073.601 153.735 0.645 1690
1073.681 153.814 0.645 1706
1073.761 153.894 0.645 1706
1073.801 153.973 0.645 1706
1073.881 154.053 0.646 1723
1073.922 154.093 0.646 1723
1073.962 154.173 0.646 1739
1074.042 154.252 0.645 1739
1074.082 154.292 0.646 1739
1074.122 154.372 0.646 1755
1074.162 154.451 0.646 1755
1074.202 154.491 0.646 1771
1074.242 154.571 0.647 1771
1074.282 154.650 0.647 1788
1074.322 154.730 0.647 1788
1074.362 154.809 0.646 1788
1074.402 154.889 0.647 1804
1074.442 154.969 0.647 1820
1074.482 155.048 0.647 1820
1074.522 155.128 0.647 1820
1074.563 155.208 0.646 1836
1074.603 155.327 0.648 1836
1074.683 155.407 0.647 1836
1074.723 155.486 0.647 1852
1074.763 155.606 0.648 1869
1074.803 155.685 0.648 1869
1074.843 155.765 0.648 1869
1074.883 155.844 0.648 1885
1074.923 155.964 0.648 1901
1074.963 156.043 0.648 1901
1075.003 156.163 0.648 1901
1075.043 156.242 0.648 1917
1075.083 156.362 0.649 1917
1075.124 156.442 0.648 1917
1075.164 156.521 0.648 1934
1075.204 156.641 0.649 1934
1075.244 156.720 0.649 1950
1075.284 156.800 0.649 1950
1075.324 156.919 0.649 1966
1075.364 156.999 0.649 1966
1075.404 157.118 0.649 1983
1075.404 157.238 0.649 1983
1075.444 157.357 0.649 1983
1075.444 157.477 0.649 1999
1075.484 157.676 0.649 1999
1075.484 157.795 0.649 1999
1075.524 157.875 0.649 2015
1075.524 157.994 0.650 2031
1075.564 158.113 0.650 2031
1075.564 158.233 0.650 2031
1075.604 158.352 0.649 2047
1075.644 158.472 0.650 2063
1075.644 158.591 0.650 2063
1075.684 158.711 0.649 2063
1075.684 158.830 0.650 2080
1075.724 158.989 0.650 2080
1075.724 159.109 0.649 2080
1075.765 159.228 0.650 2096
1075.765 159.387 0.650 2112
1075.805 159.507 0.650 2112
1075.805 159.626 0.650 2112
1075.925 159.746 0.650 2128
1075.925 159.905 0.650 2128
1075.965 159.984 0.650 2145
1075.965 160.144 0.650 2145
1075.965 160.223 0.650 2145
1076.005 160.343 0.650 2161
1076.005 160.422 0.650 2161
1076.045 160.542 0.650 2177
1076.045 160.661 0.650 2177
1076.085 160.741 0.650 2194
1076.085 160.821 0.650 2194
1076.085 160.940 0.650 2194
1076.085 161.059 0.650 2210
1076.085 161.139 0.650 2226
1076.085 161.258 0.651 2226
1076.045 161.338 0.650 2226
1076.045 161.457 0.651 2242
1076.045 161.577 0.651 2242
1076.045 161.656 0.651 2242
1076.005 161.776 0.651 2258
1076.005 161.855 0.651 2275
1076.005 161.975 0.651 2275
1075.965 162.094 0.651 2275
1075.965 162.174 0.651 2291
1075.965 162.293 0.651 2291
1075.965 162.373 0.651 2307
1075.965 162.453 0.651 2307
1075.925 162.532 0.651 2323
1075.925 162.652 0.651 2323
1075.925 162.771 0.651 2323
1075.885 162.851 0.651 2339
1075.845 162.970 0.651 2339
1075.845 163.090 0.651 2356
1075.765 163.209 0.651 2356
1075.765 163.328 0.651 2372
1075.724 163.408 0.651 2372
1075.684 163.527 0.652 2388
1075.684 163.647 0.651 2388
1075.684 163.727 0.651 2388
1075.684 163.806 0.652 2404
1075.644 163.926 0.652 2404
1075.644 164.005 0.652 2404
1075.644 164.085 0.652 2421
1075.644 164.204 0.652 2437
1075.644 164.284 0.652 2437
1075.604 164.443 0.652 2437
1075.604 164.523 0.652 2453
1075.604 164.602 0.652 2470
1075.564 164.682 0.652 2470
1075.524 164.762 0.652 2470
1075.524 164.841 0.652 2486
1075.484 164.961 0.652 2486
1075.444 165.040 0.652 2486
1075.444 165.160 0.652 2502
1075.404 165.279 0.651 2518
1075.364 165.398 0.652 2518
1075.284 165.478 0.652 2518
1075.284 165.598 0.651 2535
1075.244 165.717 0.652 2535
1075.204 165.836 0.652 2551
1075.164 165.956 0.652 2551
1075.124 166.035 0.652 2551
1075.124 166.155 0.652 2567
1075.083 166.234 0.652 2567
1075.043 166.354 0.652 2583
1075.003 166.473 0.652 2583
1074.963 166.633 0.652 2600
1074.923 166.712 0.653 2600
1074.883 166.832 0.652 2600
1074.843 166.951 0.653 2616
1074.803 167.070 0.653 2632
1074.763 167.190 0.652 2632
1074.723 167.309 0.653 2632
1074.683 167.429 0.653 2649
1074.643 167.508 0.653 2649
1074.603 167.628 0.653 2649
1074.522 167.747 0.653 2665
1074.482 167.867 0.653 2681
1074.442 167.986 0.653 2681
1074.402 168.145 0.653 2681
1074.322 168.265 0.653 2697
1074.282 168.424 0.653 2697
1074.242 168.543 0.653 2714
1074.162 168.663 0.652 2714
1074.162 168.822 0.653 2730
1074.122 168.941 0.653 2730
1074.082 169.061 0.652 2730
1074.042 169.180 0.653 2746
1073.962 169.260 0.653 2746
1073.922 169.379 0.653 2762
1073.881 169.459 0.653 2762
1073.841 169.578 0.653 2762
1073.801 169.658 0.653 2778
1073.721 169.777 0.653 2795
1073.681 169.857 0.653 2795
1073.641 169.976 0.653 2795
1073.561 170.056 0.653 2811
1073.521 170.175 0.653 2811
1073.481 170.255 0.653 2811
1073.401 170.375 0.653 2827
1073.361 170.454 0.654 2844
1073.321 170.574 0.653 2844
1073.281 170.653 0.653 2844
1073.240 170.733 0.654 2860
1073.200 170.812 0.654 2860
1073.200 170.932 0.653 2876
1073.160 171.011 0.653 2876
1073.120 171.091 0.653 2892
1073.080 171.250 0.653 2892
1073.040 171.330 0.654 2892
1073.000 171.449 0.653 2909
1072.960 171.529 0.653 2909
1072.920 171.648 0.654 2925
1072.880 171.768 0.653 2925
1072.840 171.847 0.653 2925
1072.800 171.967 0.653 2941
1072.800 172.086 0.653 2957
1072.760 172.206 0.654 2957
1072.679 172.285 0.653 2957
1072.679 172.405 0.654 2974
1072.639 172.484 0.653 2974
1072.599 172.604 0.653 2974
1072.559 172.683 0.653 2990
1072.519 172.803 0.654 3006
1072.479 172.882 0.654 3006
1072.479 173.002 0.653 3006
1072.439 173.121 0.654 3022
1072.399 173.241 0.654 3039
1072.319 173.320 0.654 3039
1072.279 173.480 0.653 3039
1072.239 173.599 0.653 3055
1072.199 173.718 0.653 3055
1072.159 173.798 0.653 3055
1072.119 173.917 0.653 3071
1072.038 173.997 0.653 3071
1071.998 174.116 0.653 3088
1071.918 174.236 0.653 3088
1071.878 174.355 0.654 3104
1071.798 174.475 0.653 3104
1071.758 174.594 0.653 3120
1071.718 174.753 0.653 3120
1071.638 174.873 0.653 3120
1071.598 174.992 0.653 3136
1071.558 175.112 0.654 3136
1071.518 175.231 0.653 3136
1071.478 175.351 0.653 3153
1071.437 175.430 0.653 3169
1071.397 175.550 0.653 3169
1071.357 175.669 0.653 3169
1071.317 175.788 0.654 3185
1071.277 175.908 0.653 3202
1071.237 176.027 0.654 3202
1071.197 176.147 0.654 3202
1071.157 176.226 0.653 3218
1071.117 176.346 0.654 3218
1071.077 176.465 0.654 3218
1071.037 176.545 0.654 3234
1070.997 176.624 0.654 3234
1070.917 176.744 0.654 3251
1070.876 176.823 0.654 3251
1070.836 176.943 0.654 3251
1070.796 177.062 0.653 3267
1070.756 177.142 0.654 3283
1070.716 177.261 0.654 3283
1070.676 177.341 0.654 3283
1070.636 177.460 0.655 3300
1070.596 177.540 0.654 3300
1070.556 177.659 0.654 3300
1070.516 177.739 0.654 3316
1070.436 177.858 0.653 3332
1070.396 178.018 0.654 3332
1070.356 178.097 0.654 3332
1070.316 178.217 0.653 3348
1070.276 178.296 0.653 3364
1070.235 178.416 0.654 3364
1070.195 178.535 0.654 3364
1070.115 178.655 0.654 3380
1070.075 178.734 0.654 3380
1069.995 178.854 0.653 3397
1069.955 178.973 0.654 3397
1069.915 179.053 0.654 3397
1069.835 179.172 0.655 3413
1069.795 179.252 0.654 3413
1069.795 179.371 0.654 3429
1069.755 179.491 0.654 3429
1069.714 179.610 0.654 3445
1069.674 179.690 0.654 3445
1069.674 179.809 0.654 3445
1069.594 179.889 0.654 3461
1069.554 180.008 0.654 3478
1069.554 180.128 0.654 3478
1069.514 180.207 0.654 3478
1069.474 180.366 0.654 3494
1069.434 180.446 0.654 3494
1069.434 180.565 0.654 3494
1069.394 180.685 0.654 3511
1069.394 180.764 0.654 3527
1069.354 180.884 0.654 3527
1069.314 181.003 0.654 3527
1069.314 181.083 0.654 3543
1069.274 181.202 0.654 3543
1069.234 181.282 0.654 3559
1069.194 181.401 0.655 3559
1069.154 181.481 0.654 3576
1069.114 181.600 0.655 3576
1069.073 181.720 0.654 3576
1069.033 181.839 0.654 3592
1068.993 181.919 0.654 3592
1068.993 181.999 0.655 3608
1068.913 182.078 0.654 3608
1068.873 182.158 0.654 3608
1068.873 182.237 0.654 3624
1068.833 182.317 0.654 3641
1068.793 182.397 0.654 3641
1068.793 182.476 0.654 3641
1068.753 182.635 0.654 3657
1068.753 182.715 0.654 3657
1068.673 182.795 0.654 3657
1068.633 182.874 0.654 3673
1068.633 182.994 0.654 3690
1068.593 183.073 0.654 3690
1068.593 183.193 0.654 3690
1068.553 183.312 0.654 3706
1068.513 183.392 0.654 3706
1068.513 183.511 0.654 3722
1068.473 183.591 0.654 3722
1068.473 183.671 0.654 3739
1068.473 183.750 0.655 3739
1068.432 183.790 0.654 3739
1068.392 183.870 0.654 3755
1068.392 183.949 0.655 3755
1068.352 184.069 0.654 3771
1068.312 184.148 0.654 3771
1068.312 184.228 0.654 3771
1068.272 184.307 0.654 3787
1068.232 184.387 0.655 3803
1068.232 184.467 0.654 3803
1068.232 184.546 0.654 3803
1068.192 184.586 0.655 3820
1068.192 184.626 0.654 3820
1068.152 184.705 0.654 3820
1068.152 184.745 0.655 3836
1068.152 184.785 0.655 3852
1068.112 184.865 0.655 3852
1068.112 184.905 0.655 3852
1068.112 184.944 0.654 3869
1068.112 184.984 0.655 3869
1068.112 184.984 0.654 3885
1068.112 185.024 0.654 3885
1068.112 185.064 0.654 3902
1068.112 185.104 0.654 3902
1068.112 185.143 0.654 3918
1068.072 185.183 0.654 3918
1068.072 185.223 0.654 3934
1068.072 185.223 0.655 3934
1068.112 185.223 0.655 3934
1068.112 185.223 0.654 3962
1068.152 185.223 0.655 3962
1068.232 185.223 0.654 3979
1068.352 185.104 0.640 3995
1068.432 184.905 0.601 3995
1068.553 184.586 0.509 3995
1068.633 184.228 0.341 4011

% x_coordinate y_coordinate pressure time
% shape 2, 705 points
1075.724 163.647 0.054 0
1075.765 163.647 0.085 0
1075.765 163.647 0.112 16
1075.805 163.647 0.146 32
1075.845 163.647 0.179 32
1075.885 163.647 0.202 33
1075.925 163.647 0.221 49
1076.005 163.647 0.239 65
1076.085 163.607 0.259 65
1076.165 163.488 0.279 65
1076.205 163.448 0.297 81
1076.286 163.328 0.312 81
1076.366 163.249 0.326 81
1076.406 163.129 0.337 97
1076.486 163.050 0.350 97
1076.566 162.891 0.362 113
1076.646 162.731 0.374 113
1076.726 162.572 0.386 129
1076.846 162.373 0.397 129
1076.967 162.174 0.410 145
1077.087 161.895 0.420 145
1077.087 161.656 0.430 145
1077.207 161.418 0.440 161
1077.327 161.179 0.449 161
1077.447 160.940 0.457 177
1077.568 160.741 0.464 177
1077.688 160.542 0.471 193
1077.808 160.303 0.478 193
1077.928 160.104 0.484 193
1078.048 159.905 0.489 209
1078.249 159.666 0.492 226
1078.409 159.467 0.496 226
1078.569 159.268 0.498 226
1078.730 159.109 0.500 242
1078.850 158.910 0.502 242
1079.010 158.711 0.505 242
1079.170 158.512 0.509 258
1079.291 158.352 0.512 274
1079.451 158.153 0.515 274
1079.571 157.994 0.518 274
1079.731 157.835 0.521 290
1079.891 157.636 0.523 290
1080.052 157.437 0.525 307
1080.212 157.278 0.526 307
1080.372 157.079 0.528 323
1080.573 156.879 0.529 323
1080.813 156.680 0.531 339
1081.013 156.481 0.534 339
1081.214 156.282 0.537 339
1081.374 156.123 0.539 355
1081.574 155.964 0.542 355
1081.735 155.805 0.543 355
1081.855 155.685 0.545 371
1081.975 155.526 0.548 387
1082.095 155.407 0.549 387
1082.215 155.287 0.552 387
1082.295 155.128 0.553 404
1082.416 155.008 0.555 420
1082.496 154.929 0.556 420
1082.576 154.809 0.558 420
1082.616 154.690 0.559 436
1082.696 154.610 0.560 436
1082.776 154.531 0.561 452
1082.856 154.411 0.561 452
1082.937 154.332 0.561 452
1083.057 154.212 0.562 468
1083.137 154.133 0.562 468
1083.297 154.013 0.563 468
1083.417 153.894 0.563 485
1083.498 153.814 0.564 501
1083.618 153.735 0.565 501
1083.738 153.655 0.566 501
1083.858 153.536 0.566 517
1083.978 153.496 0.567 533
1084.099 153.416 0.567 533
1084.219 153.337 0.568 533
1084.339 153.257 0.568 549
1084.499 153.217 0.569 549
1084.619 153.137 0.570 549
1084.740 153.098 0.571 566
1084.900 153.058 0.573 582
1085.020 152.978 0.575 582
1085.140 152.859 0.578 582
1085.260 152.819 0.579 598
1085.381 152.739 0.580 598
1085.501 152.700 0.581 614
1085.581 152.620 0.582 614
1085.701 152.580 0.582 614
1085.821 152.540 0.583 630
1085.901 152.501 0.584 630
1086.022 152.461 0.584 647
1086.102 152.421 0.585 647
1086.262 152.381 0.585 663
1086.342 152.341 0.586 663
1086.382 152.262 0.586 663
1086.463 152.222 0.587 679
1086.543 152.182 0.587 695
1086.623 152.142 0.587 695
1086.703 152.102 0.587 695
1086.823 152.063 0.587 711
1086.943 152.023 0.587 711
1087.063 151.983 0.588 711
1087.184 151.943 0.588 727
1087.304 151.864 0.588 743
1087.424 151.824 0.588 743
1087.544 151.744 0.588 743
1087.664 151.704 0.589 760
1087.745 151.625 0.589 776
1087.865 151.585 0.589 776
1087.985 151.505 0.589 776
1088.105 151.466 0.590 792
1088.185 151.386 0.591 792
1088.306 151.346 0.592 792
1088.426 151.306 0.593 808
1088.546 151.227 0.594 808
1088.666 151.187 0.595 824
1088.786 151.147 0.596 824
1088.906 151.107 0.596 840
1088.987 151.107 0.597 840
1089.067 151.067 0.597 857
1089.147 150.988 0.598 857
1089.267 150.988 0.600 857
1089.387 150.908 0.600 873
1089.508 150.908 0.601 873
1089.588 150.829 0.602 873
1089.708 150.789 0.603 889
1089.828 150.789 0.603 906
1089.948 150.749 0.603 906
1090.068 150.709 0.604 906
1090.189 150.709 0.605 922
1090.269 150.709 0.606 938
1090.389 150.709 0.606 938
1090.469 150.709 0.607 938
1090.589 150.709 0.606 954
1090.669 150.709 0.608 954
1090.790 150.709 0.609 954
1090.910 150.709 0.608 970
1090.990 150.709 0.609 987
1091.070 150.709 0.610 987
1091.150 150.709 0.611 987
1091.230 150.709 0.612 1003
1091.311 150.709 0.613 1003
1091.391 150.709 0.613 1019
1091.471 150.709 0.616 1019
1091.551 150.709 0.617 1019
1091.671 150.709 0.618 1035
1091.751 150.709 0.619 1035
1091.871 150.709 0.620 1052
1091.992 150.709 0.620 1052
1092.072 150.709 0.622 1068
1092.192 150.709 0.623 1068
1092.272 150.709 0.623 1068
1092.352 150.709 0.624 1084
1092.472 150.709 0.624 1101
1092.553 150.749 0.626 1101
1092.633 150.749 0.626 1101
1092.713 150.789 0.627 1117
1092.833 150.829 0.628 1117
1092.953 150.829 0.627 1117
1093.073 150.868 0.628 1133
1093.154 150.868 0.628 1149
1093.274 150.868 0.629 1149
1093.394 150.908 0.630 1149
1093.474 150.908 0.630 1166
1093.594 150.908 0.631 1166
1093.714 150.908 0.631 1182
1093.835 150.948 0.633 1182
1093.915 150.948 0.634 1182
1094.035 150.988 0.635 1198
1094.115 150.988 0.636 1198
1094.235 151.028 0.637 1214
1094.316 151.028 0.638 1214
1094.436 151.067 0.640 1230
1094.516 151.067 0.642 1230
1094.596 151.107 0.644 1230
1094.676 151.107 0.645 1247
1094.756 151.147 0.647 1263
1094.836 151.187 0.648 1263
1094.876 151.227 0.649 1263
1094.957 151.266 0.650 1279
1095.037 151.306 0.650 1279
1095.117 151.386 0.650 1279
1095.197 151.426 0.651 1295
1095.277 151.505 0.651 1311
1095.397 151.585 0.651 1311
1095.477 151.625 0.651 1311
1095.558 151.665 0.652 1327
1095.638 151.704 0.652 1327
1095.718 151.784 0.652 1344
1095.838 151.824 0.652 1344
1095.878 151.864 0.652 1360
1095.998 151.903 0.652 1360
1096.078 151.983 0.653 1376
1096.159 152.023 0.653 1376
1096.239 152.063 0.653 1376
1096.319 152.102 0.653 1392
1096.399 152.182 0.653 1392
1096.479 152.182 0.654 1392
1096.559 152.222 0.654 1408
1096.679 152.262 0.655 1424
1096.760 152.302 0.655 1424
1096.840 152.381 0.655 1424
1096.960 152.421 0.656 1440
1097.040 152.501 0.656 1456
1097.160 152.540 0.656 1456
1097.200 152.620 0.657 1456
1097.361 152.739 0.657 1472
1097.441 152.859 0.657 1472
1097.521 152.938 0.658 1472
1097.641 153.018 0.659 1488
1097.721 153.098 0.660 1505
1097.801 153.177 0.661 1505
1097.881 153.257 0.662 1505
1097.962 153.297 0.664 1521
1098.042 153.376 0.665 1521
1098.122 153.456 0.667 1537
1098.202 153.536 0.669 1537
1098.242 153.655 0.670 1537
1098.322 153.735 0.671 1553
1098.362 153.854 0.674 1569
1098.442 153.934 0.674 1569
1098.522 154.053 0.674 1569
1098.563 154.133 0.675 1585
1098.643 154.252 0.676 1585
1098.723 154.332 0.676 1585
1098.803 154.451 0.678 1601
1098.843 154.531 0.679 1617
1098.923 154.650 0.679 1617
1098.963 154.730 0.680 1617
1099.043 154.849 0.681 1633
1099.083 155.008 0.681 1633
1099.164 155.088 0.682 1649
1099.204 155.208 0.682 1649
1099.244 155.327 0.683 1665
1099.324 155.407 0.684 1665
1099.364 155.526 0.683 1681
1099.404 155.645 0.684 1681
1099.484 155.725 0.684 1681
1099.524 155.844 0.684 1698
1099.564 155.964 0.685 1698
1099.604 156.083 0.685 1698
1099.644 156.203 0.685 1714
1099.684 156.322 0.685 1730
1099.684 156.442 0.686 1730
1099.765 156.561 0.686 1730
1099.765 156.720 0.686 1746
1099.885 156.840 0.686 1762
1099.925 156.959 0.686 1762
1099.925 157.079 0.687 1762
1099.965 157.238 0.687 1778
1099.965 157.357 0.687 1778
1100.005 157.477 0.687 1778
1100.005 157.596 0.687 1794
1100.045 157.715 0.688 1810
1100.045 157.795 0.688 1810
1100.045 157.875 0.687 1810
1100.085 157.994 0.688 1826
1100.085 158.074 0.688 1826
1100.085 158.193 0.688 1842
1100.045 158.273 0.688 1842
1100.045 158.432 0.688 1842
1100.045 158.551 0.688 1858
1100.045 158.671 0.689 1874
1100.005 158.790 0.689 1874
1100.005 158.950 0.689 1874
1100.005 159.069 0.689 1890
1099.965 159.228 0.689 1890
1099.965 159.348 0.689 1890
1099.925 159.507 0.689 1906
1099.925 159.626 0.689 1923
1099.925 159.746 0.690 1923
1099.925 159.865 0.689 1923
1099.925 159.984 0.690 1939
1099.925 160.064 0.690 1939
1099.925 160.144 0.689 1955
1099.925 160.263 0.690 1955
1099.925 160.343 0.690 1955
1099.925 160.422 0.690 1971
1099.925 160.542 0.690 1987
1099.925 160.621 0.690 1987
1099.925 160.741 0.690 1987
1099.925 160.821 0.690 2003
1099.925 160.940 0.690 2003
1099.885 161.059 0.690 2003
1099.885 161.179 0.691 2019
1099.885 161.258 0.691 2035
1099.885 161.378 0.690 2035
1099.885 161.497 0.691 2035
1099.845 161.577 0.691 2051
1099.845 161.736 0.691 2067
1099.845 161.816 0.691 2067
1099.845 161.895 0.691 2067
1099.845 161.975 0.691 2083
1099.845 162.015 0.691 2083
1099.845 162.134 0.691 2083
1099.845 162.214 0.691 2100
1099.805 162.293 0.691 2116
1099.805 162.413 0.691 2116
1099.805 162.492 0.691 2116
1099.805 162.612 0.691 2132
1099.765 162.691 0.691 2132
1099.765 162.771 0.691 2148
1099.765 162.851 0.691 2148
1099.765 162.930 0.691 2164
1099.765 163.050 0.691 2164
1099.765 163.129 0.691 2164
1099.725 163.209 0.691 2180
1099.725 163.328 0.691 2180
1099.725 163.408 0.691 2196
1099.684 163.527 0.691 2196
1099.684 163.607 0.692 2212
1099.684 163.687 0.691 2212
1099.684 163.806 0.691 2228
1099.644 163.886 0.691 2228
1099.644 164.045 0.691 2228
1099.644 164.164 0.692 2244
1099.604 164.284 0.692 2244
1099.604 164.403 0.692 2244
1099.564 164.483 0.692 2260
1099.564 164.602 0.692 2276
1099.524 164.682 0.692 2276
1099.484 164.762 0.692 2276
1099.444 164.881 0.692 2292
1099.444 164.961 0.692 2309
1099.404 165.080 0.692 2309
1099.364 165.199 0.692 2309
1099.324 165.319 0.692 2325
1099.284 165.398 0.692 2325
1099.244 165.518 0.692 2325
1099.204 165.637 0.692 2341
1099.164 165.717 0.692 2357
1099.124 165.836 0.692 2357
1099.083 165.956 0.693 2357
1099.043 166.035 0.692 2373
1099.043 166.155 0.693 2373
1098.963 166.274 0.693 2389
1098.923 166.394 0.693 2389
1098.923 166.473 0.692 2389
1098.883 166.593 0.692 2405
1098.883 166.672 0.692 2421
1098.843 166.792 0.692 2421
1098.803 166.911 0.693 2421
1098.803 167.031 0.692 2437
1098.763 167.110 0.693 2437
1098.723 167.230 0.693 2437
1098.683 167.389 0.693 2453
1098.643 167.508 0.693 2469
1098.603 167.628 0.693 2469
1098.563 167.747 0.693 2469
1098.522 167.827 0.693 2486
1098.482 167.946 0.693 2502
1098.442 168.066 0.693 2502
1098.402 168.185 0.693 2502
1098.362 168.304 0.692 2518
1098.362 168.424 0.693 2518
1098.322 168.583 0.693 2518
1098.282 168.703 0.692 2534
1098.242 168.822 0.693 2534
1098.202 168.941 0.693 2550
1098.162 169.061 0.693 2550
1098.082 169.180 0.693 2566
1098.042 169.260 0.693 2566
1098.002 169.379 0.693 2582
1097.922 169.459 0.693 2582
1097.881 169.578 0.693 2582
1097.841 169.698 0.693 2598
1097.801 169.817 0.693 2598
1097.721 169.937 0.693 2614
1097.681 170.016 0.693 2614
1097.601 170.136 0.693 2630
1097.561 170.255 0.693 2630
1097.521 170.375 0.693 2630
1097.481 170.454 0.693 2646
1097.441 170.574 0.693 2663
1097.401 170.693 0.694 2663
1097.361 170.812 0.693 2663
1097.361 170.892 0.693 2679
1097.321 171.011 0.693 2679
1097.281 171.091 0.693 2679
1097.200 171.210 0.693 2695
1097.160 171.290 0.693 2711
1097.120 171.409 0.693 2711
1097.040 171.489 0.693 2711
1097.000 171.609 0.694 2727
1096.960 171.728 0.693 2727
1096.920 171.847 0.693 2743
1096.840 171.927 0.694 2743
1096.800 172.046 0.694 2759
1096.760 172.126 0.694 2759
1096.679 172.246 0.694 2775
1096.639 172.325 0.693 2775
1096.599 172.405 0.694 2775
1096.599 172.524 0.694 2791
1096.519 172.604 0.694 2791
1096.479 172.723 0.694 2791
1096.439 172.803 0.694 2807
1096.399 172.882 0.694 2824
1096.319 172.962 0.694 2824
1096.279 173.081 0.694 2824
1096.279 173.161 0.694 2840
1096.239 173.280 0.694 2856
1096.239 173.360 0.694 2856
1096.199 173.440 0.693 2856
1096.159 173.559 0.693 2872
1096.119 173.639 0.693 2872
1096.078 173.718 0.694 2872
1096.038 173.798 0.694 2888
1095.998 173.878 0.694 2904
1095.998 173.957 0.694 2904
1095.958 174.037 0.694 2904
1095.918 174.116 0.694 2920
1095.878 174.196 0.694 2920
1095.878 174.276 0.694 2936
1095.878 174.355 0.694 2936
1095.838 174.435 0.694 2936
1095.838 174.515 0.694 2952
1095.798 174.594 0.694 2952
1095.798 174.674 0.694 2968
1095.758 174.753 0.694 2968
1095.758 174.833 0.694 2984
1095.718 174.913 0.694 2984
1095.718 175.032 0.694 2984
1095.678 175.112 0.695 3001
1095.678 175.231 0.694 3017
1095.638 175.390 0.695 3017
1095.638 175.470 0.695 3017
1095.598 175.589 0.695 3033
1095.598 175.709 0.695 3049
1095.558 175.788 0.695 3049
1095.517 175.868 0.695 3049
1095.517 175.987 0.695 3065
1095.437 176.107 0.695 3065
1095.437 176.226 0.695 3065
1095.397 176.346 0.695 3081
1095.397 176.465 0.695 3097
1095.357 176.585 0.695 3097
1095.357 176.664 0.695 3097
1095.357 176.784 0.695 3113
1095.317 176.903 0.695 3113
1095.317 176.983 0.696 3129
1095.317 177.102 0.695 3129
1095.317 177.182 0.695 3129
1095.317 177.301 0.695 3145
1095.317 177.381 0.695 3145
1095.317 177.460 0.695 3162
1095.357 177.580 0.695 3162
1095.357 177.699 0.696 3178
1095.357 177.819 0.696 3178
1095.357 177.898 0.695 3178
1095.357 178.018 0.695 3194
1095.357 178.097 0.696 3210
1095.357 178.217 0.696 3210
1095.357 178.296 0.696 3210
1095.357 178.376 0.696 3226
1095.357 178.495 0.696 3226
1095.397 178.575 0.696 3226
1095.397 178.655 0.696 3242
1095.397 178.734 0.696 3259
1095.397 178.814 0.696 3259
1095.437 178.893 0.696 3259
1095.437 178.973 0.696 3275
1095.437 179.053 0.695 3275
1095.477 179.132 0.696 3291
1095.477 179.212 0.695 3291
1095.517 179.292 0.696 3307
1095.517 179.371 0.696 3307
1095.558 179.491 0.695 3307
1095.558 179.570 0.696 3323
1095.598 179.650 0.696 3323
1095.638 179.729 0.696 3339
1095.638 179.809 0.696 3339
1095.678 179.968 0.696 3339
1095.678 180.048 0.696 3355
1095.678 180.167 0.696 3371
1095.718 180.247 0.696 3371
1095.758 180.366 0.696 3371
1095.758 180.446 0.696 3387
1095.798 180.526 0.696 3403
1095.838 180.645 0.696 3403
1095.838 180.725 0.696 3403
1095.878 180.804 0.696 3419
1095.918 180.924 0.697 3419
1095.918 181.003 0.696 3419
1095.958 181.083 0.696 3435
1095.998 181.202 0.696 3451
1096.038 181.242 0.697 3451
1096.078 181.362 0.697 3451
1096.119 181.401 0.698 3467
1096.159 181.481 0.698 3467
1096.239 181.561 0.699 3483
1096.279 181.640 0.699 3483
1096.319 181.760 0.700 3483
1096.359 181.839 0.700 3499
1096.399 181.879 0.700 3515
1096.479 181.959 0.701 3515
1096.519 182.038 0.701 3515
1096.559 182.158 0.702 3531
1096.639 182.198 0.702 3531
1096.679 182.277 0.702 3531
1096.760 182.357 0.702 3547
1096.840 182.397 0.703 3563
1096.920 182.476 0.703 3563
1097.000 182.516 0.702 3563
1097.080 182.635 0.703 3579
1097.120 182.675 0.704 3595
1097.200 182.755 0.704 3595
1097.281 182.834 0.705 3595
1097.361 182.914 0.705 3611
1097.441 182.954 0.705 3611
1097.521 183.034 0.706 3611
1097.601 183.113 0.706 3627
1097.681 183.233 0.706 3627
1097.761 183.312 0.707 3643
1097.881 183.392 0.707 3643
1097.962 183.471 0.707 3659
1098.082 183.551 0.707 3659
1098.202 183.591 0.707 3675
1098.282 183.671 0.707 3675
1098.362 183.710 0.708 3675
1098.482 183.750 0.707 3691
1098.643 183.790 0.707 3707
1098.723 183.830 0.708 3707
1098.843 183.870 0.708 3707
1098.843 183.909 0.708 3723
1098.963 183.949 0.709 3723
1099.083 184.029 0.709 3723
1099.204 184.069 0.709 3739
1099.324 184.148 0.709 3756
1099.404 184.228 0.709 3756
1099.484 184.307 0.710 3756
1099.604 184.387 0.710 3772
1099.684 184.467 0.710 3772
1099.765 184.546 0.710 3788
1099.885 184.586 0.710 3788
1100.005 184.626 0.710 3804
1100.125 184.666 0.711 3804
1100.245 184.705 0.711 3804
1100.326 184.745 0.711 3820
1100.446 184.785 0.711 3820
1100.566 184.825 0.711 3836
1100.726 184.865 0.712 3836
1100.846 184.905 0.712 3852
1100.967 184.944 0.712 3852
1101.087 184.984 0.712 3868
1101.207 185.024 0.712 3868
1101.327 185.104 0.712 3868
1101.447 185.143 0.713 3884
1101.527 185.183 0.713 3900
1101.648 185.223 0.713 3900
1101.808 185.263 0.713 3900
1101.928 185.303 0.713 3916
1102.048 185.303 0.713 3916
1102.169 185.342 0.713 3916
1102.289 185.382 0.713 3932
1102.449 185.382 0.713 3949
1102.569 185.422 0.714 3949
1102.730 185.422 0.713 3949
1102.890 185.462 0.714 3965
1103.050 185.462 0.714 3965
1103.210 185.462 0.714 3981
1103.331 185.502 0.714 3981
1103.491 185.502 0.714 3981
1103.611 185.542 0.714 3997
1103.731 185.542 0.714 4013
1103.891 185.621 0.714 4013
1104.012 185.661 0.714 4013
1104.132 185.661 0.714 4029
1104.252 185.701 0.714 4029
1104.412 185.701 0.714 4029
1104.573 185.741 0.714 4045
1104.733 185.741 0.714 4061
1104.893 185.741 0.714 4061
1105.053 185.741 0.715 4061
1105.174 185.741 0.715 4077
1105.334 185.741 0.715 4077
1105.494 185.741 0.715 4093
1105.614 185.741 0.715 4093
1105.775 185.741 0.716 4093
1105.895 185.741 0.715 4109
1106.055 185.741 0.716 4126
1106.215 185.741 0.716 4126
1106.376 185.741 0.716 4126
1106.536 185.741 0.716 4143
1106.696 185.741 0.716 4143
1106.896 185.741 0.716 4143
1107.057 185.741 0.716 4159
1107.217 185.701 0.716 4175
1107.377 185.701 0.716 4175
1107.538 185.661 0.716 4175
1107.698 185.621 0.716 4191
1107.818 185.581 0.716 4207
1108.018 185.581 0.716 4207
1108.139 185.542 0.717 4207
1108.299 185.542 0.717 4223
1108.459 185.502 0.717 4223
1108.619 185.462 0.717 4223
1108.780 185.422 0.717 4239
1108.900 185.382 0.717 4256
1109.100 185.382 0.717 4256
1109.220 185.342 0.717 4256
1109.381 185.342 0.717 4272
1109.541 185.342 0.717 4272
1109.701 185.303 0.717 4288
1109.821 185.303 0.717 4288
1109.982 185.263 0.717 4288
1110.142 185.223 0.717 4304
1110.342 185.183 0.717 4320
1110.503 185.104 0.717 4320
1110.703 185.024 0.717 4320
1110.863 184.984 0.717 4336
1111.023 184.944 0.717 4336
1111.184 184.865 0.717 4336
1111.384 184.825 0.717 4352
1111.504 184.785 0.717 4352
1111.664 184.705 0.717 4368
1111.825 184.666 0.717 4368
1111.985 184.586 0.717 4384
1112.185 184.546 0.717 4384
1112.306 184.467 0.717 4400
1112.466 184.427 0.717 4400
1112.626 184.347 0.717 4400
1112.786 184.307 0.717 4416
1112.947 184.268 0.717 4416
1113.107 184.228 0.717 4433
1113.267 184.188 0.717 4433
1113.387 184.069 0.717 4449
1113.588 183.989 0.717 4449
1113.748 183.949 0.717 4449
1113.868 183.870 0.717 4465
1114.028 183.750 0.717 4481
1114.149 183.671 0.717 4481
1114.309 183.551 0.718 4481
1114.429 183.471 0.717 4497
1114.589 183.352 0.718 4497
1114.709 183.233 0.718 4497
1114.830 183.113 0.718 4513
1114.990 182.994 0.718 4529
1115.110 182.874 0.719 4529
1115.271 182.755 0.719 4529
1115.391 182.635 0.719 4545
1115.511 182.556 0.718 4561
1115.631 182.476 0.718 4561
1115.751 182.397 0.719 4561
1115.871 182.317 0.719 4577
1115.992 182.237 0.719 4577
1116.112 182.118 0.718 4577
1116.232 182.038 0.718 4593
1116.352 181.959 0.719 4609
1116.472 181.799 0.719 4609
1116.593 181.720 0.718 4609
1116.673 181.640 0.719 4626
1116.753 181.521 0.720 4626
1116.873 181.441 0.720 4642
1116.953 181.401 0.720 4642
1116.993 181.322 0.719 4658
1117.073 181.242 0.720 4658
1117.154 181.163 0.720 4658
1117.274 181.083 0.719 4674
1117.354 181.003 0.720 4674
1117.434 180.924 0.720 4690
1117.554 180.804 0.720 4690
1117.634 180.725 0.720 4690
1117.714 180.605 0.720 4706
1117.795 180.526 0.720 4722
1117.915 180.406 0.720 4722
1117.995 180.287 0.720 4722
1118.075 180.167 0.720 4738
1118.195 180.048 0.720 4754
1118.276 179.968 0.720 4754
1118.396 179.849 0.720 4754
1118.476 179.729 0.721 4770
1118.556 179.610 0.720 4770
1118.636 179.491 0.720 4770
1118.716 179.371 0.721 4787
1118.756 179.252 0.720 4787
1118.836 179.172 0.720 4803
1118.957 179.053 0.721 4803
1119.037 178.973 0.720 4803
1119.117 178.893 0.720 4819
1119.157 178.814 0.720 4835
1119.237 178.734 0.721 4835
1119.317 178.655 0.721 4835
1119.357 178.575 0.721 4851
1119.437 178.495 0.721 4851
1119.517 178.456 0.721 4851
1119.598 178.376 0.720 4867
1119.678 178.296 0.720 4883
1119.758 178.177 0.721 4883
1119.838 178.097 0.720 4883
1119.918 178.018 0.720 4899
1119.958 177.938 0.721 4915
1120.038 177.858 0.720 4915
1120.119 177.779 0.720 4915
1120.159 177.699 0.721 4931
1120.239 177.620 0.720 4931
1120.279 177.540 0.720 4948
1120.359 177.421 0.721 4948
1120.439 177.341 0.721 4964
1120.519 177.182 0.721 4964
1120.599 177.102 0.721 4964
1120.680 176.943 0.717 4980
1120.760 176.784 0.703 4980
1120.840 176.585 0.664 4996
1120.920 176.266 0.568 4996
1121.160 175.788 0.396 4996

