% x_coordinate y_coordinate pressure time
% shape 0, 739 points
734.997 278.534 0.031 0
734.997 278.494 0.053 0
735.037 278.454 0.065 17
735.077 278.454 0.082 18
735.157 278.374 0.101 19
735.197 278.335 0.123 33
735.277 278.335 0.142 49
735.317 278.295 0.158 49
735.357 278.295 0.174 49
735.397 278.255 0.186 65
735.397 278.255 0.198 65
735.397 278.255 0.208 65
735.397 278.255 0.217 82
735.397 278.255 0.225 82
735.397 278.255 0.234 98
735.397 278.255 0.241 98
735.397 278.255 0.250 114
735.397 278.255 0.263 114
735.397 278.255 0.279 130
735.397 278.255 0.295 130
735.397 278.295 0.311 130
735.357 278.295 0.327 146
735.317 278.335 0.344 146
735.277 278.335 0.357 163
735.237 278.374 0.370 163
735.237 278.374 0.382 179
735.197 278.454 0.392 179
735.197 278.454 0.400 179
735.157 278.494 0.410 195
735.157 278.494 0.418 211
735.157 278.573 0.426 211
735.117 278.613 0.435 211
735.117 278.653 0.443 227
735.077 278.733 0.450 227
735.037 278.812 0.455 227
734.957 278.932 0.459 244
734.917 279.051 0.463 260
734.836 279.131 0.466 260
734.796 279.250 0.470 260
734.716 279.330 0.474 276
734.676 279.410 0.479 276
734.596 279.489 0.485 293
734.556 279.569 0.491 293
734.516 279.609 0.496 309
734.476 279.688 0.499 309
734.436 279.768 0.501 309
734.396 279.847 0.504 325
734.356 279.927 0.505 325
734.316 280.046 0.507 341
734.276 280.166 0.509 341
734.235 280.285 0.509 341
734.195 280.405 0.511 358
734.115 280.564 0.512 374
734.075 280.683 0.513 374
734.035 280.882 0.515 374
733.995 281.002 0.516 390
733.995 281.121 0.519 390
733.955 281.241 0.522 390
733.955 281.360 0.523 407
733.955 281.480 0.524 423
733.915 281.559 0.525 423
733.915 281.679 0.526 423
733.915 281.758 0.527 439
733.915 281.878 0.528 439
733.915 281.957 0.528 455
733.915 282.077 0.529 455
733.915 282.196 0.530 472
733.915 282.315 0.531 472
733.915 282.395 0.532 472
733.915 282.515 0.533 488
733.915 282.634 0.534 488
733.915 282.714 0.535 504
733.915 282.793 0.536 504
733.915 282.913 0.537 504
733.915 283.032 0.538 520
733.915 283.191 0.539 537
733.915 283.271 0.539 537
733.915 283.390 0.540 537
733.915 283.510 0.541 553
733.915 283.629 0.542 553
733.915 283.749 0.543 553
733.915 283.828 0.543 569
733.915 283.948 0.544 585
733.915 284.067 0.545 585
733.915 284.147 0.546 585
733.915 284.226 0.547 602
733.915 284.346 0.549 618
733.915 284.425 0.551 618
733.955 284.545 0.553 618
733.955 284.664 0.555 634
733.955 284.784 0.557 634
733.955 284.903 0.558 634
733.995 285.022 0.559 650
733.995 285.102 0.560 650
733.995 285.221 0.561 666
734.035 285.301 0.562 666
734.075 285.421 0.563 666
734.115 285.500 0.563 683
734.155 285.580 0.564 699
734.235 285.659 0.566 699
734.276 285.739 0.567 699
734.316 285.858 0.568 715
734.356 285.938 0.570 715
734.396 286.018 0.570 715
734.436 286.097 0.571 731
734.516 286.217 0.572 748
734.556 286.296 0.572 748
734.596 286.416 0.573 748
734.676 286.495 0.573 764
734.716 286.615 0.574 780
734.796 286.694 0.574 780
734.876 286.774 0.574 780
734.917 286.893 0.575 796
734.997 286.973 0.576 796
735.037 287.053 0.577 796
735.117 287.172 0.577 812
735.197 287.252 0.578 812
735.237 287.331 0.578 828
735.317 287.411 0.579 828
735.397 287.530 0.580 845
735.477 287.610 0.580 845
735.558 287.729 0.581 861
735.638 287.849 0.581 861
735.718 287.889 0.582 861
735.798 287.968 0.583 878
735.878 288.088 0.583 878
735.958 288.128 0.584 878
736.038 288.247 0.585 894
736.119 288.327 0.585 910
736.199 288.406 0.586 910
736.279 288.446 0.586 910
736.399 288.526 0.586 926
736.479 288.565 0.585 943
736.599 288.605 0.584 943
736.760 288.685 0.585 943
736.880 288.725 0.586 959
737.000 288.764 0.587 959
737.120 288.804 0.587 959
737.240 288.844 0.589 975
737.361 288.884 0.591 992
737.481 288.924 0.592 992
737.601 288.964 0.594 992
737.721 288.964 0.595 1008
737.801 289.003 0.596 1008
737.881 289.043 0.598 1024
737.962 289.083 0.598 1024
738.042 289.123 0.599 1024
738.162 289.163 0.599 1041
738.242 289.163 0.599 1041
738.322 289.202 0.600 1041
738.442 289.202 0.600 1057
738.523 289.242 0.600 1073
738.603 289.242 0.602 1073
738.723 289.242 0.603 1073
738.803 289.282 0.604 1089
738.883 289.282 0.605 1106
738.963 289.322 0.606 1106
739.043 289.322 0.606 1106
739.164 289.362 0.607 1122
739.284 289.362 0.607 1122
739.404 289.401 0.607 1122
739.524 289.401 0.608 1138
739.684 289.441 0.608 1154
739.805 289.441 0.608 1154
739.965 289.441 0.609 1154
740.125 289.441 0.608 1170
740.245 289.441 0.610 1170
740.406 289.441 0.609 1187
740.606 289.481 0.610 1187
740.726 289.481 0.611 1203
740.846 289.481 0.611 1203
741.007 289.481 0.611 1203
741.127 289.481 0.611 1219
741.247 289.521 0.611 1219
741.367 289.521 0.612 1235
741.528 289.521 0.612 1235
741.648 289.521 0.612 1235
741.768 289.521 0.612 1252
741.888 289.521 0.612 1268
742.008 289.521 0.611 1268
742.089 289.521 0.612 1268
742.209 289.521 0.612 1284
742.289 289.521 0.612 1284
742.369 289.521 0.613 1284
742.449 289.521 0.613 1300
742.529 289.521 0.613 1317
742.609 289.521 0.613 1317
742.689 289.521 0.613 1317
742.810 289.521 0.614 1333
742.930 289.521 0.614 1333
743.050 289.521 0.613 1349
743.170 289.521 0.613 1349
743.250 289.521 0.614 1365
743.411 289.521 0.613 1365
743.571 289.521 0.614 1381
743.691 289.521 0.614 1381
743.851 289.521 0.614 1381
743.972 289.521 0.614 1398
744.132 289.521 0.614 1398
744.292 289.521 0.614 1398
744.412 289.521 0.614 1414
744.533 289.521 0.614 1430
744.653 289.481 0.614 1430
744.773 289.441 0.615 1430
744.893 289.441 0.615 1447
745.013 289.401 0.615 1463
745.093 289.401 0.616 1463
745.214 289.362 0.615 1463
745.334 289.322 0.615 1479
745.454 289.282 0.614 1479
745.574 289.242 0.614 1479
745.695 289.163 0.614 1496
745.815 289.123 0.614 1496
745.935 289.043 0.614 1512
746.055 289.003 0.614 1512
746.175 288.964 0.615 1512
746.295 288.884 0.615 1528
746.416 288.844 0.616 1545
746.536 288.804 0.616 1545
746.696 288.764 0.615 1545
746.816 288.725 0.616 1561
746.977 288.685 0.616 1561
747.097 288.645 0.616 1561
747.257 288.605 0.616 1577
747.417 288.565 0.616 1594
747.578 288.486 0.616 1594
747.738 288.446 0.616 1594
747.858 288.366 0.616 1610
747.978 288.327 0.616 1610
748.139 288.287 0.616 1626
748.259 288.247 0.616 1626
748.379 288.207 0.616 1642
748.539 288.128 0.616 1642
748.659 288.088 0.616 1642
748.780 288.008 0.616 1659
748.940 287.929 0.616 1659
749.100 287.889 0.616 1675
749.220 287.849 0.616 1675
749.341 287.769 0.616 1675
749.501 287.729 0.616 1691
749.661 287.690 0.616 1708
749.781 287.650 0.616 1708
749.942 287.610 0.616 1708
750.102 287.530 0.617 1724
750.302 287.411 0.617 1724
750.462 287.331 0.616 1724
750.623 287.212 0.615 1740
750.823 287.132 0.615 1757
750.983 287.013 0.615 1757
751.144 286.893 0.615 1757
751.304 286.774 0.615 1773
751.464 286.694 0.616 1789
751.624 286.575 0.614 1789
751.785 286.456 0.615 1789
751.945 286.376 0.616 1805
752.105 286.296 0.615 1805
752.265 286.217 0.616 1805
752.426 286.097 0.616 1822
752.586 286.018 0.615 1822
752.746 285.938 0.614 1838
752.866 285.819 0.614 1838
753.027 285.699 0.615 1854
753.187 285.620 0.615 1854
753.307 285.540 0.615 1870
753.427 285.421 0.614 1870
753.548 285.301 0.615 1870
753.668 285.182 0.614 1887
753.828 285.062 0.614 1887
753.948 284.943 0.614 1887
754.028 284.823 0.614 1903
754.109 284.744 0.616 1919
754.229 284.664 0.615 1919
754.309 284.585 0.616 1919
754.429 284.505 0.616 1935
754.509 284.465 0.616 1952
754.629 284.386 0.615 1952
754.750 284.306 0.616 1952
754.830 284.266 0.616 1968
754.950 284.187 0.616 1968
755.070 284.107 0.617 1968
755.150 283.987 0.616 1984
755.270 283.908 0.616 2000
755.391 283.828 0.616 2000
755.511 283.709 0.615 2000
755.591 283.589 0.616 2017
755.671 283.470 0.616 2017
755.791 283.351 0.615 2033
755.871 283.231 0.616 2033
755.952 283.112 0.617 2033
756.072 282.992 0.615 2049
756.192 282.833 0.616 2049
756.272 282.674 0.616 2066
756.392 282.515 0.617 2066
756.472 282.395 0.616 2082
756.593 282.236 0.616 2082
756.673 282.116 0.617 2082
756.753 281.997 0.616 2098
756.833 281.878 0.616 2114
756.913 281.798 0.616 2114
756.993 281.679 0.617 2114
757.073 281.599 0.616 2131
757.154 281.480 0.617 2131
757.234 281.360 0.617 2131
757.314 281.281 0.617 2147
757.394 281.161 0.618 2163
757.514 281.042 0.617 2163
757.594 280.922 0.617 2163
757.715 280.803 0.618 2180
757.795 280.683 0.617 2180
757.875 280.604 0.617 2196
757.955 280.524 0.618 2196
758.035 280.365 0.618 2196
758.115 280.285 0.618 2212
758.195 280.166 0.618 2228
758.275 280.086 0.618 2228
758.315 279.967 0.618 2228
758.396 279.847 0.618 2244
758.436 279.728 0.618 2244
758.516 279.609 0.618 2244
758.516 279.489 0.619 2261
758.556 279.370 0.618 2277
758.636 279.211 0.619 2277
758.676 279.051 0.619 2277
758.756 278.892 0.619 2293
758.836 278.733 0.619 2293
758.957 278.534 0.619 2309
759.037 278.374 0.619 2309
759.117 278.215 0.619 2325
759.197 278.016 0.618 2325
759.277 277.857 0.619 2325
759.357 277.698 0.619 2342
759.397 277.578 0.619 2342
759.477 277.419 0.619 2358
759.558 277.260 0.619 2358
759.598 277.101 0.619 2358
759.678 276.941 0.619 2374
759.718 276.822 0.619 2390
759.798 276.663 0.619 2390
759.878 276.543 0.619 2390
759.918 276.384 0.619 2406
759.958 276.265 0.619 2406
759.998 276.145 0.619 2406
760.038 275.986 0.620 2423
760.078 275.867 0.620 2439
760.119 275.707 0.620 2439
760.159 275.588 0.620 2439
760.239 275.429 0.621 2455
760.239 275.269 0.621 2471
760.319 275.150 0.621 2471
760.359 274.951 0.621 2472
760.399 274.792 0.621 2487
760.439 274.633 0.621 2487
760.479 274.433 0.622 2488
760.559 274.274 0.621 2503
760.639 274.075 0.622 2520
760.679 273.956 0.622 2520
760.760 273.797 0.621 2521
760.800 273.677 0.622 2536
760.880 273.558 0.622 2536
760.920 273.398 0.622 2552
761.000 273.279 0.623 2552
761.080 273.120 0.623 2568
761.120 273.000 0.623 2568
761.200 272.841 0.624 2568
761.240 272.722 0.624 2584
761.321 272.563 0.623 2584
761.361 272.403 0.624 2600
761.441 272.284 0.624 2600
761.521 272.125 0.624 2600
761.561 272.005 0.624 2616
761.641 271.846 0.624 2632
761.721 271.727 0.624 2632
761.761 271.607 0.625 2632
761.841 271.448 0.625 2648
761.881 271.328 0.626 2648
761.922 271.169 0.627 2665
761.962 271.050 0.627 2665
762.002 270.970 0.628 2681
762.042 270.851 0.629 2681
762.082 270.731 0.629 2681
762.122 270.572 0.630 2697
762.122 270.453 0.630 2697
762.162 270.333 0.630 2714
762.202 270.174 0.631 2714
762.242 270.015 0.632 2714
762.282 269.895 0.632 2730
762.322 269.776 0.633 2746
762.362 269.656 0.633 2746
762.402 269.537 0.634 2746
762.442 269.418 0.635 2762
762.482 269.298 0.634 2762
762.523 269.179 0.635 2762
762.563 269.059 0.635 2778
762.643 268.940 0.635 2795
762.683 268.781 0.635 2795
762.723 268.661 0.635 2795
762.763 268.542 0.636 2811
762.803 268.422 0.636 2827
762.843 268.303 0.637 2827
762.883 268.144 0.638 2827
762.963 268.024 0.639 2843
762.963 267.905 0.640 2843
763.003 267.785 0.641 2843
763.043 267.666 0.642 2860
763.124 267.547 0.642 2860
763.164 267.427 0.642 2876
763.204 267.308 0.643 2876
763.284 267.188 0.643 2892
763.324 267.029 0.643 2892
763.364 266.910 0.644 2909
763.404 266.750 0.644 2909
763.484 266.631 0.644 2909
763.564 266.472 0.645 2925
763.604 266.352 0.645 2925
763.644 266.233 0.645 2925
763.684 266.153 0.645 2941
763.725 266.074 0.645 2957
763.765 265.994 0.645 2957
763.805 265.914 0.645 2957
763.845 265.835 0.646 2973
763.845 265.715 0.646 2973
763.885 265.636 0.646 2989
763.965 265.516 0.646 2989
764.005 265.437 0.646 3005
764.085 265.317 0.646 3005
764.125 265.198 0.647 3022
764.205 265.078 0.646 3022
764.245 264.999 0.646 3022
764.286 264.879 0.647 3038
764.286 264.800 0.647 3038
764.326 264.680 0.647 3038
764.366 264.601 0.647 3054
764.406 264.521 0.647 3070
764.446 264.442 0.647 3070
764.486 264.322 0.647 3070
764.486 264.203 0.647 3087
764.526 264.083 0.647 3103
764.566 263.964 0.647 3103
764.606 263.884 0.647 3103
764.646 263.765 0.647 3119
764.686 263.645 0.648 3119
764.726 263.566 0.647 3119
764.766 263.446 0.647 3135
764.806 263.367 0.647 3152
764.846 263.247 0.647 3152
764.886 263.128 0.647 3152
764.967 263.048 0.647 3168
765.007 262.929 0.647 3168
765.047 262.809 0.647 3184
765.087 262.690 0.647 3184
765.087 262.571 0.647 3200
765.127 262.451 0.648 3200
765.167 262.332 0.647 3200
765.247 262.172 0.648 3220
765.287 262.053 0.648 3221
765.367 261.854 0.647 3236
765.407 261.735 0.647 3236
765.487 261.575 0.648 3236
765.568 261.416 0.648 3252
765.648 261.257 0.647 3252
765.688 261.098 0.648 3252
765.768 260.938 0.647 3269
765.848 260.779 0.648 3285
765.928 260.620 0.648 3285
766.008 260.501 0.648 3285
766.088 260.341 0.648 3301
766.129 260.182 0.647 3317
766.209 260.023 0.648 3317
766.249 259.864 0.648 3317
766.289 259.704 0.648 3334
766.369 259.505 0.648 3334
766.409 259.346 0.648 3334
766.489 259.187 0.648 3350
766.569 259.028 0.648 3350
766.609 258.908 0.648 3366
766.690 258.749 0.648 3366
766.730 258.590 0.648 3366
766.770 258.470 0.648 3382
766.810 258.351 0.648 3398
766.890 258.232 0.648 3398
766.930 258.112 0.648 3398
767.010 257.993 0.648 3415
767.050 257.833 0.648 3431
767.090 257.714 0.648 3431
767.170 257.595 0.648 3431
767.250 257.435 0.649 3447
767.331 257.276 0.648 3447
767.411 257.117 0.648 3447
767.451 256.997 0.649 3463
767.531 256.878 0.649 3463
767.611 256.719 0.649 3480
767.691 256.560 0.648 3480
767.731 256.400 0.648 3496
767.811 256.281 0.649 3496
767.851 256.122 0.648 3512
767.932 255.962 0.649 3512
767.972 255.803 0.648 3512
768.052 255.644 0.648 3528
768.092 255.525 0.648 3528
768.172 255.365 0.648 3528
768.212 255.206 0.648 3544
768.292 255.087 0.648 3561
768.332 254.927 0.648 3561
768.372 254.808 0.648 3561
768.412 254.649 0.649 3577
768.452 254.529 0.649 3593
768.492 254.410 0.649 3593
768.533 254.290 0.649 3593
768.613 254.131 0.648 3610
768.653 253.972 0.648 3610
768.693 253.813 0.649 3610
768.733 253.654 0.649 3626
768.813 253.494 0.648 3642
768.853 253.335 0.648 3642
768.933 253.176 0.648 3642
769.053 253.017 0.648 3658
769.094 252.857 0.648 3658
769.174 252.658 0.649 3675
769.254 252.499 0.648 3675
769.294 252.380 0.649 3675
769.374 252.260 0.649 3691
769.454 252.101 0.649 3691
769.534 251.982 0.649 3691
769.574 251.822 0.649 3707
769.654 251.703 0.648 3723
769.694 251.544 0.649 3723
769.775 251.384 0.649 3723
769.815 251.265 0.649 3740
769.855 251.106 0.649 3756
769.935 250.947 0.649 3756
769.975 250.827 0.649 3756
770.055 250.668 0.648 3772
770.095 250.469 0.649 3772
770.175 250.270 0.649 3772
770.215 250.111 0.649 3788
770.255 249.951 0.649 3805
770.295 249.832 0.649 3805
770.376 249.673 0.649 3805
770.416 249.513 0.649 3821
770.456 249.394 0.649 3821
770.536 249.235 0.649 3837
770.576 249.076 0.649 3837
770.616 248.956 0.649 3854
770.696 248.797 0.649 3854
770.736 248.638 0.650 3854
770.776 248.478 0.649 3870
770.816 248.359 0.649 3870
770.897 248.200 0.649 3886
770.937 248.041 0.649 3886
771.017 247.921 0.649 3886
771.057 247.762 0.649 3903
771.137 247.642 0.649 3919
771.177 247.483 0.649 3919
771.257 247.324 0.649 3919
771.297 247.165 0.649 3935
771.377 247.005 0.649 3935
771.457 246.846 0.649 3935
771.497 246.647 0.649 3951
771.578 246.448 0.650 3967
771.658 246.289 0.649 3967
771.738 246.130 0.650 3967
771.818 245.931 0.650 3984
771.898 245.732 0.648 4000
771.978 245.572 0.650 4000
772.058 245.413 0.649 4000
772.099 245.254 0.649 4016
772.179 245.095 0.649 4016
772.219 244.975 0.649 4016
772.299 244.856 0.650 4032
772.339 244.736 0.649 4032
772.379 244.577 0.650 4049
772.419 244.458 0.650 4049
772.459 244.338 0.650 4049
772.499 244.179 0.650 4065
772.579 244.060 0.650 4081
772.619 243.900 0.650 4081
772.699 243.741 0.650 4081
772.740 243.582 0.650 4098
772.780 243.383 0.650 4098
772.820 243.224 0.650 4098
772.860 243.065 0.650 4114
772.900 242.905 0.650 4130
772.940 242.746 0.650 4130
773.020 242.587 0.652 4130
773.020 242.428 0.652 4146
773.060 242.308 0.652 4146
773.100 242.189 0.652 4162
773.140 242.029 0.652 4162
773.180 241.910 0.653 4179
773.180 241.791 0.653 4179
773.260 241.631 0.653 4179
773.260 241.472 0.653 4195
773.301 241.313 0.653 4195
773.341 241.114 0.653 4211
773.421 240.955 0.654 4211
773.461 240.756 0.654 4211
773.461 240.596 0.654 4228
773.541 240.397 0.655 4244
773.621 240.238 0.654 4244
773.661 240.039 0.655 4244
773.701 239.880 0.655 4260
773.781 239.681 0.655 4260
773.861 239.522 0.655 4260
773.942 239.323 0.656 4277
773.982 239.163 0.656 4293
774.062 239.004 0.656 4293
774.102 238.765 0.657 4293
774.182 238.606 0.657 4309
774.222 238.447 0.658 4325
774.302 238.288 0.658 4325
774.342 238.128 0.659 4325
774.422 238.009 0.659 4342
774.462 237.850 0.659 4342
774.543 237.730 0.660 4342
774.583 237.611 0.660 4358
774.623 237.491 0.660 4358
774.663 237.372 0.660 4374
774.703 237.252 0.661 4374
774.743 237.133 0.662 4391
774.823 236.974 0.662 4391
774.863 236.854 0.662 4407
774.903 236.695 0.663 4407
774.943 236.496 0.663 4407
775.023 236.337 0.664 4423
775.023 236.178 0.665 4423
775.103 235.979 0.666 4423
775.103 235.819 0.667 4440
775.144 235.660 0.668 4456
775.184 235.501 0.669 4456
775.224 235.342 0.670 4456
775.304 235.182 0.671 4472
775.304 235.063 0.672 4488
775.384 234.944 0.672 4488
775.424 234.784 0.672 4488
775.464 234.665 0.673 4505
775.544 234.546 0.672 4505
775.584 234.426 0.673 4505
775.664 234.227 0.673 4521
775.705 234.108 0.673 4521
775.785 233.948 0.673 4537
775.825 233.789 0.673 4537
775.905 233.630 0.673 4537
775.945 233.471 0.674 4553
775.985 233.311 0.674 4570
776.065 233.152 0.674 4570
776.105 232.993 0.674 4570
776.185 232.834 0.674 4586
776.265 232.675 0.674 4602
776.346 232.515 0.675 4602
776.426 232.316 0.675 4602
776.466 232.157 0.675 4618
776.546 231.958 0.676 4618
776.586 231.759 0.675 4618
776.706 231.600 0.676 4635
776.786 231.440 0.676 4651
776.866 231.241 0.676 4651
776.947 231.082 0.677 4651
776.987 230.923 0.676 4667
777.067 230.764 0.676 4667
777.147 230.565 0.677 4683
777.187 230.405 0.677 4683
777.267 230.206 0.677 4683
777.307 230.007 0.678 4700
777.387 229.808 0.678 4700
777.467 229.530 0.677 4716
777.548 229.331 0.678 4716
777.588 229.132 0.678 4732
777.668 228.972 0.678 4732
777.748 228.813 0.678 4732
777.828 228.654 0.678 4748
777.908 228.495 0.678 4764
777.948 228.335 0.678 4764
777.988 228.176 0.678 4764
778.028 228.017 0.678 4781
778.109 227.858 0.679 4781
778.149 227.698 0.679 4781
778.229 227.539 0.679 4797
778.269 227.380 0.679 4813
778.349 227.221 0.679 4813
778.389 227.062 0.679 4813
778.429 226.902 0.679 4829
778.509 226.783 0.679 4829
778.549 226.624 0.679 4845
778.669 226.464 0.679 4845
778.710 226.305 0.679 4862
778.750 226.146 0.679 4862
778.830 226.027 0.679 4862
778.870 225.867 0.679 4878
778.950 225.708 0.679 4878
778.990 225.589 0.679 4894
779.070 225.429 0.679 4894
779.110 225.270 0.679 4894
779.190 225.071 0.679 4911
779.230 224.912 0.680 4927
779.270 224.792 0.680 4927
779.351 224.633 0.680 4927
779.391 224.514 0.680 4943
779.431 224.394 0.680 4943
779.511 224.195 0.680 4943
779.551 224.036 0.680 4959
779.591 223.877 0.680 4976
779.671 223.678 0.680 4976
779.711 223.519 0.680 4976
779.791 223.320 0.680 4992
779.871 223.160 0.680 5008
779.952 223.001 0.680 5008
779.992 222.842 0.680 5008
780.032 222.722 0.680 5024
780.072 222.603 0.680 5024
780.112 222.484 0.680 5024
780.152 222.404 0.680 5040
780.192 222.285 0.680 5040
780.232 222.205 0.680 5057
780.232 222.086 0.680 5057
780.272 221.966 0.680 5073
780.312 221.847 0.680 5073
780.392 221.727 0.680 5089
780.432 221.608 0.680 5089
780.513 221.449 0.680 5089
780.553 221.329 0.680 5105
780.633 221.170 0.680 5105
780.713 221.051 0.680 5105
780.753 220.931 0.680 5121
780.793 220.812 0.680 5137
780.833 220.692 0.680 5137
780.873 220.533 0.680 5137
780.913 220.414 0.681 5153
780.953 220.334 0.681 5170
780.953 220.254 0.681 5170
780.993 220.175 0.681 5170
781.033 220.135 0.682 5186
781.033 220.095 0.681 5186
781.033 220.095 0.682 5202
781.033 220.095 0.681 5202
781.033 220.095 0.680 5218
781.033 220.095 0.674 5235
781.033 220.175 0.632 5235
781.033 220.254 0.530 5251
781.033 220.254 0.271 5251

% x_coordinate y_coordinate pressure time
% shape 1, 388 points
781.835 221.648 0.109 0
781.835 221.568 0.157 0
781.835 221.449 0.180 16
781.835 221.369 0.202 16
781.835 221.329 0.223 32
781.835 221.250 0.239 32
781.835 221.170 0.253 48
781.835 221.130 0.272 48
781.835 221.090 0.292 48
781.835 221.011 0.311 64
781.835 220.971 0.327 64
781.835 220.931 0.344 80
781.835 220.931 0.357 80
781.835 220.891 0.371 96
781.795 220.891 0.382 96
781.795 220.891 0.392 112
781.795 220.891 0.403 112
781.795 220.891 0.414 112
781.755 220.891 0.427 128
781.714 220.891 0.439 128
781.714 220.891 0.453 128
781.674 221.011 0.465 144
781.634 221.170 0.477 160
781.594 221.369 0.490 160
781.554 221.608 0.501 160
781.514 221.847 0.513 176
781.474 222.125 0.523 192
781.474 222.404 0.532 192
781.394 222.683 0.540 192
781.354 223.041 0.548 208
781.314 223.359 0.556 208
781.234 223.678 0.562 224
781.154 223.996 0.567 224
781.073 224.355 0.573 240
781.033 224.673 0.578 240
780.953 224.992 0.585 240
780.913 225.350 0.589 256
780.833 225.708 0.594 256
780.793 226.027 0.599 273
780.753 226.345 0.604 273
780.753 226.703 0.608 273
780.753 227.022 0.612 289
780.753 227.380 0.616 305
780.753 227.738 0.618 305
780.753 228.057 0.621 305
780.753 228.415 0.623 321
780.753 228.733 0.624 337
780.753 229.052 0.627 337
780.753 229.331 0.629 337
780.753 229.649 0.632 353
780.713 230.007 0.637 353
780.673 230.326 0.641 353
780.673 230.604 0.645 370
780.633 230.883 0.649 386
780.633 231.162 0.652 386
780.593 231.401 0.656 386
780.593 231.640 0.658 402
780.593 231.878 0.661 402
780.593 232.117 0.663 402
780.593 232.316 0.664 418
780.593 232.555 0.665 418
780.553 232.794 0.667 434
780.513 233.033 0.667 434
780.472 233.272 0.669 451
780.432 233.550 0.670 451
780.392 233.829 0.671 467
780.352 234.068 0.673 467
780.312 234.386 0.674 467
780.272 234.625 0.674 484
780.272 234.824 0.676 500
780.272 235.063 0.677 500
780.232 235.302 0.677 500
780.232 235.541 0.679 516
780.232 235.780 0.679 516
780.232 236.058 0.681 516
780.192 236.297 0.682 532
780.192 236.616 0.683 548
780.192 236.854 0.683 548
780.152 237.093 0.684 548
780.152 237.332 0.685 564
780.112 237.571 0.686 564
780.112 237.770 0.686 580
780.072 237.969 0.687 580
780.072 238.208 0.688 596
780.072 238.407 0.689 596
780.072 238.606 0.690 596
780.072 238.805 0.691 613
780.072 239.084 0.692 613
780.072 239.323 0.693 629
780.072 239.561 0.694 629
780.072 239.800 0.694 645
780.072 240.039 0.695 645
780.072 240.278 0.696 661
780.072 240.557 0.696 661
780.072 240.835 0.696 661
780.072 241.074 0.697 677
780.072 241.393 0.697 677
780.072 241.671 0.698 677
780.072 241.950 0.698 693
779.992 242.229 0.698 710
779.992 242.467 0.699 710
779.992 242.746 0.699 710
779.952 243.025 0.699 726
779.952 243.303 0.700 742
779.952 243.582 0.700 742
779.912 243.861 0.700 742
779.912 244.139 0.700 758
779.912 244.378 0.701 758
779.871 244.657 0.702 758
779.871 244.936 0.702 774
779.871 245.214 0.703 791
779.831 245.493 0.703 791
779.831 245.771 0.703 791
779.791 246.050 0.703 807
779.791 246.289 0.704 807
779.791 246.528 0.704 823
779.791 246.727 0.704 823
779.751 246.926 0.705 823
779.751 247.125 0.705 839
779.711 247.284 0.706 839
779.711 247.443 0.707 856
779.671 247.603 0.707 856
779.671 247.762 0.709 872
779.671 247.921 0.710 872
779.631 248.120 0.710 872
779.631 248.319 0.711 888
779.631 248.478 0.712 904
779.591 248.677 0.712 904
779.591 248.837 0.713 904
779.551 249.036 0.714 921
779.511 249.275 0.714 921
779.511 249.474 0.716 921
779.511 249.673 0.716 937
779.471 249.912 0.716 953
779.471 250.111 0.717 953
779.471 250.349 0.717 953
779.471 250.548 0.717 969
779.471 250.747 0.717 969
779.471 250.947 0.717 986
779.471 251.146 0.718 986
779.471 251.384 0.718 1002
779.471 251.584 0.718 1002
779.431 251.783 0.719 1002
779.431 252.021 0.718 1018
779.431 252.220 0.718 1018
779.431 252.380 0.719 1034
779.431 252.618 0.719 1034
779.431 252.818 0.719 1034
779.431 253.017 0.720 1050
779.431 253.176 0.720 1067
779.431 253.335 0.720 1067
779.431 253.534 0.721 1067
779.431 253.693 0.721 1083
779.431 253.892 0.722 1083
779.431 254.091 0.722 1083
779.431 254.251 0.722 1099
779.431 254.490 0.722 1116
779.431 254.689 0.722 1116
779.431 254.927 0.722 1116
779.431 255.166 0.723 1132
779.431 255.365 0.723 1148
779.431 255.604 0.723 1148
779.431 255.803 0.724 1148
779.431 256.002 0.724 1165
779.431 256.161 0.724 1165
779.431 256.361 0.724 1165
779.471 256.520 0.724 1181
779.471 256.679 0.724 1181
779.471 256.878 0.725 1197
779.511 257.037 0.725 1197
779.511 257.276 0.725 1197
779.511 257.435 0.725 1213
779.511 257.634 0.725 1229
779.551 257.833 0.725 1229
779.551 257.993 0.725 1229
779.551 258.152 0.725 1246
779.551 258.351 0.725 1246
779.591 258.510 0.725 1246
779.631 258.709 0.725 1262
779.631 258.868 0.725 1278
779.631 259.067 0.725 1278
779.631 259.267 0.726 1278
779.671 259.505 0.726 1294
779.671 259.704 0.726 1294
779.671 259.903 0.726 1310
779.671 260.102 0.726 1310
779.671 260.262 0.726 1327
779.671 260.461 0.727 1327
779.671 260.620 0.727 1327
779.671 260.779 0.727 1343
779.671 260.899 0.727 1343
779.671 261.058 0.727 1359
779.671 261.217 0.727 1359
779.671 261.337 0.728 1359
779.671 261.496 0.727 1376
779.671 261.655 0.728 1392
779.671 261.854 0.728 1392
779.671 262.053 0.728 1392
779.671 262.252 0.728 1408
779.671 262.411 0.728 1408
779.671 262.610 0.728 1408
779.671 262.770 0.729 1424
779.671 262.969 0.728 1441
779.671 263.128 0.728 1441
779.671 263.287 0.729 1441
779.671 263.446 0.729 1457
779.671 263.606 0.729 1473
779.631 263.765 0.729 1473
779.631 263.924 0.729 1473
779.631 264.123 0.729 1489
779.631 264.282 0.730 1489
779.631 264.442 0.730 1489
779.631 264.601 0.730 1506
779.631 264.760 0.730 1506
779.631 264.959 0.730 1522
779.631 265.158 0.730 1522
779.631 265.357 0.730 1538
779.631 265.516 0.730 1538
779.671 265.715 0.730 1554
779.671 265.914 0.730 1554
779.671 266.114 0.730 1554
779.711 266.313 0.730 1570
779.751 266.591 0.730 1587
779.751 266.790 0.730 1587
779.751 267.029 0.730 1587
779.751 267.228 0.730 1603
779.791 267.387 0.730 1603
779.791 267.586 0.731 1603
779.791 267.746 0.730 1619
779.831 267.905 0.730 1635
779.831 268.024 0.731 1635
779.831 268.184 0.730 1635
779.831 268.343 0.731 1651
779.831 268.542 0.731 1651
779.831 268.741 0.731 1668
779.831 268.900 0.731 1668
779.831 269.099 0.731 1684
779.831 269.258 0.731 1684
779.831 269.457 0.731 1684
779.831 269.656 0.731 1700
779.831 269.816 0.731 1700
779.831 269.975 0.732 1716
779.831 270.134 0.731 1716
779.831 270.293 0.731 1716
779.831 270.453 0.732 1732
779.831 270.652 0.731 1749
779.831 270.811 0.731 1749
779.831 271.050 0.732 1749
779.831 271.249 0.731 1765
779.831 271.448 0.732 1765
779.831 271.607 0.731 1765
779.831 271.806 0.731 1781
779.831 271.965 0.731 1798
779.831 272.125 0.731 1798
779.831 272.324 0.731 1798
779.831 272.523 0.732 1814
779.831 272.722 0.731 1830
779.831 272.921 0.731 1830
779.831 273.120 0.732 1830
779.831 273.279 0.731 1846
779.831 273.478 0.731 1846
779.831 273.637 0.731 1846
779.831 273.797 0.731 1862
779.831 273.996 0.732 1862
779.831 274.115 0.732 1879
779.791 274.274 0.731 1879
779.791 274.433 0.732 1879
779.791 274.553 0.732 1895
779.791 274.712 0.731 1911
779.791 274.832 0.731 1911
779.791 274.991 0.731 1911
779.791 275.110 0.731 1928
779.791 275.269 0.731 1928
779.751 275.429 0.731 1928
779.751 275.668 0.731 1944
779.751 275.827 0.731 1960
779.751 276.026 0.731 1960
779.751 276.185 0.731 1960
779.751 276.384 0.731 1977
779.751 276.583 0.731 1993
779.751 276.782 0.731 1993
779.751 276.941 0.731 1993
779.751 277.140 0.731 2009
779.751 277.339 0.731 2009
779.751 277.499 0.731 2009
779.751 277.658 0.731 2025
779.751 277.817 0.732 2025
779.751 277.976 0.731 2042
779.751 278.096 0.732 2042
779.751 278.215 0.732 2042
779.751 278.335 0.731 2058
779.751 278.454 0.732 2074
779.751 278.573 0.731 2074
779.751 278.693 0.731 2074
779.751 278.852 0.731 2090
779.751 279.011 0.732 2090
779.751 279.171 0.731 2090
779.751 279.330 0.732 2107
779.751 279.489 0.732 2123
779.751 279.648 0.732 2123
779.751 279.847 0.732 2123
779.751 280.007 0.732 2139
779.751 280.206 0.732 2155
779.751 280.445 0.732 2155
779.751 280.644 0.732 2155
779.751 280.803 0.732 2171
779.751 281.002 0.732 2171
779.751 281.161 0.732 2171
779.751 281.320 0.732 2187
779.751 281.480 0.732 2204
779.751 281.599 0.732 2204
779.751 281.758 0.732 2204
779.751 281.917 0.732 2220
779.751 282.077 0.732 2220
779.751 282.236 0.732 2236
779.751 282.395 0.732 2236
779.751 282.634 0.732 2236
779.751 282.793 0.732 2252
779.751 282.913 0.731 2252
779.751 283.072 0.731 2268
779.751 283.191 0.732 2268
779.751 283.351 0.731 2285
779.791 283.470 0.731 2285
779.791 283.629 0.731 2285
779.791 283.788 0.731 2301
779.831 283.908 0.732 2317
779.831 284.067 0.731 2317
779.831 284.226 0.731 2317
779.831 284.346 0.732 2333
779.831 284.505 0.732 2333
779.831 284.624 0.732 2333
779.831 284.784 0.732 2350
779.831 284.943 0.732 2366
779.831 285.102 0.732 2366
779.831 285.221 0.732 2366
779.831 285.381 0.731 2382
779.831 285.500 0.732 2382
779.871 285.580 0.732 2398
779.871 285.699 0.731 2398
779.871 285.819 0.731 2415
779.871 285.938 0.731 2415
779.912 286.018 0.731 2415
779.912 286.137 0.731 2431
779.912 286.257 0.731 2431
779.952 286.376 0.731 2447
779.952 286.495 0.731 2447
779.952 286.615 0.731 2447
779.952 286.734 0.732 2463
779.952 286.854 0.732 2480
779.952 286.973 0.731 2480
779.992 287.093 0.732 2480
779.992 287.252 0.732 2496
779.992 287.331 0.732 2496
779.952 287.451 0.732 2496
779.952 287.570 0.732 2512
779.952 287.650 0.732 2529
779.952 287.769 0.732 2529
779.952 287.889 0.732 2529
779.952 288.008 0.731 2545
779.952 288.167 0.732 2561
779.952 288.287 0.732 2561
779.952 288.406 0.732 2561
779.992 288.565 0.732 2577
779.992 288.725 0.732 2577
779.992 288.844 0.732 2593
779.992 288.964 0.732 2593
780.032 289.083 0.732 2593
780.032 289.202 0.732 2610
780.032 289.322 0.732 2610
780.032 289.441 0.732 2610
780.032 289.561 0.732 2626
780.072 289.680 0.732 2642
780.072 289.760 0.731 2642
780.072 289.839 0.732 2642
780.072 289.919 0.732 2659
780.072 289.959 0.732 2675
780.072 290.038 0.732 2675
780.072 290.078 0.732 2675
780.072 290.118 0.732 2691
780.072 290.198 0.732 2691
780.072 290.277 0.732 2691
780.072 290.357 0.732 2707
780.112 290.436 0.733 2707
780.192 290.476 0.732 2723
780.312 290.476 0.717 2723
780.432 290.476 0.630 2739
780.633 290.158 0.481 2739
780.873 289.640 0.132 2755

% x_coordinate y_coordinate pressure time
% shape 2, 639 points
780.112 289.720 0.057 0
780.072 289.720 0.090 16
780.072 289.720 0.122 16
780.032 289.720 0.152 32
780.032 289.760 0.178 32
780.032 289.760 0.196 32
780.032 289.760 0.210 48
780.032 289.799 0.225 48
780.032 289.839 0.239 64
780.032 289.879 0.261 64
779.992 289.919 0.283 80
779.952 289.998 0.307 80
779.952 290.038 0.327 96
779.912 290.118 0.352 96
779.871 290.158 0.372 96
779.871 290.198 0.391 112
779.871 290.237 0.406 112
779.831 290.237 0.418 112
779.831 290.237 0.428 128
779.831 290.237 0.435 144
779.831 290.277 0.440 144
779.831 290.277 0.445 144
779.831 290.317 0.451 160
779.831 290.317 0.456 176
779.831 290.357 0.459 176
779.831 290.397 0.465 176
779.831 290.476 0.474 192
779.791 290.516 0.483 192
779.751 290.556 0.490 192
779.711 290.596 0.497 208
779.711 290.635 0.500 224
779.671 290.675 0.503 224
779.671 290.715 0.505 224
779.631 290.755 0.506 240
779.631 290.755 0.508 240
779.631 290.795 0.509 256
779.631 290.795 0.511 256
779.631 290.795 0.513 273
779.631 290.795 0.516 273
779.631 290.795 0.520 273
779.631 290.795 0.524 290
779.631 290.795 0.528 290
779.631 290.795 0.530 306
779.631 290.795 0.531 306
779.671 290.755 0.532 306
779.711 290.635 0.534 322
779.791 290.516 0.534 338
779.871 290.317 0.535 338
779.992 290.158 0.537 338
780.112 289.959 0.537 354
780.192 289.720 0.539 354
780.312 289.441 0.541 370
780.432 289.202 0.543 370
780.593 288.964 0.546 370
780.713 288.725 0.548 386
780.833 288.486 0.550 402
780.953 288.287 0.552 402
781.073 288.088 0.552 402
781.194 287.929 0.552 419
781.314 287.729 0.553 419
781.434 287.570 0.553 419
781.514 287.371 0.553 435
781.634 287.172 0.554 451
781.755 286.893 0.554 451
781.875 286.615 0.555 451
781.955 286.336 0.556 467
782.075 286.018 0.556 467
782.155 285.739 0.558 483
782.235 285.460 0.561 483
782.275 285.142 0.563 500
782.396 284.903 0.566 500
782.436 284.585 0.567 500
782.476 284.346 0.569 516
782.516 284.107 0.571 516
782.636 283.868 0.572 532
782.676 283.629 0.573 532
782.756 283.430 0.574 532
782.796 283.151 0.575 548
782.876 282.913 0.576 565
782.957 282.674 0.577 565
782.997 282.355 0.577 565
783.077 282.116 0.578 581
783.157 281.838 0.578 597
783.237 281.559 0.578 597
783.357 281.281 0.579 597
783.437 281.042 0.580 613
783.518 280.763 0.580 613
783.558 280.524 0.581 613
783.638 280.245 0.582 629
783.718 280.007 0.582 646
783.758 279.808 0.583 646
783.838 279.569 0.583 646
783.878 279.370 0.584 662
783.918 279.171 0.585 662
783.958 279.011 0.586 678
784.038 278.812 0.587 678
784.078 278.573 0.587 678
784.159 278.374 0.588 694
784.239 278.136 0.589 694
784.359 277.897 0.589 711
784.399 277.658 0.590 711
784.479 277.419 0.591 727
784.559 277.180 0.591 727
784.599 276.941 0.592 727
784.720 276.663 0.593 743
784.760 276.424 0.593 759
784.880 276.225 0.593 759
784.960 276.026 0.593 759
785.040 275.827 0.594 776
785.080 275.668 0.594 776
785.160 275.429 0.594 776
785.240 275.269 0.594 792
785.280 275.070 0.594 808
785.361 274.871 0.594 808
785.441 274.633 0.594 808
785.521 274.354 0.595 824
785.641 274.075 0.595 824
785.721 273.797 0.595 841
785.801 273.518 0.595 841
785.881 273.160 0.595 857
785.962 272.881 0.595 857
786.002 272.642 0.596 857
786.122 272.403 0.596 873
786.202 272.164 0.597 873
786.282 271.926 0.598 889
786.322 271.687 0.599 889
786.362 271.488 0.599 889
786.442 271.249 0.600 906
786.482 271.050 0.600 922
786.523 270.811 0.600 922
786.563 270.612 0.600 922
786.643 270.413 0.601 938
786.723 270.214 0.601 938
786.763 270.015 0.602 938
786.843 269.816 0.602 955
786.923 269.617 0.602 971
787.003 269.418 0.603 971
787.083 269.258 0.603 971
787.124 269.059 0.603 987
787.204 268.900 0.602 987
787.284 268.741 0.603 1003
787.324 268.502 0.604 1003
787.364 268.303 0.604 1019
787.444 268.104 0.604 1019
787.484 267.905 0.605 1019
787.564 267.666 0.605 1036
787.604 267.467 0.605 1036
787.644 267.268 0.605 1052
787.725 267.069 0.606 1052
787.765 266.910 0.607 1052
787.805 266.750 0.608 1068
787.925 266.591 0.608 1085
787.965 266.392 0.610 1085
788.045 266.193 0.610 1085
788.085 265.994 0.611 1101
788.125 265.795 0.612 1101
788.205 265.596 0.612 1101
788.285 265.397 0.613 1117
788.326 265.158 0.613 1134
788.406 264.959 0.613 1134
788.446 264.760 0.614 1134
788.526 264.561 0.617 1150
788.566 264.362 0.616 1166
788.646 264.203 0.617 1166
788.726 264.004 0.618 1166
788.766 263.765 0.618 1183
788.846 263.606 0.620 1183
788.886 263.407 0.621 1183
788.967 263.247 0.622 1199
789.047 263.048 0.623 1199
789.127 262.889 0.624 1215
789.167 262.690 0.626 1215
789.247 262.531 0.627 1215
789.327 262.332 0.628 1231
789.407 262.172 0.628 1247
789.487 261.973 0.628 1247
789.568 261.774 0.628 1247
789.648 261.536 0.629 1264
789.728 261.337 0.629 1264
789.888 261.138 0.630 1264
789.968 260.899 0.630 1280
790.048 260.660 0.630 1296
790.089 260.461 0.630 1296
790.169 260.222 0.632 1296
790.249 260.023 0.634 1312
790.329 259.864 0.636 1329
790.369 259.665 0.637 1329
790.409 259.426 0.638 1329
790.489 259.227 0.640 1345
790.529 259.028 0.640 1345
790.609 258.829 0.641 1345
790.649 258.669 0.641 1361
790.770 258.510 0.642 1361
790.810 258.351 0.643 1377
790.890 258.192 0.644 1377
790.970 258.032 0.644 1394
791.050 257.873 0.645 1394
791.130 257.714 0.646 1410
791.210 257.515 0.648 1410
791.290 257.356 0.648 1410
791.331 257.157 0.649 1426
791.411 256.918 0.650 1426
791.451 256.759 0.651 1426
791.531 256.560 0.652 1443
791.611 256.400 0.653 1459
791.691 256.201 0.653 1459
791.811 256.042 0.655 1459
791.891 255.843 0.655 1475
791.972 255.684 0.656 1491
792.052 255.485 0.657 1491
792.132 255.325 0.657 1491
792.212 255.126 0.658 1508
792.252 254.967 0.659 1508
792.332 254.768 0.659 1508
792.372 254.569 0.660 1524
792.452 254.370 0.660 1524
792.533 254.211 0.661 1540
792.573 254.052 0.661 1540
792.653 253.853 0.661 1557
792.693 253.693 0.662 1557
792.773 253.494 0.662 1573
792.853 253.335 0.662 1573
792.893 253.176 0.663 1573
792.973 252.977 0.663 1590
793.053 252.818 0.663 1590
793.174 252.658 0.663 1590
793.254 252.459 0.664 1606
793.334 252.220 0.664 1622
793.414 252.021 0.664 1622
793.534 251.783 0.664 1622
793.614 251.544 0.664 1638
793.694 251.305 0.665 1654
793.815 251.026 0.665 1654
793.895 250.787 0.665 1654
794.015 250.509 0.666 1670
794.095 250.270 0.666 1670
794.175 249.991 0.667 1670
794.255 249.752 0.669 1687
794.336 249.513 0.670 1703
794.416 249.314 0.671 1703
794.536 249.115 0.672 1703
794.656 248.876 0.672 1719
794.776 248.638 0.673 1719
794.856 248.359 0.673 1735
794.977 248.120 0.673 1735
795.057 247.842 0.674 1735
795.137 247.523 0.674 1752
795.257 247.284 0.674 1752
795.337 247.045 0.674 1768
795.457 246.806 0.674 1768
795.538 246.568 0.675 1784
795.618 246.369 0.676 1784
795.698 246.130 0.676 1784
795.818 245.931 0.677 1801
795.898 245.692 0.678 1817
795.978 245.413 0.678 1817
796.058 245.174 0.679 1817
796.139 244.936 0.680 1833
796.219 244.657 0.680 1833
796.299 244.458 0.681 1833
796.379 244.219 0.682 1849
796.459 243.980 0.683 1866
796.499 243.781 0.685 1866
796.579 243.582 0.686 1866
796.659 243.343 0.688 1882
796.740 243.104 0.690 1882
796.820 242.905 0.691 1898
796.940 242.666 0.692 1898
797.020 242.467 0.692 1914
797.140 242.229 0.692 1914
797.260 241.990 0.693 1914
797.381 241.791 0.693 1931
797.501 241.552 0.694 1931
797.621 241.353 0.695 1947
797.781 241.114 0.695 1947
797.861 240.875 0.695 1947
797.942 240.676 0.696 1963
798.022 240.517 0.696 1980
798.102 240.318 0.698 1980
798.182 240.119 0.698 1980
798.262 239.920 0.699 1996
798.342 239.760 0.700 1996
798.422 239.561 0.701 1996
798.503 239.402 0.701 2012
798.583 239.203 0.702 2028
798.663 239.044 0.703 2028
798.743 238.885 0.703 2028
798.823 238.686 0.704 2044
798.903 238.487 0.705 2061
798.983 238.288 0.705 2061
799.063 238.128 0.706 2061
799.144 237.969 0.706 2077
799.264 237.810 0.707 2077
799.304 237.651 0.707 2077
799.384 237.491 0.707 2093
799.464 237.372 0.708 2093
799.544 237.213 0.708 2109
799.624 237.053 0.708 2109
799.705 236.894 0.708 2126
799.825 236.735 0.709 2126
799.985 236.536 0.709 2142
800.065 236.377 0.709 2142
800.185 236.138 0.710 2142
800.265 235.939 0.710 2158
800.386 235.780 0.710 2158
800.466 235.581 0.710 2174
800.546 235.421 0.711 2174
800.666 235.262 0.712 2191
800.746 235.103 0.712 2191
800.826 234.944 0.713 2191
800.907 234.784 0.713 2207
800.987 234.665 0.713 2223
801.067 234.466 0.713 2223
801.187 234.307 0.714 2223
801.267 234.147 0.714 2239
801.387 233.909 0.715 2239
801.467 233.710 0.715 2239
801.588 233.550 0.716 2256
801.668 233.391 0.717 2272
801.748 233.192 0.717 2272
801.868 232.993 0.717 2272
801.988 232.834 0.718 2288
802.068 232.635 0.718 2288
802.229 232.436 0.719 2305
802.309 232.237 0.720 2305
802.389 232.077 0.720 2321
802.509 231.878 0.720 2321
802.589 231.679 0.721 2321
802.669 231.480 0.721 2337
802.790 231.321 0.722 2337
802.910 231.162 0.722 2353
803.030 231.003 0.722 2353
803.150 230.843 0.723 2353
803.230 230.644 0.723 2369
803.311 230.485 0.724 2386
803.391 230.326 0.725 2386
803.471 230.167 0.725 2386
803.511 230.007 0.726 2402
803.591 229.888 0.726 2418
803.671 229.729 0.727 2418
803.751 229.569 0.728 2418
803.871 229.370 0.728 2435
803.952 229.211 0.729 2435
804.032 229.052 0.730 2435
804.152 228.893 0.731 2451
804.232 228.733 0.732 2451
804.312 228.534 0.733 2467
804.392 228.375 0.734 2467
804.553 228.216 0.735 2483
804.633 228.057 0.736 2483
804.713 227.898 0.736 2500
804.793 227.698 0.737 2500
804.873 227.539 0.738 2500
804.953 227.380 0.738 2516
805.073 227.261 0.739 2516
805.154 227.062 0.739 2532
805.274 226.902 0.740 2532
805.354 226.743 0.741 2548
805.474 226.584 0.741 2548
805.554 226.425 0.742 2548
805.634 226.265 0.743 2564
805.715 226.106 0.744 2581
805.835 225.947 0.745 2581
805.915 225.788 0.746 2581
805.995 225.668 0.746 2597
806.075 225.549 0.747 2597
806.155 225.429 0.748 2597
806.235 225.310 0.748 2613
806.316 225.191 0.748 2629
806.436 225.071 0.749 2629
806.516 224.952 0.749 2629
806.636 224.792 0.750 2645
806.756 224.673 0.751 2645
806.876 224.514 0.751 2661
806.997 224.394 0.752 2661
807.077 224.275 0.754 2678
807.197 224.156 0.755 2678
807.277 224.076 0.756 2678
807.357 223.996 0.757 2694
807.437 223.917 0.758 2694
807.477 223.837 0.759 2710
807.558 223.757 0.758 2710
807.638 223.678 0.759 2710
807.718 223.598 0.760 2726
807.838 223.519 0.759 2743
807.918 223.439 0.760 2743
808.038 223.359 0.760 2743
808.119 223.280 0.760 2759
808.199 223.160 0.761 2759
808.279 223.121 0.761 2759
808.359 223.041 0.761 2775
808.479 223.001 0.761 2792
808.519 222.922 0.762 2792
808.639 222.882 0.762 2792
808.720 222.802 0.763 2808
808.800 222.762 0.763 2824
808.880 222.722 0.763 2824
809.000 222.643 0.763 2824
809.120 222.603 0.764 2840
809.200 222.484 0.764 2840
809.320 222.444 0.765 2840
809.441 222.364 0.764 2857
809.521 222.285 0.765 2857
809.641 222.245 0.766 2873
809.801 222.165 0.766 2873
809.881 222.125 0.767 2889
810.002 222.046 0.767 2889
810.122 222.006 0.768 2905
810.242 221.926 0.768 2905
810.362 221.887 0.768 2905
810.482 221.807 0.768 2921
810.603 221.767 0.769 2921
810.723 221.727 0.768 2921
810.843 221.687 0.769 2937
810.963 221.648 0.770 2954
811.083 221.568 0.771 2954
811.164 221.528 0.772 2954
811.284 221.488 0.772 2970
811.404 221.488 0.772 2987
811.484 221.449 0.773 2987
811.604 221.409 0.773 2987
811.724 221.369 0.774 3003
811.805 221.369 0.774 3003
811.925 221.329 0.774 3003
812.005 221.289 0.775 3019
812.085 221.250 0.776 3035
812.205 221.210 0.776 3035
812.245 221.210 0.777 3035
812.366 221.170 0.777 3052
812.446 221.130 0.778 3052
812.526 221.090 0.780 3068
812.646 221.051 0.781 3068
812.726 221.011 0.782 3084
812.846 220.971 0.783 3084
812.967 220.931 0.783 3084
813.047 220.891 0.784 3100
813.127 220.851 0.785 3100
813.207 220.812 0.785 3117
813.287 220.772 0.785 3117
813.367 220.732 0.786 3117
813.487 220.732 0.786 3133
813.568 220.692 0.786 3150
813.688 220.652 0.786 3150
813.808 220.652 0.786 3150
813.928 220.613 0.786 3166
814.048 220.573 0.786 3166
814.169 220.573 0.786 3166
814.289 220.533 0.787 3182
814.409 220.493 0.787 3198
814.529 220.453 0.786 3198
814.690 220.453 0.787 3198
814.810 220.414 0.788 3215
814.890 220.374 0.788 3215
815.050 220.374 0.789 3231
815.170 220.334 0.788 3231
815.291 220.334 0.789 3247
815.371 220.334 0.789 3247
815.491 220.294 0.789 3247
815.611 220.294 0.789 3263
815.731 220.294 0.789 3263
815.851 220.294 0.789 3280
815.972 220.294 0.790 3280
816.092 220.294 0.790 3280
816.212 220.294 0.789 3296
816.412 220.294 0.790 3312
816.533 220.294 0.791 3312
816.693 220.294 0.790 3312
816.813 220.294 0.790 3328
816.933 220.294 0.790 3328
817.053 220.294 0.790 3328
817.174 220.294 0.791 3344
817.294 220.294 0.790 3361
817.414 220.334 0.791 3361
817.534 220.334 0.791 3361
817.654 220.374 0.791 3377
817.735 220.374 0.792 3393
817.815 220.374 0.792 3393
817.895 220.414 0.791 3393
818.015 220.414 0.792 3393
818.095 220.453 0.791 3409
818.215 220.453 0.791 3425
818.336 220.493 0.791 3425
818.456 220.533 0.791 3425
818.576 220.533 0.792 3442
818.696 220.613 0.792 3442
818.816 220.652 0.792 3442
818.977 220.692 0.792 3458
819.137 220.732 0.792 3474
819.257 220.812 0.791 3474
819.417 220.851 0.792 3474
819.538 220.891 0.792 3490
819.698 220.931 0.792 3507
819.818 220.971 0.793 3507
819.898 221.051 0.792 3507
820.058 221.090 0.792 3523
820.139 221.130 0.793 3523
820.299 221.130 0.793 3523
820.419 221.170 0.793 3539
820.499 221.210 0.793 3556
820.619 221.289 0.793 3556
820.740 221.329 0.793 3556
820.860 221.369 0.793 3572
820.940 221.449 0.792 3572
821.060 221.528 0.793 3588
821.180 221.608 0.793 3588
821.300 221.687 0.793 3588
821.421 221.767 0.794 3604
821.541 221.847 0.794 3604
821.661 221.926 0.794 3621
821.741 222.046 0.795 3621
821.861 222.165 0.795 3637
821.942 222.245 0.795 3637
822.062 222.364 0.796 3637
822.182 222.444 0.796 3653
822.262 222.523 0.797 3669
822.342 222.563 0.797 3669
822.422 222.643 0.798 3669
822.543 222.722 0.799 3685
822.623 222.802 0.800 3685
822.703 222.882 0.800 3702
822.783 223.001 0.801 3702
822.863 223.081 0.802 3702
822.903 223.200 0.802 3718
822.983 223.320 0.803 3718
823.023 223.439 0.803 3734
823.104 223.558 0.803 3734
823.184 223.678 0.803 3750
823.224 223.797 0.804 3750
823.304 223.877 0.804 3750
823.384 223.996 0.804 3767
823.464 224.076 0.804 3783
823.544 224.195 0.804 3783
823.624 224.275 0.804 3783
823.664 224.355 0.804 3799
823.745 224.474 0.804 3799
823.825 224.554 0.804 3799
823.865 224.673 0.804 3815
823.945 224.753 0.804 3831
823.985 224.872 0.804 3831
824.025 224.952 0.804 3831
824.065 225.071 0.805 3848
824.145 225.191 0.805 3864
824.185 225.270 0.805 3864
824.225 225.390 0.806 3864
824.265 225.509 0.805 3880
824.346 225.589 0.805 3880
824.386 225.708 0.806 3880
824.426 225.788 0.805 3897
824.466 225.867 0.806 3897
824.506 225.987 0.806 3913
824.546 226.066 0.806 3913
824.586 226.146 0.806 3913
824.586 226.226 0.806 3929
824.626 226.305 0.807 3945
824.666 226.385 0.807 3945
824.666 226.464 0.807 3945
824.706 226.544 0.807 3962
824.746 226.663 0.808 3962
824.746 226.743 0.808 3962
824.786 226.902 0.809 3978
824.786 226.982 0.810 3994
824.826 227.101 0.810 3994
824.866 227.221 0.811 3994
824.866 227.340 0.811 4011
824.906 227.460 0.811 4027
824.906 227.579 0.812 4027
824.947 227.698 0.812 4027
824.987 227.818 0.812 4043
824.987 227.937 0.812 4043
825.027 228.017 0.812 4043
825.067 228.097 0.812 4059
825.067 228.136 0.812 4059
825.107 228.176 0.813 4076
825.147 228.216 0.812 4076
825.187 228.256 0.812 4092
825.187 228.335 0.812 4092
825.227 228.415 0.812 4108
825.267 228.495 0.813 4108
825.307 228.574 0.812 4108
825.347 228.694 0.813 4125
825.347 228.773 0.813 4125
825.347 228.853 0.812 4125
825.387 228.933 0.813 4141
825.387 229.012 0.813 4157
825.387 229.092 0.813 4157
825.427 229.211 0.814 4157
825.427 229.291 0.813 4174
825.467 229.370 0.814 4190
825.467 229.450 0.814 4190
825.467 229.569 0.814 4190
825.467 229.649 0.814 4206
825.508 229.769 0.814 4206
825.508 229.848 0.814 4206
825.508 229.968 0.814 4222
825.508 230.087 0.814 4238
825.548 230.206 0.814 4238
825.588 230.326 0.814 4238
825.588 230.405 0.814 4255
825.628 230.525 0.814 4255
825.628 230.644 0.814 4271
825.668 230.724 0.815 4271
825.668 230.843 0.814 4271
825.668 230.963 0.815 4287
825.668 231.082 0.815 4287
825.668 231.162 0.815 4303
825.668 231.241 0.815 4303
825.668 231.321 0.815 4320
825.668 231.440 0.815 4320
825.668 231.520 0.815 4320
825.668 231.600 0.815 4336
825.668 231.679 0.816 4352
