% x_coordinate y_coordinate pressure time
% shape 0, 528 points
375.798 372.760 0.035 0
375.798 372.760 0.084 17
375.798 372.760 0.122 17
375.798 372.760 0.157 18
375.798 372.760 0.185 33
375.798 372.760 0.203 33
375.798 372.760 0.218 34
375.798 372.760 0.234 49
375.798 372.760 0.249 65
375.798 372.760 0.266 65
375.798 372.720 0.279 66
375.798 372.720 0.288 81
375.798 372.720 0.296 97
375.798 372.720 0.306 97
375.758 372.720 0.317 97
375.758 372.720 0.326 113
375.758 372.720 0.336 113
375.718 372.641 0.347 129
375.718 372.641 0.357 129
375.718 372.561 0.368 129
375.718 372.521 0.377 145
375.718 372.481 0.385 161
375.718 372.402 0.390 161
375.718 372.362 0.394 161
375.718 372.282 0.398 178
375.718 372.243 0.401 178
375.718 372.203 0.404 178
375.718 372.123 0.406 195
375.718 372.083 0.407 211
375.718 372.004 0.408 211
375.758 371.884 0.411 211
375.798 371.765 0.413 227
375.878 371.725 0.418 227
375.918 371.566 0.423 244
375.998 371.407 0.429 244
376.078 371.208 0.435 244
376.199 371.008 0.440 260
376.319 370.849 0.446 260
376.399 370.650 0.449 276
376.479 370.491 0.452 276
376.559 370.292 0.455 292
376.679 370.172 0.457 292
376.760 370.053 0.457 292
376.840 369.934 0.457 308
377.000 369.814 0.458 308
377.120 369.695 0.458 324
377.240 369.536 0.458 324
377.361 369.376 0.458 340
377.481 369.217 0.458 340
377.641 369.058 0.459 340
377.761 368.899 0.459 357
377.881 368.700 0.460 373
378.002 368.540 0.462 373
378.122 368.421 0.465 373
378.202 368.262 0.466 389
378.282 368.102 0.468 389
378.362 367.943 0.469 389
378.442 367.824 0.470 405
378.523 367.704 0.470 421
378.603 367.625 0.471 421
378.683 367.505 0.471 421
378.803 367.386 0.472 437
378.923 367.306 0.472 453
379.043 367.147 0.472 453
379.164 367.028 0.473 453
379.324 366.908 0.473 469
379.404 366.749 0.473 469
379.524 366.630 0.474 469
379.604 366.470 0.474 485
379.765 366.391 0.474 501
379.845 366.271 0.475 501
379.885 366.192 0.476 501
379.965 366.112 0.477 517
380.045 366.032 0.478 517
380.125 365.953 0.479 533
380.165 365.873 0.480 533
380.285 365.794 0.481 533
380.366 365.714 0.481 550
380.486 365.555 0.483 566
380.606 365.475 0.483 566
380.686 365.356 0.484 566
380.806 365.276 0.485 582
380.886 365.157 0.486 582
380.967 365.077 0.487 582
381.047 364.958 0.487 598
381.127 364.878 0.488 614
381.207 364.838 0.489 614
381.287 364.759 0.489 614
381.367 364.679 0.489 630
381.487 364.599 0.489 630
381.568 364.560 0.489 646
381.688 364.440 0.489 646
381.768 364.360 0.489 646
381.888 364.281 0.489 662
381.968 364.201 0.490 678
382.088 364.082 0.490 678
382.169 364.002 0.491 678
382.249 363.923 0.492 695
382.329 363.843 0.494 695
382.449 363.763 0.495 695
382.529 363.684 0.496 712
382.569 363.604 0.497 728
382.689 363.564 0.497 728
382.810 363.525 0.498 728
382.890 363.445 0.498 744
382.970 363.405 0.499 760
383.050 363.326 0.500 760
383.130 363.206 0.500 760
383.210 363.126 0.501 776
383.290 363.047 0.502 776
383.411 363.007 0.504 776
383.491 362.967 0.506 792
383.531 362.888 0.509 792
383.611 362.848 0.511 808
383.651 362.808 0.514 808
383.691 362.728 0.516 824
383.731 362.689 0.518 824
383.811 362.649 0.519 840
383.851 362.609 0.519 840
383.932 362.569 0.520 840
383.972 362.529 0.520 856
384.052 362.490 0.521 856
384.132 362.410 0.520 872
384.212 362.370 0.521 872
384.332 362.290 0.521 888
384.452 362.251 0.522 888
384.573 362.171 0.522 888
384.693 362.091 0.522 904
384.853 362.052 0.522 920
384.933 361.972 0.523 920
385.053 361.892 0.524 920
385.134 361.813 0.525 937
385.254 361.773 0.526 937
385.334 361.733 0.527 953
385.414 361.693 0.528 953
385.494 361.693 0.529 969
385.614 361.574 0.529 969
385.775 361.534 0.529 969
385.855 361.534 0.529 986
386.015 361.494 0.529 986
386.135 361.454 0.530 1002
386.255 361.415 0.530 1002
386.416 361.375 0.530 1002
386.536 361.335 0.531 1018
386.656 361.255 0.532 1018
386.816 361.216 0.533 1034
386.937 361.136 0.535 1034
387.057 361.096 0.537 1050
387.177 361.017 0.539 1050
387.257 360.977 0.541 1050
387.377 360.937 0.543 1066
387.497 360.937 0.543 1083
387.618 360.857 0.543 1083
387.738 360.857 0.543 1083
387.858 360.818 0.544 1099
387.978 360.818 0.544 1099
388.098 360.778 0.544 1099
388.179 360.738 0.545 1115
388.299 360.698 0.545 1131
388.419 360.658 0.545 1131
388.539 360.618 0.547 1131
388.619 360.579 0.547 1147
388.740 360.539 0.548 1163
388.820 360.499 0.550 1163
388.940 360.499 0.552 1163
389.020 360.459 0.552 1179
389.140 360.459 0.553 1179
389.260 360.459 0.553 1195
389.341 360.459 0.553 1195
389.421 360.459 0.553 1195
389.541 360.459 0.553 1211
389.661 360.499 0.554 1227
389.781 360.499 0.554 1227
389.901 360.499 0.554 1227
390.022 360.499 0.555 1243
390.142 360.499 0.554 1243
390.262 360.459 0.554 1243
390.382 360.419 0.556 1259
390.503 360.380 0.556 1276
390.623 360.380 0.556 1276
390.743 360.340 0.557 1276
390.863 360.300 0.557 1292
390.983 360.300 0.558 1292
391.104 360.260 0.559 1308
391.184 360.260 0.559 1308
391.304 360.260 0.559 1308
391.384 360.260 0.560 1325
391.504 360.220 0.560 1325
391.624 360.220 0.560 1325
391.705 360.220 0.561 1341
391.825 360.181 0.560 1357
391.945 360.181 0.561 1357
392.065 360.141 0.561 1357
392.225 360.101 0.562 1374
392.346 360.101 0.563 1390
392.546 360.061 0.564 1390
392.706 360.021 0.564 1390
392.826 360.021 0.565 1406
392.987 359.982 0.566 1406
393.107 359.982 0.566 1422
393.227 359.982 0.566 1422
393.347 360.021 0.566 1439
393.427 360.021 0.566 1439
393.548 360.021 0.567 1439
393.628 360.061 0.567 1455
393.748 360.061 0.567 1455
393.828 360.101 0.567 1471
393.948 360.141 0.567 1471
394.028 360.181 0.567 1471
394.149 360.220 0.567 1487
394.229 360.260 0.567 1504
394.349 360.260 0.568 1504
394.469 360.300 0.567 1504
394.589 360.300 0.567 1520
394.710 360.300 0.568 1520
394.830 360.340 0.568 1520
394.950 360.340 0.568 1537
395.030 360.380 0.568 1553
395.150 360.380 0.568 1553
395.270 360.419 0.568 1553
395.391 360.459 0.568 1569
395.471 360.499 0.568 1569
395.591 360.579 0.568 1585
395.711 360.618 0.568 1585
395.791 360.698 0.569 1585
395.952 360.778 0.570 1601
396.032 360.897 0.570 1617
396.152 360.977 0.570 1617
396.272 361.056 0.570 1617
396.432 361.136 0.570 1634
396.553 361.216 0.570 1634
396.673 361.295 0.570 1634
396.753 361.375 0.570 1650
396.873 361.454 0.570 1666
396.993 361.534 0.570 1666
397.073 361.614 0.570 1666
397.194 361.733 0.570 1682
397.314 361.773 0.571 1682
397.434 361.853 0.570 1699
397.554 361.932 0.571 1699
397.674 362.012 0.571 1715
397.795 362.091 0.571 1715
397.875 362.171 0.571 1715
397.995 362.290 0.571 1731
398.075 362.370 0.571 1731
398.195 362.490 0.571 1747
398.275 362.569 0.571 1747
398.356 362.649 0.572 1747
398.436 362.768 0.572 1763
398.516 362.848 0.571 1780
398.636 362.967 0.572 1780
398.716 363.047 0.572 1780
398.756 363.206 0.572 1796
398.836 363.326 0.573 1796
398.876 363.405 0.572 1796
398.957 363.525 0.572 1812
399.037 363.644 0.572 1828
399.117 363.763 0.573 1828
399.197 363.843 0.573 1828
399.237 363.962 0.573 1844
399.317 364.082 0.573 1861
399.357 364.201 0.573 1861
399.437 364.321 0.574 1861
399.477 364.400 0.573 1877
399.518 364.520 0.574 1877
399.558 364.639 0.574 1877
399.638 364.759 0.574 1893
399.678 364.838 0.574 1893
399.718 364.958 0.574 1909
399.798 365.077 0.574 1909
399.798 365.196 0.574 1925
399.878 365.276 0.574 1925
399.918 365.395 0.574 1942
399.958 365.555 0.574 1942
399.958 365.634 0.574 1942
399.998 365.754 0.574 1958
400.038 365.873 0.574 1958
400.038 365.993 0.574 1958
400.078 366.072 0.575 1974
400.119 366.192 0.575 1990
400.119 366.311 0.575 1990
400.159 366.431 0.575 1990
400.199 366.510 0.575 2006
400.239 366.630 0.575 2023
400.239 366.749 0.575 2023
400.279 366.749 0.575 2023
400.279 366.868 0.575 2039
400.319 366.988 0.575 2039
400.319 367.107 0.575 2039
400.359 367.227 0.575 2055
400.399 367.386 0.575 2071
400.399 367.505 0.575 2071
400.439 367.625 0.576 2071
400.439 367.744 0.575 2088
400.439 367.903 0.575 2088
400.479 368.023 0.576 2104
400.479 368.142 0.576 2104
400.479 368.262 0.576 2104
400.479 368.381 0.576 2120
400.479 368.540 0.576 2120
400.479 368.660 0.576 2136
400.479 368.779 0.576 2136
400.479 368.938 0.576 2152
400.479 369.058 0.576 2152
400.479 369.177 0.577 2152
400.479 369.297 0.577 2169
400.479 369.416 0.577 2185
400.479 369.575 0.577 2185
400.479 369.695 0.577 2185
400.479 369.854 0.577 2201
400.479 369.973 0.577 2201
400.479 370.172 0.577 2201
400.479 370.332 0.577 2218
400.439 370.491 0.577 2234
400.399 370.650 0.577 2234
400.399 370.809 0.577 2234
400.359 370.969 0.577 2250
400.319 371.088 0.577 2250
400.279 371.247 0.578 2266
400.279 371.407 0.578 2266
400.239 371.566 0.578 2282
400.199 371.685 0.578 2282
400.159 371.844 0.578 2282
400.119 371.964 0.578 2299
400.078 372.123 0.578 2299
400.038 372.243 0.578 2315
399.998 372.362 0.578 2315
399.918 372.521 0.578 2315
399.878 372.641 0.578 2331
399.878 372.760 0.578 2347
399.798 372.879 0.578 2347
399.758 372.999 0.578 2347
399.718 373.118 0.578 2363
399.678 373.238 0.578 2380
399.638 373.397 0.578 2380
399.558 373.516 0.578 2380
399.518 373.676 0.578 2396
399.477 373.795 0.578 2396
399.437 373.914 0.578 2396
399.357 374.074 0.578 2412
399.237 374.193 0.579 2412
399.197 374.352 0.579 2428
399.117 374.512 0.579 2428
399.077 374.631 0.579 2444
399.037 374.790 0.579 2444
398.957 374.989 0.579 2460
398.876 375.149 0.579 2460
398.796 375.308 0.579 2460
398.716 375.467 0.579 2477
398.636 375.626 0.579 2477
398.556 375.825 0.579 2477
398.476 375.985 0.579 2493
398.436 376.104 0.579 2509
398.356 376.263 0.579 2509
398.275 376.422 0.579 2509
398.235 376.582 0.579 2525
398.155 376.701 0.579 2542
398.115 376.860 0.579 2542
398.035 377.059 0.579 2542
397.955 377.258 0.579 2558
397.875 377.418 0.579 2558
397.795 377.617 0.579 2558
397.715 377.816 0.579 2574
397.634 378.015 0.579 2574
397.554 378.174 0.579 2590
397.474 378.373 0.579 2590
397.394 378.532 0.580 2607
397.354 378.731 0.579 2607
397.274 378.891 0.579 2623
397.194 379.050 0.579 2623
397.114 379.209 0.579 2623
397.033 379.368 0.579 2639
396.953 379.527 0.579 2639
396.873 379.727 0.579 2655
396.833 379.886 0.580 2655
396.753 380.045 0.579 2671
396.713 380.204 0.580 2671
396.633 380.324 0.580 2671
396.553 380.483 0.579 2687
396.472 380.642 0.579 2704
396.432 380.762 0.580 2704
396.352 380.881 0.579 2704
396.272 381.000 0.580 2720
396.232 381.120 0.579 2720
396.152 381.239 0.579 2720
396.112 381.398 0.580 2736
396.032 381.518 0.580 2752
395.992 381.637 0.580 2752
395.911 381.757 0.580 2752
395.871 381.956 0.580 2769
395.791 382.075 0.579 2785
395.711 382.155 0.580 2785
395.671 382.274 0.580 2785
395.631 382.394 0.579 2801
395.551 382.513 0.580 2801
395.511 382.633 0.579 2801
395.471 382.752 0.580 2818
395.431 382.832 0.580 2818
395.391 382.951 0.579 2834
395.351 383.070 0.580 2834
395.311 383.190 0.580 2850
395.270 383.269 0.580 2850
395.230 383.389 0.580 2866
395.150 383.508 0.580 2866
395.110 383.667 0.579 2866
395.070 383.747 0.580 2882
395.030 383.867 0.580 2899
394.990 383.986 0.580 2899
394.950 384.105 0.580 2899
394.910 384.225 0.579 2915
394.870 384.344 0.580 2915
394.830 384.464 0.580 2915
394.790 384.583 0.579 2931
394.750 384.703 0.579 2931
394.710 384.822 0.579 2947
394.629 384.941 0.580 2947
394.549 385.101 0.580 2947
394.469 385.220 0.579 2964
394.389 385.379 0.579 2980
394.309 385.539 0.579 2980
394.269 385.658 0.579 2980
394.189 385.817 0.579 2996
394.149 385.976 0.580 3013
394.109 386.136 0.579 3013
394.068 386.255 0.580 3013
394.028 386.375 0.579 3029
393.988 386.494 0.580 3029
393.948 386.693 0.579 3029
393.908 386.773 0.580 3045
393.908 386.892 0.579 3045
393.868 387.011 0.580 3061
393.868 387.131 0.580 3061
393.828 387.250 0.579 3078
393.828 387.330 0.579 3078
393.788 387.449 0.579 3094
393.748 387.569 0.579 3094
393.748 387.648 0.579 3094
393.708 387.768 0.580 3110
393.668 387.887 0.580 3110
393.628 387.967 0.580 3127
393.588 388.086 0.580 3127
393.548 388.206 0.580 3143
393.508 388.285 0.580 3143
393.467 388.405 0.579 3143
393.427 388.524 0.579 3159
393.387 388.644 0.579 3175
393.347 388.723 0.579 3175
393.347 388.843 0.580 3175
393.267 388.922 0.580 3192
393.227 389.042 0.580 3192
393.187 389.081 0.580 3192
393.147 389.161 0.580 3208
393.107 389.241 0.581 3224
393.027 389.280 0.581 3224
393.027 389.360 0.582 3224
392.987 389.440 0.583 3240
392.907 389.519 0.583 3240
392.866 389.599 0.584 3256
392.826 389.679 0.585 3256
392.786 389.758 0.586 3256
392.746 389.838 0.586 3273
392.706 389.917 0.587 3273
392.666 389.997 0.587 3273
392.666 390.117 0.587 3289
392.626 390.196 0.588 3305
392.586 390.276 0.588 3305
392.546 390.355 0.588 3305
392.506 390.435 0.589 3321
392.506 390.515 0.589 3338
392.466 390.634 0.589 3338
392.386 390.714 0.589 3338
392.386 390.793 0.590 3354
392.346 390.873 0.591 3354
392.306 390.952 0.591 3354
392.306 391.072 0.591 3370
392.265 391.151 0.592 3386
392.225 391.231 0.593 3386
392.185 391.390 0.592 3386
392.185 391.470 0.593 3402
392.145 391.550 0.593 3402
392.105 391.629 0.593 3419
392.065 391.709 0.593 3419
392.065 391.788 0.594 3435
392.025 391.868 0.594 3435
391.985 391.948 0.595 3451
391.945 392.027 0.595 3451
391.905 392.147 0.595 3451
391.905 392.226 0.596 3467
391.865 392.306 0.595 3467
391.825 392.385 0.596 3467
391.825 392.465 0.597 3483
391.785 392.585 0.596 3499
391.785 392.664 0.597 3499
391.745 392.744 0.597 3499
391.745 392.823 0.597 3516
391.705 392.903 0.598 3532
391.705 392.943 0.598 3532
391.664 393.022 0.598 3532
391.664 393.062 0.599 3548
391.624 393.142 0.599 3548
391.584 393.182 0.599 3548
391.584 393.261 0.600 3564
391.544 393.341 0.600 3564
391.544 393.381 0.601 3581
391.504 393.460 0.602 3581
391.504 393.540 0.602 3581
391.504 393.620 0.603 3597
391.464 393.739 0.603 3613
391.464 393.819 0.603 3613
391.424 393.898 0.604 3613
391.424 393.978 0.604 3630
391.424 394.018 0.604 3646
391.384 394.097 0.605 3646
391.384 394.177 0.605 3646
391.344 394.217 0.606 3662
391.344 394.296 0.606 3662
391.304 394.336 0.607 3662
391.304 394.376 0.607 3678
391.264 394.416 0.608 3678
391.264 394.535 0.609 3694
391.264 394.535 0.610 3713
391.264 394.535 0.609 3734
391.264 394.495 0.598 3750
391.264 394.495 0.567 3750
391.304 394.456 0.516 3766
391.424 394.336 0.456 3766
391.584 394.257 0.367 3783
391.745 394.177 0.212 3783

% x_coordinate y_coordinate pressure time
% shape 1, 680 points
398.997 375.626 0.207 49
399.077 375.427 0.217 64
399.157 375.228 0.226 64
399.237 375.029 0.238 80
399.397 374.750 0.247 80
399.558 374.551 0.260 96
399.678 374.313 0.271 96
399.798 374.114 0.279 96
399.918 373.875 0.284 112
400.038 373.676 0.290 112
400.119 373.477 0.298 128
400.239 373.238 0.305 128
400.319 373.039 0.312 128
400.399 372.800 0.319 144
400.479 372.601 0.326 160
400.519 372.362 0.330 160
400.599 372.163 0.334 160
400.720 371.964 0.339 176
400.800 371.805 0.344 193
400.920 371.606 0.349 193
401.040 371.407 0.353 193
401.200 371.208 0.357 209
401.321 371.048 0.361 209
401.441 370.849 0.364 209
401.561 370.690 0.367 225
401.681 370.571 0.369 241
401.761 370.411 0.370 241
401.841 370.292 0.374 241
402.002 370.093 0.376 257
402.082 369.973 0.379 257
402.202 369.854 0.382 273
402.282 369.695 0.384 273
402.402 369.575 0.388 273
402.523 369.456 0.391 289
402.643 369.336 0.393 289
402.723 369.177 0.395 306
402.843 369.058 0.398 306
402.963 368.899 0.400 322
403.043 368.779 0.403 322
403.124 368.660 0.405 322
403.204 368.540 0.408 338
403.284 368.421 0.410 354
403.324 368.341 0.412 354
403.404 368.222 0.413 354
403.444 368.142 0.413 370
403.524 368.063 0.415 370
403.564 367.943 0.416 386
403.644 367.864 0.418 386
403.684 367.704 0.419 386
403.765 367.585 0.422 402
403.845 367.466 0.425 402
403.925 367.346 0.428 418
404.045 367.267 0.431 418
404.125 367.107 0.435 434
404.205 367.028 0.439 434
404.285 366.908 0.443 434
404.366 366.789 0.445 451
404.446 366.709 0.447 467
404.526 366.590 0.449 467
404.606 366.510 0.451 467
404.726 366.431 0.453 483
404.766 366.391 0.454 483
404.846 366.311 0.455 483
404.927 366.231 0.456 499
405.047 366.152 0.456 515
405.127 366.072 0.457 515
405.207 365.993 0.458 515
405.287 365.913 0.459 532
405.367 365.794 0.462 532
405.487 365.674 0.465 548
405.608 365.555 0.467 548
405.688 365.475 0.470 548
405.808 365.316 0.473 564
405.928 365.196 0.475 580
406.048 365.077 0.477 580
406.129 364.958 0.479 580
406.249 364.878 0.481 596
406.329 364.798 0.483 596
406.449 364.719 0.484 596
406.529 364.599 0.485 612
406.609 364.520 0.486 628
406.730 364.400 0.487 628
406.810 364.321 0.488 628
406.930 364.201 0.488 644
407.050 364.122 0.489 644
407.170 364.002 0.490 661
407.290 363.923 0.491 661
407.411 363.843 0.491 677
407.571 363.763 0.492 677
407.731 363.684 0.493 693
407.851 363.564 0.494 693
407.972 363.485 0.496 693
408.092 363.405 0.497 709
408.212 363.286 0.499 709
408.332 363.166 0.500 709
408.492 363.087 0.501 725
408.613 362.927 0.502 741
408.773 362.808 0.504 741
408.893 362.689 0.505 741
409.013 362.609 0.505 757
409.174 362.529 0.506 774
409.294 362.450 0.507 774
409.414 362.370 0.507 774
409.574 362.290 0.508 790
409.694 362.251 0.508 790
409.815 362.171 0.508 790
409.935 362.091 0.509 806
410.055 362.052 0.510 822
410.175 361.972 0.511 822
410.296 361.932 0.512 822
410.416 361.892 0.513 838
410.536 361.853 0.514 838
410.656 361.813 0.515 855
410.816 361.773 0.516 855
410.937 361.733 0.516 855
411.057 361.693 0.517 871
411.217 361.654 0.518 871
411.337 361.614 0.518 871
411.457 361.574 0.518 887
411.618 361.534 0.519 903
411.738 361.534 0.518 903
411.898 361.494 0.519 903
412.018 361.454 0.519 919
412.139 361.454 0.520 935
412.259 361.415 0.519 935
412.379 361.295 0.519 935
412.499 361.295 0.520 952
412.619 361.295 0.520 952
412.780 361.295 0.520 968
412.900 361.295 0.521 968
413.020 361.335 0.521 984
413.140 361.335 0.522 984
413.260 361.295 0.521 984
413.381 361.295 0.522 1000
413.461 361.295 0.522 1000
413.581 361.295 0.522 1016
413.661 361.255 0.523 1016
413.781 361.216 0.523 1032
413.861 361.216 0.523 1032
413.982 361.176 0.524 1049
414.062 361.176 0.524 1049
414.222 361.136 0.524 1049
414.302 361.136 0.525 1065
414.382 361.136 0.526 1065
414.462 361.096 0.527 1065
414.543 361.096 0.527 1081
414.623 361.096 0.528 1097
414.703 361.136 0.528 1097
414.783 361.096 0.529 1097
414.903 361.136 0.529 1113
414.983 361.136 0.530 1129
415.063 361.136 0.530 1129
415.144 361.136 0.531 1129
415.224 361.136 0.531 1146
415.264 361.136 0.531 1146
415.344 361.136 0.531 1146
415.424 361.136 0.532 1162
415.504 361.136 0.532 1178
415.544 361.136 0.532 1178
415.624 361.136 0.532 1178
415.745 361.136 0.532 1194
415.825 361.136 0.533 1194
415.945 361.136 0.533 1210
416.065 361.136 0.534 1210
416.185 361.136 0.535 1210
416.306 361.096 0.537 1226
416.426 361.096 0.538 1226
416.506 361.096 0.539 1243
416.626 361.096 0.540 1243
416.706 361.096 0.542 1259
416.826 361.096 0.543 1259
416.906 361.096 0.543 1259
417.027 361.136 0.543 1275
417.147 361.136 0.543 1291
417.227 361.176 0.543 1291
417.347 361.176 0.544 1291
417.467 361.216 0.544 1307
417.588 361.255 0.544 1307
417.748 361.295 0.544 1307
417.908 361.335 0.545 1323
418.068 361.415 0.545 1340
418.229 361.454 0.545 1340
418.389 361.534 0.546 1340
418.549 361.574 0.546 1356
418.669 361.654 0.546 1356
418.830 361.693 0.546 1372
418.990 361.773 0.546 1372
419.110 361.853 0.546 1388
419.230 361.932 0.546 1388
419.391 361.972 0.546 1388
419.511 362.052 0.546 1404
419.631 362.091 0.546 1404
419.751 362.171 0.547 1420
419.871 362.211 0.547 1420
419.992 362.251 0.546 1420
420.072 362.330 0.547 1437
420.192 362.370 0.547 1453
420.312 362.410 0.547 1453
420.432 362.490 0.547 1453
420.553 362.529 0.547 1469
420.673 362.569 0.547 1485
420.793 362.609 0.547 1485
420.913 362.689 0.547 1485
421.033 362.728 0.547 1501
421.154 362.808 0.547 1501
421.274 362.888 0.547 1501
421.394 363.007 0.547 1517
421.514 363.087 0.548 1517
421.594 363.126 0.548 1534
421.715 363.206 0.548 1534
421.835 363.246 0.548 1550
421.915 363.326 0.549 1550
422.035 363.365 0.550 1566
422.115 363.405 0.551 1566
422.235 363.485 0.552 1566
422.316 363.525 0.553 1582
422.396 363.604 0.553 1598
422.476 363.644 0.553 1598
422.556 363.724 0.554 1598
422.636 363.803 0.554 1614
422.716 363.923 0.555 1614
422.796 364.002 0.555 1614
422.876 364.082 0.555 1631
422.957 364.161 0.556 1647
423.037 364.241 0.556 1647
423.117 364.321 0.556 1647
423.237 364.400 0.557 1663
423.317 364.480 0.557 1663
423.357 364.520 0.557 1679
423.437 364.599 0.558 1679
423.518 364.679 0.558 1679
423.598 364.759 0.558 1696
423.638 364.838 0.559 1696
423.718 364.958 0.560 1712
423.758 365.037 0.561 1712
423.838 365.157 0.562 1728
423.918 365.196 0.563 1728
423.998 365.356 0.563 1728
424.078 365.475 0.564 1744
424.159 365.594 0.564 1760
424.239 365.674 0.565 1760
424.319 365.794 0.565 1760
424.399 365.873 0.566 1776
424.479 365.993 0.567 1776
424.519 366.072 0.566 1776
424.599 366.152 0.567 1792
424.639 366.271 0.567 1809
424.720 366.351 0.568 1809
424.760 366.470 0.568 1809
424.800 366.590 0.570 1825
424.880 366.709 0.570 1841
424.920 366.829 0.571 1841
424.960 366.948 0.572 1841
425.000 367.068 0.572 1857
425.040 367.187 0.573 1857
425.040 367.346 0.574 1857
425.080 367.466 0.574 1873
425.120 367.625 0.575 1873
425.120 367.744 0.576 1889
425.160 367.903 0.577 1889
425.160 368.023 0.577 1906
425.160 368.142 0.578 1906
425.160 368.262 0.579 1922
425.160 368.421 0.581 1922
425.160 368.580 0.582 1922
425.160 368.739 0.583 1938
425.160 368.899 0.584 1938
425.160 369.098 0.585 1938
425.160 369.217 0.586 1954
425.160 369.376 0.587 1970
425.160 369.536 0.587 1970
425.160 369.695 0.587 1970
425.160 369.854 0.587 1987
425.160 370.053 0.588 2003
425.120 370.212 0.588 2003
425.080 370.411 0.588 2003
425.000 370.571 0.589 2019
424.960 370.770 0.589 2019
424.920 370.969 0.589 2035
424.880 371.168 0.589 2035
424.840 371.367 0.590 2035
424.800 371.526 0.590 2051
424.760 371.725 0.591 2051
424.679 371.884 0.591 2067
424.639 372.083 0.591 2067
424.599 372.243 0.591 2083
424.559 372.481 0.591 2083
424.479 372.641 0.591 2083
424.439 372.840 0.592 2099
424.399 372.999 0.592 2116
424.359 373.158 0.592 2116
424.279 373.317 0.592 2116
424.199 373.477 0.592 2132
424.119 373.636 0.592 2132
424.038 373.795 0.593 2148
423.958 373.954 0.593 2148
423.878 374.153 0.593 2164
423.758 374.313 0.593 2164
423.678 374.512 0.593 2164
423.598 374.711 0.594 2180
423.477 374.870 0.594 2180
423.397 375.069 0.594 2196
423.277 375.268 0.594 2196
423.197 375.467 0.594 2196
423.117 375.666 0.594 2212
422.997 375.865 0.595 2228
422.957 376.024 0.594 2228
422.876 376.223 0.594 2228
422.796 376.422 0.595 2245
422.716 376.582 0.594 2245
422.676 376.781 0.595 2245
422.636 376.940 0.595 2261
422.556 377.139 0.594 2277
422.516 377.298 0.595 2277
422.436 377.457 0.595 2277
422.396 377.617 0.595 2293
422.316 377.776 0.595 2309
422.275 377.895 0.595 2309
422.195 378.055 0.595 2309
422.155 378.174 0.595 2326
422.155 378.333 0.595 2326
422.115 378.492 0.595 2326
422.035 378.691 0.595 2342
421.995 378.851 0.595 2358
421.915 379.050 0.595 2358
421.835 379.209 0.595 2358
421.795 379.408 0.595 2374
421.715 379.567 0.595 2374
421.634 379.687 0.595 2390
421.594 379.846 0.595 2390
421.514 380.005 0.595 2390
421.474 380.164 0.595 2406
421.394 380.324 0.595 2406
421.314 380.483 0.595 2406
421.274 380.602 0.595 2422
421.194 380.762 0.595 2439
421.114 380.881 0.595 2439
421.073 381.000 0.595 2439
421.033 381.120 0.595 2455
420.993 381.279 0.595 2471
420.953 381.398 0.595 2471
420.913 381.558 0.595 2471
420.873 381.677 0.595 2487
420.833 381.836 0.595 2487
420.793 381.956 0.595 2503
420.753 382.075 0.595 2503
420.713 382.195 0.595 2503
420.673 382.314 0.595 2519
420.593 382.433 0.595 2519
420.513 382.593 0.595 2536
420.472 382.712 0.596 2536
420.392 382.832 0.595 2552
420.352 382.951 0.595 2552
420.272 383.070 0.596 2552
420.192 383.230 0.595 2568
420.152 383.349 0.596 2584
420.072 383.468 0.596 2584
420.032 383.588 0.595 2584
419.952 383.707 0.596 2600
419.871 383.867 0.596 2600
419.831 383.986 0.595 2600
419.791 384.145 0.596 2616
419.751 384.225 0.596 2633
419.711 384.344 0.595 2633
419.591 384.464 0.596 2633
419.551 384.583 0.596 2649
419.511 384.663 0.596 2649
419.471 384.782 0.596 2665
419.391 384.902 0.595 2665
419.351 385.021 0.596 2681
419.270 385.140 0.596 2681
419.230 385.260 0.596 2681
419.190 385.379 0.596 2697
419.110 385.499 0.596 2697
419.070 385.618 0.596 2714
419.030 385.738 0.596 2714
418.950 385.857 0.596 2730
418.910 385.937 0.595 2730
418.870 386.056 0.596 2746
418.830 386.175 0.596 2746
418.790 386.295 0.596 2746
418.750 386.454 0.596 2762
418.710 386.574 0.596 2762
418.669 386.653 0.596 2762
418.629 386.812 0.597 2779
418.589 386.932 0.596 2795
418.549 387.051 0.597 2795
418.549 387.171 0.597 2795
418.509 387.290 0.597 2811
418.509 387.409 0.597 2827
418.469 387.529 0.598 2827
418.469 387.609 0.598 2827
418.429 387.728 0.599 2843
418.389 387.847 0.599 2843
418.389 387.967 0.599 2859
418.349 388.086 0.600 2859
418.309 388.206 0.601 2859
418.309 388.325 0.601 2876
418.269 388.484 0.602 2876
418.269 388.604 0.602 2876
418.269 388.723 0.603 2892
418.229 388.882 0.603 2908
418.189 389.002 0.603 2908
418.189 389.081 0.604 2908
418.149 389.201 0.605 2925
418.149 389.280 0.605 2941
418.109 389.400 0.607 2941
418.109 389.519 0.608 2941
418.068 389.639 0.608 2957
418.068 389.718 0.610 2957
418.028 389.838 0.610 2957
418.028 389.957 0.611 2973
418.028 390.037 0.612 2990
418.028 390.156 0.613 2990
418.028 390.236 0.614 2990
418.028 390.355 0.615 3006
418.028 390.435 0.616 3006
418.028 390.554 0.618 3022
417.988 390.634 0.619 3022
417.988 390.714 0.620 3022
417.988 390.833 0.621 3039
417.988 390.913 0.623 3039
417.988 391.032 0.624 3055
417.988 391.191 0.625 3055
417.988 391.311 0.627 3071
417.988 391.430 0.627 3071
417.988 391.510 0.629 3071
417.988 391.589 0.629 3088
417.988 391.669 0.629 3088
417.988 391.749 0.630 3088
418.028 391.828 0.630 3104
418.028 391.908 0.631 3120
418.068 391.987 0.633 3120
418.109 392.067 0.634 3120
418.149 392.147 0.636 3136
418.189 392.226 0.638 3153
418.189 392.306 0.640 3153
418.229 392.385 0.641 3153
418.269 392.465 0.642 3169
418.309 392.545 0.643 3169
418.349 392.624 0.644 3169
418.389 392.704 0.645 3185
418.429 392.784 0.646 3202
418.509 392.863 0.647 3202
418.549 392.943 0.648 3202
418.589 393.022 0.648 3218
418.629 393.102 0.649 3218
418.710 393.142 0.649 3234
418.750 393.182 0.650 3234
418.790 393.261 0.650 3234
418.830 393.301 0.651 3251
418.910 393.341 0.652 3267
418.990 393.381 0.653 3267
419.030 393.460 0.655 3267
419.110 393.540 0.658 3283
419.190 393.580 0.660 3283
419.270 393.620 0.661 3283
419.351 393.659 0.663 3299
419.431 393.699 0.664 3316
419.511 393.779 0.665 3316
419.591 393.819 0.666 3316
419.711 393.898 0.667 3332
419.791 393.938 0.667 3332
419.912 394.018 0.668 3348
419.952 394.058 0.668 3348
420.032 394.137 0.669 3364
420.112 394.177 0.669 3364
420.192 394.217 0.669 3364
420.272 394.257 0.670 3381
420.392 394.296 0.671 3381
420.513 394.336 0.672 3397
420.633 394.376 0.674 3397
420.713 394.376 0.674 3397
420.833 394.416 0.675 3413
420.953 394.456 0.676 3429
421.033 394.495 0.676 3429
421.154 394.495 0.676 3429
421.234 394.535 0.677 3446
421.354 394.575 0.677 3446
421.474 394.575 0.678 3446
421.594 394.694 0.678 3462
421.674 394.734 0.678 3478
421.795 394.734 0.679 3478
421.915 394.734 0.679 3478
421.995 394.734 0.679 3494
422.155 394.734 0.680 3510
422.275 394.734 0.681 3510
422.396 394.734 0.681 3510
422.516 394.734 0.682 3526
422.636 394.774 0.682 3526
422.756 394.774 0.682 3526
422.876 394.814 0.682 3543
422.957 394.854 0.683 3559
423.077 394.854 0.683 3559
423.197 394.854 0.683 3559
423.317 394.854 0.683 3575
423.437 394.854 0.683 3575
423.558 394.854 0.684 3591
423.678 394.814 0.684 3591
423.798 394.814 0.684 3591
423.958 394.774 0.684 3608
424.078 394.774 0.685 3608
424.199 394.734 0.685 3624
424.319 394.734 0.685 3624
424.479 394.694 0.685 3640
424.599 394.694 0.686 3640
424.720 394.694 0.685 3640
424.880 394.655 0.685 3656
425.040 394.615 0.686 3672
425.200 394.575 0.686 3672
425.361 394.535 0.687 3672
425.521 394.456 0.687 3689
425.721 394.376 0.687 3689
425.881 394.336 0.688 3705
426.042 394.257 0.688 3705
426.202 394.177 0.688 3705
426.362 394.137 0.689 3721
426.523 394.058 0.689 3721
426.683 393.978 0.689 3721
426.883 393.938 0.690 3737
427.043 393.859 0.690 3753
427.204 393.819 0.690 3753
427.364 393.739 0.691 3753
427.564 393.659 0.691 3770
427.725 393.620 0.691 3786
427.885 393.540 0.691 3786
428.045 393.500 0.691 3786
428.245 393.381 0.691 3802
428.406 393.301 0.691 3802
428.606 393.261 0.691 3802
428.766 393.182 0.692 3819
428.967 393.102 0.692 3835
429.127 393.062 0.692 3835
429.287 392.943 0.692 3835
429.447 392.903 0.692 3851
429.608 392.863 0.693 3851
429.768 392.784 0.692 3868
429.888 392.744 0.692 3868
430.008 392.664 0.692 3868
430.169 392.624 0.693 3884
430.329 392.545 0.692 3884
430.449 392.505 0.692 3900
430.609 392.425 0.692 3900
430.770 392.346 0.692 3916
430.930 392.266 0.693 3916
431.090 392.226 0.692 3916
431.250 392.147 0.692 3933
431.411 392.067 0.693 3949
431.571 392.027 0.693 3949
431.731 391.948 0.693 3949
431.891 391.908 0.693 3966
432.052 391.828 0.693 3966
432.252 391.749 0.693 3966
432.412 391.709 0.693 3982
432.573 391.629 0.693 3998
432.733 391.550 0.693 3998
432.893 391.470 0.693 3998
433.053 391.390 0.693 4014
433.214 391.311 0.693 4014
433.374 391.191 0.693 4030
433.574 391.112 0.693 4030
433.735 390.992 0.693 4030
433.935 390.873 0.693 4047
434.095 390.793 0.693 4047
434.255 390.714 0.694 4063
434.456 390.594 0.693 4063
434.616 390.475 0.693 4079
434.816 390.395 0.694 4079
434.977 390.276 0.693 4079
435.177 390.156 0.694 4095
435.337 390.037 0.695 4112
435.578 389.957 0.694 4112
435.738 389.838 0.694 4112
435.898 389.758 0.694 4128
436.058 389.639 0.693 4128
436.219 389.559 0.694 4128
436.339 389.480 0.694 4144
436.499 389.400 0.694 4160
436.619 389.320 0.695 4160
436.780 389.280 0.694 4160
436.940 389.201 0.694 4177
437.100 389.121 0.695 4177
437.301 389.042 0.695 4193
437.461 388.962 0.695 4193
437.621 388.843 0.695 4193
437.821 388.723 0.695 4209
438.022 388.564 0.695 4226
438.182 388.445 0.695 4226
438.342 388.325 0.694 4226
438.543 388.206 0.695 4242
438.743 388.086 0.695 4242
438.863 388.007 0.695 4242
439.023 387.887 0.695 4258
439.144 387.808 0.694 4274
439.304 387.728 0.695 4274
439.424 387.648 0.695 4274
439.584 387.569 0.695 4290
439.704 387.489 0.695 4307
439.865 387.409 0.695 4307
439.985 387.330 0.695 4307
440.145 387.250 0.695 4323
440.265 387.171 0.695 4323
440.426 387.051 0.695 4323
440.546 386.972 0.695 4339
440.666 386.892 0.695 4339
440.786 386.812 0.695 4355
440.947 386.693 0.695 4355
441.067 386.613 0.695 4355
441.187 386.534 0.695 4372
441.307 386.454 0.695 4388
441.467 386.375 0.695 4388
441.588 386.295 0.695 4388
441.748 386.175 0.695 4404
441.828 386.096 0.695 4404
441.948 386.016 0.695 4404
442.068 385.937 0.696 4420
442.189 385.897 0.695 4437
442.309 385.777 0.695 4437
442.389 385.698 0.695 4437
442.509 385.618 0.695 4453
442.629 385.539 0.695 4469
442.750 385.459 0.695 4469
442.830 385.379 0.695 4469
442.950 385.300 0.695 4485
443.030 385.260 0.696 4485
443.110 385.180 0.695 4485
443.190 385.140 0.695 4502
443.270 385.140 0.695 4502
443.351 385.101 0.695 4518
443.431 385.061 0.695 4518
443.551 385.021 0.696 4518
443.631 384.981 0.695 4534
443.751 384.902 0.695 4550
443.831 384.822 0.695 4550
443.912 384.742 0.695 4550
444.032 384.703 0.695 4566
444.152 384.623 0.695 4566
444.272 384.543 0.695 4566
444.352 384.464 0.695 4583
444.472 384.424 0.695 4599
444.553 384.344 0.696 4599
444.633 384.304 0.695 4599
444.713 384.225 0.695 4615
444.753 384.185 0.695 4631
444.873 384.145 0.695 4631
444.953 384.105 0.695 4631
444.993 384.066 0.695 4648
445.073 384.026 0.695 4648
445.154 383.946 0.695 4648
445.234 383.827 0.695 4664

