% x_coordinate y_coordinate pressure time
% shape 0, 1240 points
818.856 115.718 0.085 0
818.856 115.718 0.124 0
818.856 115.718 0.159 1
818.856 115.678 0.191 16
818.856 115.638 0.216 16
818.856 115.638 0.232 32
818.776 115.598 0.250 33
818.656 115.598 0.272 33
818.536 115.598 0.287 48
818.416 115.598 0.302 64
818.255 115.598 0.315 64
818.055 115.598 0.324 64
817.895 115.638 0.332 80
817.735 115.718 0.340 96
817.574 115.757 0.348 96
817.414 115.837 0.356 96
817.294 115.877 0.364 112
817.134 115.917 0.371 112
816.973 115.957 0.379 112
816.813 115.996 0.388 128
816.693 116.036 0.397 145
816.573 116.036 0.404 145
816.452 116.036 0.412 145
816.292 116.076 0.418 161
816.172 116.076 0.425 161
816.052 116.076 0.430 177
815.932 116.116 0.435 177
815.771 116.116 0.439 177
815.611 116.156 0.443 193
815.451 116.156 0.447 193
815.250 116.195 0.453 209
815.090 116.195 0.457 209
814.930 116.235 0.459 225
814.730 116.275 0.462 225
814.569 116.275 0.464 225
814.409 116.275 0.466 241
814.249 116.315 0.469 257
814.088 116.315 0.475 257
813.928 116.315 0.479 257
813.768 116.315 0.484 273
813.608 116.315 0.487 289
813.447 116.315 0.491 289
813.287 116.315 0.494 289
813.167 116.315 0.496 306
813.007 116.315 0.498 306
812.886 116.315 0.498 306
812.766 116.355 0.499 322
812.646 116.394 0.499 322
812.526 116.434 0.499 338
812.406 116.474 0.500 338
812.326 116.514 0.500 338
812.205 116.514 0.500 354
812.125 116.554 0.500 370
812.005 116.554 0.500 370
811.885 116.593 0.501 370
811.805 116.633 0.501 386
811.644 116.673 0.502 386
811.524 116.713 0.501 386
811.364 116.753 0.502 403
811.204 116.832 0.502 419
811.083 116.872 0.502 419
810.963 116.912 0.502 419
810.843 116.952 0.503 435
810.683 116.992 0.502 451
810.523 117.111 0.502 451
810.402 117.151 0.502 451
810.242 117.230 0.503 468
810.082 117.310 0.503 468
809.962 117.350 0.504 484
809.801 117.390 0.504 484
809.681 117.429 0.505 484
809.521 117.509 0.505 500
809.401 117.549 0.505 500
809.240 117.628 0.505 516
809.120 117.708 0.505 516
809.000 117.788 0.504 532
808.880 117.867 0.504 532
808.760 117.987 0.504 532
808.639 118.066 0.504 548
808.479 118.186 0.504 565
808.319 118.305 0.505 565
808.159 118.425 0.505 565
807.998 118.584 0.505 581
807.838 118.703 0.505 581
807.638 118.823 0.505 581
807.477 118.942 0.505 597
807.277 119.062 0.505 597
807.117 119.181 0.505 613
806.957 119.261 0.505 613
806.796 119.420 0.505 629
806.636 119.499 0.505 629
806.436 119.619 0.505 645
806.275 119.738 0.505 645
806.115 119.858 0.505 645
805.915 119.937 0.505 662
805.755 120.057 0.505 678
805.594 120.176 0.505 678
805.394 120.296 0.505 678
805.194 120.375 0.505 694
805.073 120.534 0.505 694
804.913 120.654 0.505 694
804.753 120.773 0.505 710
804.633 120.893 0.505 727
804.472 121.012 0.505 727
804.352 121.092 0.505 727
804.192 121.211 0.505 743
804.032 121.291 0.506 743
803.911 121.410 0.505 759
803.751 121.490 0.505 759
803.591 121.609 0.505 775
803.431 121.729 0.505 775
803.311 121.808 0.505 775
803.150 121.888 0.505 791
802.990 122.007 0.505 791
802.830 122.127 0.505 808
802.629 122.246 0.506 808
802.429 122.366 0.505 808
802.229 122.525 0.506 824
802.068 122.644 0.505 840
801.868 122.764 0.505 840
801.668 122.923 0.505 840
801.508 123.042 0.505 856
801.307 123.202 0.506 856
801.107 123.281 0.505 856
800.907 123.401 0.505 873
800.746 123.480 0.506 889
800.586 123.600 0.505 889
800.426 123.679 0.505 889
800.265 123.799 0.505 905
800.145 123.918 0.505 921
799.985 124.038 0.505 921
799.825 124.157 0.505 921
799.624 124.316 0.505 937
799.464 124.436 0.505 937
799.264 124.555 0.505 937
799.104 124.714 0.505 954
798.943 124.874 0.505 954
798.783 124.993 0.505 970
798.623 125.112 0.505 970
798.503 125.232 0.505 986
798.382 125.351 0.505 986
798.262 125.431 0.506 1002
798.142 125.550 0.505 1002
797.982 125.670 0.505 1002
797.861 125.789 0.505 1019
797.661 125.909 0.506 1019
797.501 126.068 0.506 1019
797.300 126.227 0.506 1035
797.100 126.386 0.506 1051
796.860 126.506 0.505 1051
796.659 126.665 0.505 1051
796.459 126.824 0.506 1067
796.299 126.944 0.505 1083
796.099 127.063 0.505 1083
795.938 127.182 0.506 1083
795.738 127.302 0.505 1099
795.578 127.421 0.506 1099
795.457 127.541 0.505 1099
795.297 127.660 0.506 1116
795.177 127.740 0.505 1132
795.017 127.859 0.505 1132
794.896 127.979 0.506 1132
794.736 128.098 0.505 1148
794.616 128.217 0.506 1148
794.496 128.417 0.505 1165
794.336 128.576 0.505 1165
794.175 128.695 0.506 1165
793.975 128.854 0.506 1181
793.775 129.014 0.505 1197
793.614 129.173 0.505 1197
793.454 129.332 0.506 1197
793.294 129.452 0.505 1213
793.174 129.611 0.505 1213
793.013 129.730 0.505 1213
792.893 129.889 0.505 1230
792.773 130.009 0.505 1246
792.653 130.128 0.505 1246
792.533 130.248 0.505 1246
792.412 130.367 0.505 1262
792.292 130.526 0.505 1262
792.172 130.686 0.505 1278
792.052 130.805 0.505 1278
791.972 130.964 0.505 1278
791.851 131.084 0.505 1295
791.731 131.243 0.505 1295
791.611 131.402 0.505 1311
791.491 131.561 0.505 1311
791.290 131.681 0.505 1327
791.170 131.840 0.504 1327
791.050 131.999 0.505 1327
790.930 132.159 0.505 1343
790.850 132.278 0.505 1360
790.730 132.397 0.505 1360
790.609 132.517 0.505 1360
790.529 132.636 0.505 1376
790.409 132.756 0.505 1376
790.329 132.915 0.505 1376
790.169 133.074 0.505 1392
790.048 133.193 0.505 1409
789.928 133.353 0.504 1409
789.808 133.512 0.505 1409
789.688 133.671 0.505 1425
789.568 133.791 0.505 1425
789.487 133.910 0.505 1441
789.367 134.069 0.505 1441
789.287 134.189 0.505 1458
789.207 134.308 0.505 1458
789.087 134.428 0.505 1458
789.047 134.547 0.505 1474
788.927 134.666 0.505 1474
788.806 134.786 0.505 1490
788.686 134.945 0.505 1490
788.566 135.144 0.505 1490
788.486 135.264 0.505 1506
788.326 135.423 0.505 1523
788.245 135.582 0.505 1523
788.165 135.701 0.504 1523
788.085 135.861 0.505 1539
787.965 135.980 0.504 1555
787.885 136.100 0.505 1555
787.805 136.219 0.505 1555
787.725 136.338 0.505 1571
787.644 136.498 0.505 1571
787.524 136.617 0.505 1571
787.444 136.736 0.505 1588
787.364 136.856 0.505 1588
787.284 137.015 0.505 1604
787.204 137.135 0.505 1604
787.164 137.254 0.504 1620
787.043 137.413 0.505 1620
786.963 137.572 0.505 1636
786.883 137.732 0.505 1636
786.763 137.891 0.505 1636
786.683 138.010 0.504 1653
786.563 138.209 0.505 1653
786.442 138.369 0.505 1653
786.322 138.528 0.505 1669
786.202 138.687 0.505 1685
786.122 138.846 0.505 1685
786.042 139.006 0.505 1685
785.922 139.125 0.505 1701
785.841 139.244 0.504 1718
785.801 139.404 0.504 1718
785.721 139.523 0.504 1718
785.641 139.682 0.504 1734
785.561 139.802 0.505 1734
785.481 139.921 0.505 1734
785.401 140.041 0.505 1750
785.280 140.160 0.505 1750
785.200 140.279 0.505 1767
785.080 140.399 0.505 1767
785.000 140.518 0.505 1783
784.920 140.638 0.505 1783
784.840 140.757 0.505 1799
784.800 140.877 0.505 1799
784.720 140.996 0.505 1799
784.679 141.115 0.505 1815
784.639 141.195 0.505 1815
784.559 141.314 0.505 1815
784.519 141.434 0.505 1831
784.439 141.553 0.505 1848
784.359 141.673 0.505 1848
784.279 141.792 0.505 1848
784.239 141.951 0.505 1864
784.159 142.071 0.505 1880
784.038 142.150 0.505 1880
783.998 142.270 0.505 1880
783.958 142.349 0.505 1897
783.878 142.429 0.505 1897
783.838 142.548 0.505 1913
783.798 142.628 0.505 1913
783.758 142.708 0.505 1929
783.678 142.787 0.505 1929
783.638 142.867 0.505 1929
783.558 142.947 0.505 1945
783.518 143.066 0.505 1945
783.437 143.146 0.505 1962
783.357 143.265 0.505 1962
783.277 143.384 0.505 1962
783.197 143.504 0.506 1978
783.157 143.583 0.506 1995
783.077 143.703 0.506 1995
783.037 143.783 0.506 1995
782.957 143.902 0.505 2011
782.917 143.982 0.505 2011
782.876 144.141 0.505 2011
782.836 144.220 0.505 2027
782.756 144.340 0.505 2044
782.716 144.459 0.505 2044
782.676 144.579 0.505 2044
782.596 144.698 0.505 2060
782.556 144.818 0.505 2060
782.476 144.977 0.505 2076
782.396 145.096 0.506 2076
782.316 145.216 0.505 2092
782.235 145.375 0.505 2092
782.195 145.494 0.506 2092
782.115 145.654 0.505 2108
782.075 145.773 0.505 2108
781.995 145.892 0.505 2124
781.915 146.012 0.505 2124
781.795 146.171 0.505 2124
781.755 146.290 0.505 2141
781.674 146.450 0.505 2157
781.594 146.609 0.505 2157
781.514 146.728 0.505 2157
781.474 146.888 0.505 2173
781.394 147.047 0.506 2173
781.314 147.126 0.505 2173
781.234 147.246 0.506 2189
781.154 147.405 0.505 2205
781.114 147.525 0.505 2205
781.073 147.644 0.505 2205
781.033 147.763 0.504 2221
780.953 147.923 0.504 2237
780.913 148.082 0.504 2237
780.873 148.201 0.504 2237
780.793 148.360 0.504 2253
780.753 148.520 0.504 2253
780.673 148.759 0.504 2253
780.633 148.958 0.504 2270
780.553 149.157 0.504 2270
780.472 149.356 0.504 2286
780.432 149.555 0.504 2286
780.352 149.754 0.505 2302
780.312 149.953 0.505 2302
780.232 150.152 0.505 2318
780.232 150.311 0.505 2318
780.152 150.510 0.504 2318
780.112 150.669 0.503 2334
780.112 150.868 0.502 2334
780.112 151.067 0.501 2334
780.112 151.227 0.501 2350
780.112 151.426 0.501 2367
780.112 151.585 0.501 2367
780.112 151.784 0.502 2367
780.072 151.983 0.502 2383
780.032 152.142 0.502 2399
780.032 152.341 0.502 2399
779.992 152.540 0.503 2399
779.952 152.700 0.503 2415
779.912 152.899 0.503 2415
779.871 153.098 0.503 2415
779.831 153.257 0.504 2431
779.751 153.456 0.504 2448
779.711 153.615 0.504 2448
779.711 153.814 0.504 2448
779.631 153.973 0.504 2464
779.591 154.173 0.504 2464
779.511 154.372 0.504 2480
779.511 154.531 0.504 2480
779.431 154.730 0.504 2496
779.391 154.889 0.504 2496
779.391 155.088 0.504 2496
779.351 155.247 0.504 2512
779.310 155.486 0.504 2512
779.230 155.645 0.504 2528
779.190 155.805 0.504 2528
779.190 155.964 0.504 2528
779.150 156.163 0.504 2545
779.110 156.322 0.504 2561
779.070 156.521 0.504 2561
779.070 156.680 0.504 2561
779.030 156.919 0.504 2577
778.990 157.118 0.504 2593
778.950 157.317 0.504 2593
778.910 157.516 0.505 2593
778.830 157.755 0.504 2609
778.790 157.994 0.505 2609
778.790 158.193 0.505 2609
778.750 158.392 0.505 2625
778.710 158.591 0.505 2625
778.629 158.790 0.505 2642
778.629 158.950 0.505 2642
778.589 159.109 0.505 2658
778.549 159.308 0.505 2658
778.509 159.467 0.505 2674
778.469 159.666 0.505 2674
778.429 159.905 0.505 2674
778.389 160.064 0.505 2690
778.349 160.263 0.505 2690
778.349 160.422 0.505 2690
778.309 160.621 0.505 2707
778.269 160.781 0.505 2723
778.269 160.940 0.505 2723
778.229 161.139 0.505 2723
778.189 161.298 0.505 2739
778.149 161.457 0.505 2755
778.149 161.656 0.506 2755
778.149 161.855 0.505 2755
778.109 162.094 0.506 2771
778.068 162.293 0.506 2771
778.068 162.492 0.506 2771
778.068 162.691 0.506 2787
778.028 162.891 0.506 2803
778.028 163.090 0.506 2803
778.028 163.249 0.506 2803
778.028 163.408 0.505 2820
778.028 163.567 0.506 2820
778.028 163.727 0.505 2836
778.028 163.926 0.506 2836
778.028 164.085 0.506 2836
778.028 164.324 0.507 2852
778.028 164.523 0.508 2868
778.028 164.722 0.508 2868
777.988 164.921 0.509 2868
777.988 165.120 0.509 2884
777.988 165.359 0.509 2884
777.988 165.558 0.510 2884
777.988 165.797 0.510 2900
777.988 166.035 0.510 2916
777.988 166.234 0.510 2916
777.948 166.433 0.510 2916
777.948 166.712 0.510 2933
777.948 166.911 0.511 2933
777.948 167.070 0.511 2949
777.948 167.269 0.511 2949
777.948 167.468 0.511 2965
777.908 167.628 0.511 2965
777.908 167.787 0.511 2965
777.908 167.986 0.511 2981
777.908 168.145 0.511 2981
777.908 168.344 0.512 2997
777.908 168.543 0.512 2997
777.908 168.703 0.512 3013
777.908 168.902 0.512 3013
777.908 169.101 0.513 3029
777.908 169.260 0.513 3029
777.908 169.379 0.513 3029
777.908 169.538 0.513 3046
777.988 169.658 0.513 3062
777.988 169.817 0.514 3062
778.028 169.937 0.514 3062
778.028 170.096 0.515 3078
778.068 170.255 0.516 3078
778.109 170.414 0.517 3078
778.109 170.613 0.517 3094
778.149 170.773 0.518 3110
778.149 170.932 0.519 3110
778.149 171.171 0.519 3110
778.149 171.370 0.519 3126
778.229 171.529 0.520 3126
778.269 171.688 0.520 3142
778.269 171.847 0.520 3142
778.349 172.007 0.520 3142
778.389 172.166 0.520 3158
778.469 172.325 0.520 3158
778.469 172.445 0.521 3175
778.509 172.604 0.521 3175
778.589 172.723 0.522 3191
778.629 172.882 0.522 3191
778.629 173.002 0.522 3191
778.669 173.161 0.523 3207
778.750 173.400 0.525 3223
778.790 173.559 0.526 3223
778.830 173.718 0.528 3223
778.910 173.878 0.530 3239
778.950 174.037 0.531 3239
778.990 174.156 0.532 3239
779.030 174.315 0.534 3255
779.110 174.475 0.534 3272
779.150 174.594 0.535 3272
779.190 174.714 0.537 3272
779.310 174.873 0.537 3288
779.391 174.992 0.538 3304
779.431 175.112 0.539 3304
779.511 175.271 0.540 3304
779.591 175.390 0.541 3320
779.711 175.589 0.543 3320
779.751 175.749 0.544 3320
779.831 175.908 0.546 3336
779.952 176.067 0.548 3352
780.032 176.266 0.550 3352
780.112 176.425 0.551 3352
780.232 176.585 0.552 3369
780.312 176.744 0.553 3369
780.432 176.903 0.554 3385
780.513 177.062 0.555 3385
780.593 177.182 0.555 3385
780.713 177.341 0.556 3401
780.833 177.460 0.556 3401
780.913 177.620 0.557 3401
781.033 177.779 0.557 3417
781.194 177.938 0.558 3434
781.274 178.097 0.559 3434
781.394 178.217 0.561 3434
781.514 178.376 0.563 3450
781.634 178.535 0.566 3466
781.714 178.694 0.568 3466
781.835 178.814 0.571 3466
781.955 178.973 0.573 3482
782.115 179.093 0.574 3482
782.235 179.212 0.575 3482
782.356 179.371 0.576 3498
782.516 179.491 0.577 3498
782.636 179.610 0.577 3514
782.756 179.729 0.578 3514
782.876 179.928 0.578 3531
782.997 180.048 0.578 3531
783.157 180.167 0.579 3547
783.277 180.327 0.579 3547
783.397 180.446 0.579 3547
783.518 180.565 0.579 3563
783.638 180.725 0.580 3579
783.758 180.844 0.580 3579
783.878 180.963 0.581 3579
783.998 181.083 0.582 3595
784.119 181.202 0.583 3595
784.199 181.282 0.584 3595
784.319 181.401 0.584 3612
784.399 181.521 0.585 3628
784.519 181.600 0.585 3628
784.639 181.720 0.585 3628
784.760 181.799 0.586 3644
784.880 181.879 0.586 3644
785.000 181.999 0.586 3660
785.120 182.078 0.587 3660
785.280 182.237 0.587 3677
785.401 182.357 0.587 3677
785.521 182.476 0.588 3677
785.601 182.596 0.588 3693
785.721 182.715 0.589 3693
785.841 182.834 0.590 3709
785.962 182.954 0.591 3709
786.082 183.073 0.591 3709
786.202 183.153 0.593 3725
786.322 183.272 0.594 3741
786.402 183.352 0.595 3741
786.563 183.471 0.597 3741
786.683 183.551 0.599 3757
786.803 183.631 0.600 3757
786.883 183.671 0.601 3757
787.003 183.750 0.602 3774
787.124 183.830 0.603 3790
787.204 183.949 0.604 3790
787.324 184.029 0.604 3790
787.444 184.108 0.605 3806
787.564 184.228 0.605 3822
787.685 184.347 0.606 3822
787.805 184.427 0.606 3822
787.925 184.506 0.606 3838
788.045 184.586 0.606 3838
788.165 184.626 0.607 3838
788.326 184.666 0.606 3855
788.406 184.745 0.608 3855
788.566 184.785 0.607 3871
788.646 184.865 0.609 3871
788.766 184.905 0.610 3887
788.846 184.984 0.610 3887
788.967 185.024 0.610 3903
789.047 185.064 0.611 3903
789.127 185.143 0.612 3903
789.247 185.183 0.613 3919
789.327 185.263 0.613 3919
789.447 185.342 0.614 3919
789.568 185.382 0.614 3935
789.688 185.422 0.614 3951
789.808 185.502 0.614 3951
789.928 185.542 0.614 3951
790.048 185.581 0.615 3968
790.169 185.621 0.614 3984
790.249 185.661 0.615 3984
790.369 185.661 0.616 3984
790.449 185.701 0.616 4000
790.569 185.780 0.616 4000
790.689 185.820 0.616 4000
790.850 185.860 0.616 4016
790.970 185.900 0.616 4033
791.090 185.979 0.616 4033
791.250 185.979 0.616 4033
791.411 185.979 0.616 4049
791.571 185.979 0.616 4049
791.691 185.979 0.617 4065
791.851 185.979 0.617 4065
791.972 185.979 0.617 4081
792.132 185.979 0.617 4081
792.252 185.979 0.618 4097
792.332 185.979 0.617 4097
792.492 185.979 0.618 4097
792.613 185.979 0.617 4113
792.733 185.979 0.617 4113
792.853 185.979 0.617 4113
793.013 185.979 0.618 4129
793.134 186.019 0.617 4146
793.294 186.019 0.618 4146
793.414 186.059 0.618 4146
793.534 186.059 0.618 4162
793.694 186.059 0.618 4178
793.815 186.059 0.618 4178
793.975 186.059 0.619 4178
794.135 186.059 0.618 4194
794.296 186.059 0.618 4194
794.496 186.059 0.618 4194
794.656 186.059 0.618 4210
794.816 186.059 0.618 4210
794.977 186.059 0.618 4226
795.137 186.059 0.618 4226
795.337 186.059 0.618 4226
795.497 186.059 0.618 4242
795.698 186.059 0.619 4259
795.858 186.059 0.618 4259
796.018 186.059 0.619 4259
796.179 186.059 0.619 4275
796.339 186.059 0.619 4291
796.459 186.059 0.619 4291
796.619 186.059 0.619 4291
796.780 186.019 0.619 4308
796.900 185.979 0.619 4308
797.060 185.940 0.619 4308
797.220 185.900 0.619 4324
797.381 185.860 0.619 4324
797.541 185.820 0.619 4340
797.661 185.780 0.619 4340
797.821 185.741 0.619 4356
798.022 185.701 0.619 4356
798.182 185.701 0.619 4373
798.382 185.621 0.619 4373
798.543 185.581 0.620 4373
798.743 185.542 0.620 4389
798.903 185.502 0.620 4389
799.063 185.422 0.620 4389
799.224 185.382 0.620 4406
799.384 185.342 0.620 4422
799.544 185.342 0.620 4422
799.705 185.303 0.620 4422
799.865 185.263 0.620 4438
800.025 185.223 0.620 4455
800.225 185.143 0.620 4455
800.426 185.064 0.620 4455
800.626 185.024 0.620 4471
800.866 184.905 0.620 4471
801.067 184.825 0.620 4471
801.307 184.745 0.620 4487
801.508 184.705 0.620 4503
801.668 184.626 0.620 4503
801.868 184.546 0.620 4503
802.028 184.467 0.620 4520
802.229 184.427 0.621 4520
802.389 184.387 0.620 4536
802.549 184.307 0.621 4536
802.709 184.268 0.620 4536
802.870 184.228 0.620 4552
803.030 184.148 0.621 4552
803.190 184.069 0.621 4568
803.391 183.989 0.621 4568
803.551 183.949 0.621 4584
803.751 183.870 0.621 4584
803.911 183.830 0.621 4584
804.032 183.750 0.621 4601
804.192 183.710 0.621 4617
804.352 183.671 0.621 4617
804.513 183.591 0.621 4617
804.633 183.551 0.621 4633
804.753 183.471 0.621 4633
804.913 183.432 0.621 4633
805.073 183.312 0.621 4649
805.234 183.233 0.621 4666
805.394 183.153 0.621 4666
805.554 183.073 0.621 4666
805.674 182.994 0.622 4682
805.835 182.874 0.621 4682
805.955 182.834 0.621 4698
806.115 182.715 0.621 4698
806.235 182.635 0.621 4714
806.396 182.596 0.621 4714
806.516 182.516 0.622 4714
806.636 182.476 0.622 4714
806.796 182.397 0.621 4730
806.957 182.317 0.622 4747
807.077 182.277 0.622 4747
807.237 182.198 0.622 4747
807.397 182.118 0.622 4763
807.598 181.999 0.622 4779
807.758 181.919 0.622 4779
807.918 181.760 0.622 4779
808.078 181.680 0.622 4795
808.199 181.600 0.622 4795
808.319 181.521 0.622 4811
808.439 181.441 0.622 4811
808.559 181.362 0.622 4827
808.679 181.322 0.622 4827
808.760 181.242 0.622 4827
808.880 181.163 0.622 4844
809.000 181.123 0.622 4844
809.160 181.003 0.622 4860
809.280 180.924 0.622 4860
809.441 180.804 0.622 4860
809.561 180.725 0.622 4876
809.721 180.605 0.622 4893
809.881 180.486 0.622 4893
810.042 180.406 0.622 4893
810.162 180.327 0.622 4909
810.322 180.207 0.622 4909
810.482 180.128 0.622 4909
810.603 180.048 0.622 4925
810.763 179.968 0.622 4941
810.883 179.809 0.623 4941
811.003 179.729 0.623 4941
811.164 179.610 0.623 4958
811.284 179.451 0.623 4974
811.444 179.331 0.622 4974
811.564 179.212 0.623 4974
811.724 179.132 0.623 4990
811.845 179.013 0.622 4990
811.965 178.933 0.623 4990
812.085 178.854 0.623 5006
812.205 178.774 0.622 5006
812.326 178.694 0.623 5023
812.446 178.615 0.623 5023
812.606 178.495 0.623 5039
812.726 178.376 0.623 5039
812.886 178.257 0.623 5055
813.007 178.177 0.623 5055
813.167 178.057 0.623 5055
813.327 177.938 0.623 5071
813.447 177.819 0.623 5071
813.608 177.739 0.623 5071
813.728 177.620 0.623 5087
813.848 177.500 0.623 5104
814.008 177.381 0.623 5104
814.129 177.261 0.623 5104
814.249 177.062 0.623 5120
814.369 176.943 0.623 5136
814.489 176.823 0.623 5136
814.649 176.664 0.623 5136
814.770 176.505 0.623 5152
814.890 176.386 0.623 5152
815.050 176.226 0.624 5152
815.170 176.067 0.623 5168
815.331 175.948 0.624 5185
815.451 175.788 0.624 5185
815.611 175.629 0.623 5185
815.731 175.510 0.624 5201
815.891 175.390 0.624 5201
816.052 175.231 0.624 5217
816.172 175.072 0.624 5217
816.332 174.873 0.624 5217
816.452 174.714 0.624 5234
816.573 174.594 0.624 5234
816.733 174.435 0.624 5250
816.853 174.315 0.625 5250
816.933 174.196 0.625 5266
817.094 174.077 0.625 5266
817.214 173.957 0.625 5266
817.334 173.838 0.626 5282
817.454 173.679 0.625 5299
817.574 173.559 0.625 5299
817.735 173.440 0.625 5299
817.855 173.320 0.626 5315
817.975 173.161 0.626 5315
818.135 173.042 0.626 5315
818.255 172.882 0.626 5331
818.376 172.763 0.626 5347
818.496 172.604 0.627 5347
818.616 172.484 0.628 5347
818.776 172.365 0.627 5364
818.856 172.246 0.628 5364
818.977 172.126 0.628 5380
819.097 172.046 0.629 5380
819.177 171.927 0.629 5396
819.297 171.847 0.630 5396
819.377 171.728 0.630 5396
819.497 171.609 0.630 5412
819.578 171.529 0.630 5412
819.698 171.370 0.630 5429
819.858 171.250 0.630 5429
819.938 171.131 0.630 5429
820.058 170.972 0.630 5445
820.219 170.852 0.631 5461
820.299 170.693 0.631 5461
820.419 170.574 0.631 5461
820.539 170.454 0.631 5478
820.659 170.295 0.631 5478
820.740 170.175 0.631 5478
820.860 170.096 0.631 5494
820.940 169.976 0.632 5510
821.020 169.897 0.631 5510
821.100 169.777 0.632 5510
821.220 169.698 0.632 5527
821.381 169.578 0.631 5543
821.461 169.459 0.631 5543
821.581 169.339 0.632 5543
821.701 169.220 0.632 5559
821.781 169.101 0.632 5559
821.861 168.981 0.632 5559
821.942 168.902 0.633 5575
822.022 168.782 0.633 5575
822.102 168.663 0.634 5592
822.182 168.543 0.634 5592
822.262 168.424 0.634 5592
822.382 168.265 0.635 5608
822.462 168.145 0.635 5624
822.543 167.946 0.635 5624
822.663 167.787 0.636 5624
822.743 167.628 0.637 5641
822.823 167.468 0.638 5641
822.943 167.309 0.639 5641
823.023 167.150 0.641 5657
823.104 166.991 0.644 5673
823.144 166.832 0.647 5673
823.224 166.712 0.650 5673
823.304 166.553 0.651 5689
823.384 166.433 0.653 5706
823.504 166.274 0.655 5706
823.584 166.115 0.656 5706
823.664 165.956 0.658 5722
823.825 165.757 0.659 5722
823.905 165.558 0.660 5722
824.025 165.398 0.661 5738
824.105 165.239 0.662 5738
824.185 165.080 0.663 5755
824.265 164.961 0.664 5755
824.346 164.801 0.665 5771
824.426 164.642 0.665 5771
824.546 164.523 0.666 5787
824.626 164.363 0.667 5787
824.706 164.204 0.667 5787
824.786 164.045 0.668 5803
824.906 163.886 0.668 5803
825.027 163.727 0.668 5803
825.147 163.527 0.668 5819
825.267 163.328 0.668 5835
825.387 163.169 0.668 5835
825.467 163.010 0.668 5835
825.548 162.891 0.668 5852
825.628 162.771 0.668 5868
825.708 162.652 0.669 5868
825.788 162.572 0.668 5868
825.828 162.492 0.669 5884
825.908 162.373 0.669 5884
825.988 162.293 0.669 5884
826.028 162.214 0.669 5901
826.149 162.134 0.669 5901
826.189 162.015 0.669 5917
826.269 161.935 0.669 5917
826.309 161.776 0.669 5933
826.389 161.656 0.669 5933
826.469 161.497 0.670 5949
826.509 161.258 0.670 5949
826.589 161.099 0.670 5949
826.669 160.940 0.670 5965
826.750 160.741 0.670 5982
826.790 160.582 0.670 5982
826.870 160.422 0.670 5982
826.910 160.303 0.671 5998
826.950 160.184 0.670 5998
827.030 160.064 0.670 5998
827.070 159.945 0.670 6014
827.110 159.865 0.671 6030
827.150 159.746 0.670 6030
827.190 159.666 0.671 6030
827.230 159.507 0.671 6047
827.270 159.387 0.671 6047
827.310 159.268 0.671 6063
827.391 159.109 0.670 6063
827.471 158.910 0.670 6063
827.511 158.750 0.671 6079
827.591 158.591 0.671 6079
827.631 158.472 0.671 6095
827.671 158.313 0.671 6095
827.751 158.193 0.671 6112
827.791 158.074 0.671 6112
827.831 157.954 0.671 6112
827.871 157.835 0.671 6128
827.911 157.715 0.671 6144
827.992 157.596 0.671 6144
828.032 157.477 0.671 6144
828.112 157.317 0.671 6161
828.192 157.198 0.671 6161
828.232 157.039 0.671 6161
828.312 156.879 0.671 6177
828.352 156.680 0.671 6193
828.432 156.481 0.671 6193
828.472 156.322 0.672 6193
828.553 156.123 0.671 6210
828.593 155.964 0.672 6210
828.633 155.844 0.672 6226
828.673 155.685 0.673 6226
828.713 155.526 0.674 6242
828.753 155.407 0.674 6242
828.793 155.287 0.674 6242
828.793 155.168 0.674 6258
828.833 155.008 0.675 6258
828.873 154.849 0.674 6274
828.913 154.690 0.675 6274
828.953 154.491 0.675 6274
828.953 154.332 0.675 6291
829.033 154.173 0.675 6307
829.033 153.973 0.675 6307
829.073 153.814 0.675 6307
829.154 153.655 0.675 6323
829.194 153.496 0.675 6323
829.194 153.337 0.675 6323
829.234 153.177 0.676 6339
829.274 153.058 0.675 6355
829.314 152.899 0.675 6355
829.354 152.779 0.676 6355
829.434 152.620 0.675 6372
829.474 152.461 0.675 6388
829.514 152.341 0.675 6388
829.554 152.142 0.675 6388
829.634 151.983 0.675 6404
829.674 151.824 0.676 6404
829.715 151.665 0.676 6404
829.795 151.545 0.676 6420
829.835 151.386 0.676 6420
829.875 151.227 0.675 6437
829.915 151.067 0.676 6437
829.955 150.948 0.676 6437
829.995 150.789 0.676 6453
830.035 150.630 0.676 6469
830.075 150.470 0.676 6469
830.115 150.351 0.676 6469
830.155 150.192 0.676 6485
830.195 150.032 0.676 6485
830.195 149.873 0.675 6485
830.235 149.754 0.676 6501
830.275 149.595 0.675 6518
830.315 149.435 0.676 6518
830.356 149.276 0.676 6518
830.396 149.117 0.676 6534
830.436 148.997 0.676 6550
830.436 148.838 0.676 6550
830.476 148.719 0.676 6550
830.516 148.599 0.677 6567
830.516 148.440 0.677 6567
830.556 148.321 0.677 6567
830.596 148.161 0.677 6583
830.636 148.002 0.676 6583
830.676 147.763 0.677 6599
830.716 147.604 0.677 6599
830.716 147.445 0.677 6615
830.756 147.246 0.677 6615
830.796 147.087 0.677 6631
830.796 146.888 0.677 6631
830.836 146.728 0.677 6631
830.876 146.569 0.677 6648
830.917 146.410 0.677 6648
830.957 146.211 0.678 6648
830.997 146.052 0.677 6664
831.037 145.853 0.677 6680
831.077 145.654 0.678 6680
831.117 145.415 0.678 6680
831.157 145.216 0.678 6697
831.277 145.017 0.679 6713
831.277 144.818 0.680 6713
831.317 144.618 0.681 6713
831.357 144.419 0.681 6729
831.397 144.220 0.682 6729
831.397 144.021 0.683 6729
831.437 143.862 0.685 6745
831.477 143.663 0.687 6761
831.477 143.504 0.688 6761
831.518 143.265 0.689 6761
831.558 143.066 0.690 6777
831.598 142.907 0.691 6777
831.598 142.708 0.691 6794
831.638 142.509 0.691 6794
831.678 142.349 0.692 6794
831.718 142.150 0.693 6810
831.718 141.951 0.693 6826
831.758 141.792 0.695 6826
831.798 141.593 0.696 6826
831.838 141.394 0.696 6842
831.838 141.195 0.698 6842
831.878 140.996 0.699 6842
831.918 140.797 0.701 6858
831.958 140.598 0.701 6875
831.958 140.439 0.701 6875
831.998 140.279 0.702 6875
831.998 140.120 0.703 6891
831.998 139.961 0.704 6891
832.038 139.802 0.704 6907
832.038 139.642 0.705 6907
832.038 139.443 0.705 6923
832.038 139.244 0.706 6923
832.078 139.085 0.708 6923
832.078 138.846 0.708 6940
832.078 138.687 0.709 6940
832.119 138.488 0.710 6956
832.119 138.329 0.711 6956
832.119 138.130 0.712 6956
832.119 137.970 0.712 6972
832.159 137.771 0.713 6989
832.159 137.612 0.712 6989
832.159 137.453 0.712 6989
832.239 137.254 0.714 7005
832.239 137.095 0.713 7005
832.279 136.896 0.714 7005
832.319 136.736 0.714 7021
832.319 136.498 0.714 7037
832.359 136.299 0.716 7037
832.359 136.060 0.715 7037
832.359 135.861 0.716 7053
832.399 135.662 0.717 7069
832.399 135.463 0.717 7069
832.439 135.264 0.718 7069
832.439 135.104 0.718 7086
832.439 134.905 0.719 7086
832.439 134.746 0.720 7086
832.439 134.587 0.720 7102
832.479 134.388 0.721 7118
832.479 134.189 0.722 7118
832.479 134.030 0.723 7118
832.479 133.870 0.723 7134
832.519 133.711 0.724 7134
832.519 133.552 0.724 7151
832.519 133.393 0.725 7151
832.519 133.233 0.725 7151
832.559 133.034 0.726 7167
832.559 132.875 0.727 7167
832.559 132.676 0.727 7183
832.599 132.517 0.728 7183
832.599 132.318 0.729 7199
832.639 132.079 0.730 7199
832.639 131.880 0.730 7199
832.639 131.721 0.730 7215
832.639 131.522 0.732 7232
832.639 131.362 0.732 7232
832.639 131.163 0.732 7232
832.639 131.044 0.733 7248
832.639 130.885 0.734 7248
832.639 130.725 0.734 7248
832.639 130.566 0.735 7264
832.639 130.407 0.735 7280
832.639 130.248 0.736 7280
832.639 130.088 0.736 7280
832.639 129.889 0.736 7296
832.639 129.730 0.736 7296
832.639 129.571 0.736 7313
832.639 129.452 0.737 7313
832.639 129.292 0.738 7329
832.639 129.133 0.738 7329
832.639 128.974 0.737 7329
832.599 128.815 0.738 7345
832.559 128.655 0.737 7345
832.519 128.496 0.738 7361
832.479 128.337 0.738 7361
832.439 128.217 0.738 7361
832.399 128.058 0.739 7377
832.359 127.939 0.739 7394
832.319 127.740 0.739 7394
832.279 127.620 0.740 7394
832.199 127.501 0.740 7410
832.159 127.382 0.740 7410
832.159 127.262 0.740 7410
832.119 127.103 0.740 7426
832.078 126.983 0.740 7442
832.038 126.864 0.741 7442
831.998 126.745 0.741 7442
831.958 126.625 0.741 7459
831.958 126.506 0.742 7475
831.878 126.386 0.742 7475
831.878 126.267 0.741 7475
831.798 126.147 0.741 7491
831.758 125.988 0.742 7491
831.718 125.869 0.742 7491
831.678 125.749 0.743 7508
831.638 125.630 0.743 7508
831.598 125.471 0.744 7524
831.518 125.351 0.744 7524
831.518 125.272 0.744 7540
831.477 125.152 0.745 7540
831.437 125.073 0.744 7557
831.397 124.953 0.745 7557
831.317 124.874 0.745 7557
831.277 124.754 0.746 7573
831.237 124.635 0.746 7573
831.197 124.515 0.746 7573
831.157 124.396 0.745 7589
831.117 124.276 0.746 7605
831.077 124.157 0.747 7605
830.997 124.038 0.747 7605
830.997 123.918 0.746 7622
830.917 123.799 0.747 7638
830.876 123.679 0.746 7638
830.836 123.600 0.747 7638
830.796 123.520 0.747 7654
830.756 123.401 0.747 7654
830.676 123.241 0.748 7654
830.636 123.162 0.747 7670
830.556 123.042 0.748 7670
830.516 122.923 0.748 7686
830.476 122.804 0.748 7686
830.436 122.684 0.748 7703
830.396 122.565 0.747 7703
830.356 122.445 0.748 7719
830.315 122.326 0.747 7719
830.235 122.206 0.748 7719
830.195 122.127 0.748 7735
830.115 122.007 0.748 7735
830.075 121.928 0.748 7735
829.995 121.808 0.748 7751
829.955 121.729 0.749 7768
829.875 121.609 0.748 7768
829.835 121.490 0.748 7768
829.755 121.410 0.749 7784
829.715 121.291 0.749 7801
829.634 121.211 0.749 7801
829.594 121.052 0.749 7801
829.514 120.972 0.749 7817
829.474 120.853 0.750 7817
829.394 120.813 0.749 7817
829.314 120.694 0.749 7833
829.274 120.614 0.749 7833
829.194 120.534 0.749 7849
829.154 120.455 0.749 7849
829.073 120.375 0.750 7865
829.033 120.296 0.750 7865
828.953 120.256 0.750 7881
828.913 120.176 0.750 7881
828.833 120.097 0.750 7881
828.793 120.057 0.750 7898
828.713 119.977 0.750 7898
828.633 119.897 0.750 7898
828.593 119.858 0.750 7914
828.513 119.818 0.750 7930
828.432 119.738 0.750 7930
828.392 119.698 0.751 7930
828.312 119.659 0.750 7946
828.272 119.619 0.750 7962
828.192 119.579 0.751 7962
828.112 119.539 0.750 7962
828.072 119.539 0.751 7979
827.992 119.499 0.751 7979
827.911 119.460 0.751 7979
827.871 119.460 0.751 7995
827.791 119.420 0.751 8011
827.751 119.420 0.751 8011
827.671 119.380 0.751 8011
827.631 119.380 0.751 8027
827.551 119.340 0.751 8027
827.511 119.340 0.751 8043
827.431 119.300 0.751 8043
827.391 119.261 0.751 8043
827.310 119.261 0.752 8059
827.230 119.221 0.751 8059
827.150 119.221 0.751 8076
827.070 119.221 0.751 8076
826.990 119.181 0.751 8092
826.910 119.181 0.751 8092
826.830 119.181 0.751 8092
826.750 119.181 0.751 8108
826.669 119.181 0.751 8124
826.589 119.141 0.751 8124
826.549 119.141 0.751 8124
826.469 119.141 0.751 8141
826.389 119.141 0.751 8141
826.269 119.141 0.751 8141
826.189 119.141 0.751 8157
826.109 119.141 0.751 8173
826.028 119.101 0.751 8173
825.948 119.101 0.752 8173
825.868 119.062 0.752 8190
825.748 119.062 0.752 8206
825.668 118.982 0.752 8206
825.588 118.942 0.752 8206
825.467 118.942 0.752 8222
825.387 118.902 0.752 8222
825.307 118.902 0.752 8222
825.187 118.863 0.752 8238
825.067 118.863 0.752 8238
824.987 118.863 0.752 8254
824.866 118.823 0.752 8254
824.746 118.823 0.752 8271
824.626 118.783 0.751 8271
824.506 118.783 0.752 8287
824.386 118.743 0.752 8287
824.265 118.743 0.752 8287
824.185 118.703 0.752 8304
824.065 118.663 0.752 8304
823.945 118.624 0.752 8304
823.865 118.584 0.752 8320
823.745 118.584 0.752 8336
823.624 118.544 0.752 8336
823.544 118.544 0.752 8336
823.424 118.544 0.752 8352
823.304 118.544 0.752 8369
823.184 118.544 0.752 8369
823.063 118.504 0.752 8369
822.943 118.504 0.752 8385
822.823 118.504 0.752 8385
822.663 118.504 0.751 8385
822.503 118.504 0.752 8401
822.382 118.464 0.752 8417
822.262 118.464 0.752 8417
822.142 118.464 0.752 8417
822.022 118.464 0.752 8433
821.901 118.464 0.751 8433
821.741 118.464 0.751 8450
821.581 118.464 0.750 8450
821.421 118.464 0.750 8450
821.260 118.464 0.750 8466
821.140 118.464 0.750 8482
820.980 118.504 0.750 8482
820.860 118.544 0.750 8482
820.740 118.584 0.750 8499
820.619 118.584 0.751 8499
820.499 118.584 0.751 8499
820.419 118.584 0.751 8515
820.299 118.584 0.751 8531
820.179 118.624 0.751 8531
820.058 118.624 0.751 8531
819.938 118.624 0.751 8547
819.858 118.663 0.751 8547
819.738 118.663 0.751 8564
819.618 118.703 0.751 8564
819.538 118.703 0.751 8564
819.417 118.743 0.751 8580
819.297 118.783 0.751 8580
819.137 118.823 0.751 8597
819.057 118.823 0.751 8597
818.937 118.863 0.751 8613
818.816 118.902 0.750 8613
818.696 118.942 0.751 8613
818.576 118.982 0.751 8629
818.456 118.982 0.751 8645
818.336 119.022 0.751 8645
818.215 119.062 0.751 8645
818.095 119.101 0.751 8662
817.975 119.181 0.750 8662
817.855 119.221 0.750 8662
817.695 119.300 0.751 8678
817.614 119.340 0.751 8695
817.494 119.420 0.751 8695
817.374 119.460 0.750 8695
817.294 119.539 0.749 8711
817.214 119.619 0.748 8711
817.134 119.698 0.749 8727
817.053 119.778 0.748 8727
816.973 119.858 0.747 8727
816.893 119.937 0.747 8743
816.813 119.977 0.745 8743
816.733 120.097 0.739 8759
816.653 120.216 0.726 8759
816.613 120.335 0.705 8776
816.533 120.534 0.665 8776
816.452 120.773 0.597 8776
816.292 121.012 0.493 8792
816.052 121.251 0.307 8808

