% x_coordinate y_coordinate pressure time
% shape 0, 193 points
1131.417 184.984 0.375 275
1131.658 184.905 0.377 292
1131.898 184.825 0.378 292
1132.099 184.785 0.378 292
1132.339 184.705 0.379 308
1132.539 184.666 0.379 324
1132.699 184.626 0.379 324
1132.900 184.586 0.379 324
1133.020 184.546 0.380 340
1133.220 184.506 0.380 340
1133.381 184.467 0.382 340
1133.541 184.387 0.384 356
1133.741 184.347 0.386 356
1133.901 184.307 0.387 373
1134.102 184.268 0.388 373
1134.262 184.228 0.388 389
1134.422 184.228 0.389 389
1134.623 184.188 0.389 405
1134.823 184.188 0.389 405
1135.023 184.108 0.389 405
1135.224 184.069 0.390 421
1135.424 183.989 0.390 421
1135.664 183.949 0.391 421
1135.865 183.790 0.391 438
1136.025 183.671 0.392 454
1136.225 183.591 0.392 454
1136.386 183.511 0.391 454
1136.546 183.392 0.392 470
1136.666 183.312 0.392 486
1136.786 183.272 0.392 486
1136.947 183.233 0.392 486
1137.067 183.193 0.392 503
1137.187 183.113 0.392 503
1137.347 183.073 0.392 503
1137.507 182.994 0.392 519
1137.668 182.914 0.393 535
1137.868 182.795 0.393 535
1138.028 182.715 0.393 535
1138.189 182.596 0.393 551
1138.349 182.516 0.393 551
1138.549 182.397 0.393 568
1138.750 182.317 0.393 568
1138.910 182.198 0.393 568
1139.070 182.118 0.393 584
1139.230 182.038 0.394 584
1139.431 181.959 0.394 600
1139.591 181.879 0.394 600
1139.751 181.799 0.393 616
1139.911 181.720 0.394 616
1140.032 181.680 0.393 616
1140.192 181.640 0.394 632
1140.312 181.600 0.394 648
1140.432 181.521 0.394 648
1140.553 181.401 0.393 648
1140.673 181.322 0.393 664
1140.793 181.242 0.394 680
1140.953 181.123 0.394 680
1141.073 181.003 0.394 680
1141.234 180.884 0.394 696
1141.354 180.764 0.395 696
1141.474 180.645 0.395 696
1141.554 180.565 0.394 712
1141.675 180.486 0.395 712
1141.755 180.366 0.395 728
1141.835 180.287 0.395 728
1141.915 180.207 0.395 745
1141.995 180.167 0.395 745
1142.075 180.088 0.394 761
1142.195 180.048 0.395 761
1142.275 179.968 0.395 761
1142.356 179.889 0.395 777
1142.476 179.809 0.395 777
1142.556 179.729 0.395 793
1142.636 179.650 0.395 793
1142.716 179.570 0.395 809
1142.796 179.451 0.395 809
1142.836 179.371 0.395 809
1142.917 179.292 0.395 825
1143.037 179.212 0.395 841
1143.077 179.093 0.395 841
1143.157 178.973 0.395 841
1143.237 178.893 0.396 857
1143.317 178.854 0.396 857
1143.357 178.774 0.396 857
1143.397 178.694 0.395 873
1143.477 178.615 0.396 889
1143.558 178.575 0.395 889
1143.638 178.495 0.396 889
1143.758 178.456 0.396 905
1143.838 178.376 0.396 905
1143.958 178.296 0.396 922
1144.038 178.257 0.396 922
1144.078 178.177 0.395 938
1144.159 178.097 0.396 938
1144.199 178.018 0.396 938
1144.319 177.978 0.396 954
1144.359 177.898 0.396 954
1144.439 177.858 0.397 970
1144.479 177.779 0.396 970
1144.559 177.699 0.397 970
1144.639 177.659 0.398 986
1144.720 177.580 0.398 1002
1144.800 177.500 0.397 1002
1144.840 177.460 0.398 1002
1144.920 177.421 0.399 1018
1145.000 177.341 0.399 1034
1145.040 177.301 0.399 1034
1145.080 177.222 0.399 1034
1145.160 177.182 0.399 1050
1145.200 177.102 0.399 1050
1145.280 177.022 0.398 1050
1145.320 176.943 0.399 1066
1145.401 176.903 0.400 1082
1145.441 176.784 0.400 1082
1145.521 176.704 0.400 1082
1145.561 176.664 0.400 1098
1145.601 176.585 0.401 1098
1145.641 176.505 0.401 1114
1145.681 176.425 0.401 1114
1145.761 176.346 0.401 1114
1145.801 176.266 0.402 1131
1145.881 176.186 0.402 1131
1145.962 176.107 0.401 1147
1146.042 176.027 0.402 1147
1146.122 175.908 0.402 1163
1146.202 175.828 0.402 1163
1146.282 175.749 0.402 1163
1146.322 175.669 0.402 1179
1146.402 175.550 0.403 1195
1146.443 175.470 0.402 1195
1146.483 175.390 0.402 1195
1146.523 175.311 0.403 1211
1146.603 175.231 0.404 1211
1146.643 175.151 0.404 1211
1146.683 175.032 0.407 1227
1146.763 174.952 0.411 1243
1146.803 174.873 0.413 1243
1146.843 174.793 0.414 1243
1146.883 174.714 0.415 1259
1146.923 174.634 0.415 1275
1146.963 174.515 0.416 1275
1147.003 174.435 0.416 1275
1147.043 174.355 0.416 1291
1147.124 174.236 0.417 1291
1147.164 174.156 0.418 1307
1147.204 174.037 0.418 1307
1147.244 173.878 0.418 1307
1147.324 173.718 0.418 1324
1147.404 173.559 0.419 1324
1147.524 173.320 0.419 1340
1147.724 173.042 0.419 1340
1147.885 172.763 0.414 1356
1148.085 172.445 0.396 1356
1148.326 172.007 0.355 1356
1148.526 171.569 0.252 1372

% x_coordinate y_coordinate pressure time
% shape 1, 1203 points
1168.880 150.829 0.077 0
1168.880 150.829 0.113 0
1168.880 150.829 0.147 1
1168.880 150.829 0.175 16
1168.880 150.829 0.197 16
1168.880 150.829 0.214 17
1168.840 150.829 0.232 32
1168.800 150.829 0.246 48
1168.760 150.829 0.261 48
1168.719 150.829 0.275 48
1168.679 150.829 0.290 64
1168.599 150.829 0.305 80
1168.519 150.829 0.316 80
1168.479 150.829 0.327 80
1168.399 150.829 0.339 97
1168.319 150.829 0.350 97
1168.279 150.829 0.358 97
1168.199 150.829 0.367 113
1168.119 150.868 0.375 113
1168.078 150.868 0.382 129
1167.998 150.868 0.389 129
1167.918 150.868 0.397 145
1167.798 150.868 0.402 145
1167.718 150.868 0.408 161
1167.598 150.868 0.413 161
1167.598 150.868 0.416 161
1167.478 150.868 0.419 177
1167.317 150.868 0.422 177
1167.237 150.868 0.425 177
1167.077 150.908 0.427 194
1166.917 150.908 0.429 210
1166.796 150.948 0.430 210
1166.636 150.988 0.433 210
1166.476 151.028 0.435 226
1166.235 151.107 0.438 242
1166.075 151.147 0.441 242
1165.875 151.227 0.443 242
1165.634 151.306 0.445 258
1165.434 151.386 0.448 258
1165.234 151.505 0.451 258
1164.993 151.585 0.456 274
1164.793 151.704 0.457 291
1164.593 151.824 0.458 291
1164.352 151.903 0.459 291
1164.112 151.983 0.460 307
1163.911 152.063 0.461 307
1163.671 152.182 0.463 323
1163.431 152.262 0.463 323
1163.150 152.381 0.464 339
1162.950 152.461 0.464 339
1162.750 152.580 0.465 339
1162.509 152.700 0.466 355
1162.349 152.819 0.466 355
1162.189 152.938 0.466 371
1161.988 153.018 0.466 371
1161.868 153.137 0.466 371
1161.708 153.217 0.466 388
1161.588 153.297 0.467 404
1161.427 153.337 0.467 404
1161.307 153.416 0.467 404
1161.187 153.496 0.468 420
1161.067 153.575 0.468 420
1160.906 153.655 0.468 420
1160.746 153.774 0.469 436
1160.586 153.854 0.469 452
1160.386 154.013 0.469 452
1160.185 154.133 0.470 452
1159.985 154.212 0.471 468
1159.825 154.332 0.473 468
1159.664 154.451 0.474 485
1159.504 154.531 0.477 485
1159.384 154.610 0.479 501
1159.264 154.690 0.480 501
1159.144 154.770 0.480 517
1159.023 154.849 0.481 517
1158.903 154.969 0.482 517
1158.783 155.048 0.482 533
1158.663 155.168 0.483 533
1158.502 155.287 0.483 549
1158.382 155.407 0.484 549
1158.262 155.526 0.484 565
1158.102 155.606 0.484 565
1157.982 155.725 0.484 565
1157.901 155.805 0.485 582
1157.781 155.924 0.485 598
1157.701 156.004 0.485 598
1157.581 156.083 0.485 598
1157.461 156.163 0.486 614
1157.381 156.242 0.486 614
1157.260 156.362 0.486 614
1157.180 156.481 0.487 630
1157.060 156.561 0.487 646
1156.940 156.641 0.487 646
1156.860 156.720 0.487 646
1156.740 156.840 0.487 663
1156.659 156.919 0.488 679
1156.579 156.999 0.488 679
1156.499 157.118 0.488 679
1156.379 157.238 0.489 695
1156.339 157.317 0.489 695
1156.219 157.437 0.490 695
1156.139 157.556 0.490 711
1156.058 157.676 0.491 711
1155.978 157.795 0.491 728
1155.898 157.875 0.491 728
1155.778 157.994 0.491 744
1155.658 158.113 0.491 744
1155.578 158.233 0.491 760
1155.457 158.313 0.492 760
1155.337 158.432 0.492 760
1155.257 158.512 0.492 777
1155.177 158.631 0.492 777
1155.097 158.750 0.492 793
1154.977 158.830 0.493 793
1154.856 158.910 0.493 809
1154.776 159.029 0.493 809
1154.696 159.149 0.493 809
1154.616 159.268 0.493 825
1154.496 159.348 0.493 825
1154.416 159.467 0.493 825
1154.376 159.586 0.493 841
1154.255 159.666 0.493 858
1154.175 159.746 0.493 858
1154.095 159.865 0.493 858
1154.015 159.984 0.493 874
1153.895 160.064 0.494 890
1153.815 160.184 0.494 890
1153.734 160.263 0.494 890
1153.614 160.383 0.494 906
1153.494 160.462 0.494 906
1153.414 160.542 0.494 906
1153.294 160.621 0.495 923
1153.214 160.701 0.496 939
1153.134 160.821 0.496 939
1153.053 160.860 0.496 939
1152.973 161.020 0.496 955
1152.933 161.099 0.497 955
1152.853 161.179 0.497 971
1152.773 161.258 0.497 971
1152.733 161.338 0.497 971
1152.653 161.418 0.498 987
1152.613 161.497 0.498 1003
1152.533 161.577 0.499 1003
1152.492 161.656 0.499 1003
1152.452 161.736 0.499 1020
1152.372 161.816 0.500 1020
1152.332 161.895 0.500 1020
1152.252 162.015 0.500 1036
1152.212 162.094 0.500 1052
1152.172 162.174 0.500 1052
1152.092 162.214 0.500 1052
1152.052 162.293 0.501 1068
1152.012 162.373 0.501 1084
1151.932 162.413 0.501 1084
1151.891 162.492 0.502 1084
1151.891 162.572 0.502 1100
1151.811 162.612 0.503 1100
1151.811 162.691 0.503 1100
1151.771 162.771 0.504 1117
1151.731 162.851 0.504 1117
1151.691 162.930 0.505 1133
1151.651 163.010 0.505 1133
1151.611 163.090 0.506 1149
1151.571 163.249 0.506 1149
1151.531 163.328 0.506 1165
1151.491 163.408 0.505 1165
1151.451 163.488 0.506 1165
1151.411 163.567 0.506 1181
1151.371 163.647 0.506 1181
1151.371 163.766 0.506 1181
1151.331 163.846 0.507 1197
1151.291 163.886 0.507 1213
1151.250 163.965 0.507 1213
1151.250 164.005 0.507 1213
1151.210 164.085 0.507 1230
1151.170 164.164 0.507 1246
1151.130 164.244 0.508 1246
1151.090 164.324 0.508 1246
1151.050 164.363 0.508 1262
1151.010 164.443 0.508 1262
1150.970 164.523 0.508 1262
1150.930 164.562 0.508 1278
1150.890 164.602 0.509 1294
1150.850 164.682 0.509 1294
1150.770 164.722 0.509 1294
1150.729 164.762 0.508 1310
1150.689 164.841 0.509 1310
1150.649 164.921 0.510 1326
1150.609 164.961 0.510 1326
1150.569 165.040 0.510 1343
1150.529 165.160 0.510 1343
1150.489 165.239 0.510 1359
1150.449 165.319 0.511 1359
1150.409 165.398 0.511 1359
1150.369 165.518 0.511 1375
1150.329 165.598 0.511 1375
1150.249 165.677 0.511 1375
1150.209 165.757 0.511 1391
1150.209 165.876 0.511 1407
1150.169 165.956 0.511 1407
1150.088 166.035 0.511 1407
1150.048 166.115 0.511 1423
1150.008 166.195 0.511 1440
1149.968 166.274 0.512 1440
1149.928 166.354 0.512 1440
1149.888 166.433 0.512 1456
1149.888 166.513 0.512 1456
1149.848 166.593 0.512 1456
1149.808 166.712 0.512 1472
1149.808 166.792 0.512 1488
1149.768 166.871 0.512 1488
1149.728 166.991 0.512 1488
1149.728 167.110 0.512 1504
1149.648 167.190 0.512 1504
1149.608 167.309 0.512 1504
1149.568 167.389 0.513 1520
1149.568 167.468 0.513 1537
1149.528 167.588 0.513 1537
1149.488 167.668 0.513 1537
1149.488 167.827 0.513 1553
1149.448 167.906 0.512 1553
1149.407 168.026 0.513 1569
1149.407 168.145 0.513 1569
1149.367 168.225 0.514 1585
1149.327 168.344 0.514 1585
1149.287 168.464 0.514 1585
1149.247 168.583 0.514 1603
1149.207 168.663 0.515 1603
1149.167 168.782 0.515 1619
1149.167 168.862 0.515 1619
1149.127 168.941 0.515 1619
1149.127 169.021 0.515 1635
1149.087 169.101 0.515 1652
1149.047 169.140 0.516 1652
1148.927 169.180 0.516 1652
1148.927 169.260 0.516 1668
1148.886 169.300 0.517 1668
1148.886 169.379 0.517 1684
1148.886 169.459 0.517 1684
1148.846 169.538 0.517 1684
1148.846 169.618 0.518 1700
1148.806 169.698 0.518 1700
1148.806 169.777 0.518 1716
1148.766 169.857 0.519 1716
1148.726 169.937 0.519 1732
1148.686 170.056 0.518 1732
1148.686 170.096 0.519 1732
1148.646 170.175 0.519 1748
1148.646 170.215 0.519 1765
1148.646 170.295 0.520 1765
1148.606 170.375 0.520 1765
1148.606 170.414 0.520 1781
1148.526 170.494 0.520 1781
1148.526 170.574 0.520 1781
1148.486 170.613 0.521 1797
1148.486 170.693 0.520 1813
1148.446 170.773 0.521 1813
1148.446 170.812 0.520 1813
1148.446 170.892 0.521 1829
1148.406 170.972 0.522 1829
1148.406 171.051 0.522 1845
1148.366 171.131 0.522 1845
1148.326 171.210 0.522 1845
1148.326 171.290 0.523 1861
1148.245 171.370 0.523 1878
1148.245 171.449 0.523 1878
1148.205 171.529 0.522 1878
1148.165 171.648 0.522 1895
1148.165 171.728 0.522 1895
1148.125 171.808 0.523 1895
1148.125 171.927 0.523 1911
1148.085 172.007 0.522 1927
1148.085 172.086 0.523 1927
1148.045 172.166 0.523 1927
1148.045 172.246 0.523 1943
1148.005 172.365 0.523 1960
1148.005 172.445 0.523 1960
1148.005 172.564 0.523 1960
1147.965 172.644 0.523 1976
1147.965 172.723 0.523 1976
1147.965 172.843 0.524 1976
1147.925 172.922 0.523 1992
1147.925 173.002 0.523 1992
1147.925 173.081 0.523 2009
1147.925 173.201 0.523 2009
1147.925 173.280 0.523 2009
1147.925 173.360 0.523 2025
1147.885 173.440 0.524 2041
1147.885 173.519 0.524 2041
1147.885 173.599 0.524 2041
1147.885 173.679 0.524 2058
1147.845 173.798 0.523 2058
1147.845 173.878 0.523 2058
1147.845 173.997 0.524 2074
1147.845 174.077 0.524 2090
1147.845 174.156 0.524 2090
1147.845 174.276 0.524 2090
1147.845 174.355 0.524 2107
1147.885 174.475 0.524 2123
1147.885 174.594 0.524 2123
1147.885 174.714 0.524 2123
1147.925 174.833 0.524 2139
1147.925 174.952 0.526 2139
1147.925 175.072 0.525 2139
1147.925 175.191 0.526 2156
1147.925 175.271 0.527 2156
1147.925 175.390 0.527 2172
1147.925 175.510 0.527 2172
1147.925 175.589 0.529 2188
1147.965 175.709 0.528 2188
1147.965 175.788 0.528 2204
1148.005 175.908 0.529 2204
1148.005 176.027 0.529 2204
1148.045 176.147 0.529 2221
1148.045 176.226 0.531 2221
1148.085 176.346 0.530 2221
1148.085 176.425 0.531 2237
1148.125 176.545 0.532 2253
1148.165 176.624 0.532 2253
1148.165 176.704 0.533 2253
1148.205 176.863 0.533 2269
1148.245 176.943 0.534 2286
1148.245 177.022 0.535 2286
1148.286 177.142 0.537 2286
1148.286 177.222 0.537 2302
1148.286 177.341 0.538 2302
1148.326 177.421 0.539 2302
1148.326 177.540 0.539 2318
1148.366 177.620 0.540 2334
1148.366 177.739 0.541 2334
1148.406 177.819 0.541 2334
1148.406 177.898 0.543 2351
1148.406 178.018 0.542 2351
1148.446 178.097 0.543 2367
1148.446 178.177 0.544 2367
1148.446 178.257 0.544 2367
1148.486 178.296 0.545 2383
1148.486 178.376 0.546 2383
1148.526 178.456 0.546 2383
1148.526 178.535 0.548 2400
1148.566 178.575 0.547 2416
1148.566 178.655 0.548 2416
1148.606 178.734 0.549 2416
1148.606 178.814 0.550 2432
1148.646 178.893 0.550 2448
1148.646 178.933 0.552 2448
1148.646 179.013 0.552 2448
1148.686 179.053 0.553 2465
1148.686 179.172 0.554 2465
1148.686 179.252 0.554 2465
1148.726 179.331 0.556 2481
1148.726 179.411 0.556 2497
1148.766 179.491 0.556 2497
1148.766 179.570 0.556 2497
1148.806 179.650 0.557 2514
1148.806 179.729 0.557 2514
1148.846 179.809 0.558 2530
1148.886 179.928 0.558 2530
1148.886 180.008 0.559 2530
1148.927 180.128 0.560 2546
1148.967 180.247 0.561 2546
1149.007 180.327 0.561 2546
1148.967 180.406 0.562 2563
1149.047 180.486 0.563 2579
1149.087 180.565 0.563 2579
1149.047 180.685 0.564 2579
1149.087 180.764 0.565 2595
1149.127 180.844 0.565 2612
1149.167 180.924 0.565 2612
1149.247 180.963 0.566 2612
1149.287 181.043 0.567 2628
1149.247 181.083 0.566 2628
1149.367 181.163 0.567 2628
1149.407 181.202 0.567 2644
1149.448 181.242 0.568 2661
1149.488 181.322 0.568 2661
1149.528 181.441 0.570 2661
1149.528 181.521 0.570 2677
1149.568 181.561 0.571 2677
1149.608 181.640 0.571 2693
1149.688 181.680 0.571 2693
1149.728 181.760 0.572 2693
1149.808 181.839 0.572 2710
1149.848 181.879 0.572 2710
1149.928 181.959 0.572 2726
1149.968 181.999 0.572 2726
1149.968 182.078 0.573 2742
1150.048 182.118 0.573 2742
1150.088 182.158 0.573 2742
1150.129 182.237 0.573 2758
1150.169 182.317 0.574 2775
1150.209 182.357 0.574 2775
1150.289 182.436 0.575 2775
1150.329 182.516 0.575 2791
1150.369 182.596 0.575 2791
1150.409 182.635 0.576 2791
1150.449 182.715 0.576 2807
1150.489 182.755 0.575 2823
1150.529 182.795 0.576 2823
1150.529 182.834 0.576 2823
1150.569 182.874 0.576 2839
1150.609 182.914 0.577 2839
1150.649 182.994 0.577 2855
1150.689 183.073 0.576 2855
1150.689 183.113 0.577 2855
1150.729 183.193 0.577 2872
1150.770 183.272 0.577 2888
1150.810 183.312 0.578 2888
1150.850 183.392 0.577 2888
1150.850 183.432 0.578 2904
1150.890 183.471 0.578 2904
1150.930 183.511 0.578 2904
1150.970 183.551 0.578 2921
1151.010 183.591 0.578 2937
1151.010 183.710 0.578 2937
1151.050 183.750 0.578 2937
1151.090 183.790 0.579 2953
1151.130 183.830 0.579 2953
1151.170 183.870 0.578 2969
1151.210 183.909 0.578 2969
1151.250 183.949 0.579 2969
1151.291 183.989 0.578 2986
1151.331 183.989 0.578 2986
1151.371 184.029 0.580 3002
1151.411 184.069 0.580 3002
1151.451 184.108 0.579 3018
1151.531 184.108 0.581 3018
1151.571 184.148 0.581 3018
1151.611 184.228 0.581 3034
1151.651 184.228 0.581 3051
1151.691 184.268 0.582 3051
1151.771 184.307 0.582 3051
1151.811 184.347 0.581 3067
1151.851 184.387 0.581 3067
1151.932 184.427 0.582 3067
1151.972 184.467 0.582 3083
1152.012 184.506 0.582 3099
1152.052 184.546 0.582 3099
1152.092 184.586 0.582 3099
1152.172 184.626 0.582 3115
1152.212 184.666 0.582 3115
1152.292 184.705 0.582 3131
1152.332 184.705 0.583 3131
1152.372 184.745 0.583 3148
1152.452 184.745 0.584 3148
1152.492 184.785 0.583 3148
1152.533 184.785 0.584 3164
1152.573 184.825 0.586 3164
1152.613 184.825 0.586 3180
1152.653 184.865 0.586 3180
1152.733 184.865 0.587 3180
1152.773 184.905 0.587 3197
1152.813 184.905 0.588 3213
1152.893 184.944 0.587 3213
1152.933 184.944 0.589 3213
1152.973 184.944 0.589 3229
1153.053 184.984 0.589 3229
1153.094 184.984 0.590 3229
1153.174 184.984 0.589 3246
1153.254 185.024 0.591 3262
1153.294 185.064 0.591 3262
1153.374 185.064 0.592 3262
1153.454 185.064 0.592 3278
1153.534 185.104 0.592 3295
1153.614 185.104 0.592 3295
1153.694 185.104 0.593 3295
1153.775 185.104 0.594 3311
1153.855 185.143 0.594 3311
1153.935 185.143 0.594 3311
1154.015 185.183 0.594 3327
1154.095 185.223 0.594 3343
1154.175 185.223 0.594 3343
1154.215 185.223 0.595 3343
1154.296 185.263 0.595 3359
1154.376 185.263 0.595 3359
1154.456 185.303 0.594 3376
1154.536 185.303 0.594 3376
1154.616 185.342 0.595 3376
1154.696 185.382 0.595 3392
1154.816 185.382 0.595 3392
1154.896 185.422 0.595 3408
1154.977 185.422 0.595 3408
1155.097 185.462 0.596 3424
1155.217 185.502 0.596 3424
1155.297 185.502 0.595 3424
1155.377 185.542 0.596 3441
1155.497 185.542 0.596 3457
1155.618 185.542 0.595 3457
1155.698 185.542 0.596 3457
1155.778 185.542 0.595 3473
1155.898 185.542 0.596 3473
1155.978 185.542 0.597 3473
1156.099 185.542 0.596 3489
1156.179 185.542 0.597 3506
1156.299 185.542 0.597 3506
1156.379 185.542 0.596 3506
1156.499 185.542 0.596 3522
1156.579 185.542 0.597 3522
1156.699 185.542 0.597 3538
1156.820 185.542 0.597 3538
1156.940 185.542 0.597 3554
1157.020 185.542 0.597 3554
1157.140 185.542 0.597 3554
1157.260 185.542 0.597 3570
1157.381 185.542 0.597 3570
1157.501 185.542 0.597 3587
1157.661 185.542 0.597 3587
1157.781 185.542 0.597 3603
1157.942 185.502 0.597 3619
1158.062 185.462 0.598 3619
1158.182 185.382 0.598 3619
1158.342 185.342 0.598 3635
1158.502 185.303 0.599 3635
1158.623 185.263 0.599 3635
1158.743 185.183 0.599 3651
1158.863 185.143 0.599 3668
1158.983 185.104 0.599 3668
1159.144 185.024 0.599 3668
1159.264 184.984 0.599 3684
1159.384 184.944 0.599 3700
1159.544 184.865 0.599 3700
1159.705 184.825 0.599 3700
1159.825 184.745 0.599 3716
1159.985 184.666 0.599 3716
1160.145 184.586 0.599 3716
1160.306 184.546 0.599 3733
1160.466 184.467 0.600 3733
1160.586 184.387 0.599 3749
1160.746 184.307 0.599 3749
1160.947 184.228 0.600 3765
1161.107 184.188 0.600 3765
1161.267 184.148 0.600 3781
1161.387 184.108 0.600 3781
1161.548 184.069 0.600 3781
1161.708 184.029 0.600 3797
1161.828 184.029 0.600 3797
1161.988 183.989 0.600 3797
1162.109 183.989 0.600 3813
1162.229 183.949 0.600 3829
1162.349 183.909 0.600 3829
1162.469 183.870 0.600 3829
1162.589 183.830 0.600 3846
1162.710 183.790 0.600 3846
1162.870 183.710 0.600 3862
1162.990 183.631 0.600 3862
1163.110 183.591 0.600 3878
1163.230 183.511 0.600 3878
1163.351 183.471 0.599 3894
1163.471 183.352 0.600 3894
1163.551 183.312 0.600 3894
1163.671 183.233 0.600 3910
1163.791 183.193 0.600 3910
1163.911 183.153 0.600 3910
1164.032 183.073 0.600 3926
1164.112 183.034 0.601 3942
1164.232 182.994 0.601 3942
1164.312 182.914 0.600 3942
1164.392 182.834 0.600 3958
1164.513 182.795 0.600 3974
1164.633 182.715 0.600 3974
1164.793 182.675 0.600 3974
1164.873 182.596 0.600 3991
1164.993 182.556 0.601 3991
1165.114 182.516 0.601 3991
1165.234 182.436 0.601 4007
1165.354 182.397 0.601 4023
1165.474 182.317 0.602 4023
1165.594 182.237 0.601 4023
1165.715 182.158 0.601 4039
1165.835 182.078 0.600 4039
1165.955 181.999 0.601 4055
1166.035 181.919 0.601 4055
1166.155 181.839 0.601 4071
1166.235 181.760 0.600 4071
1166.356 181.680 0.600 4071
1166.436 181.600 0.602 4087
1166.516 181.521 0.601 4087
1166.596 181.481 0.601 4103
1166.676 181.401 0.601 4103
1166.756 181.322 0.601 4103
1166.796 181.242 0.602 4119
1166.876 181.202 0.602 4136
1166.917 181.083 0.602 4136
1166.997 181.003 0.602 4136
1167.037 180.924 0.601 4152
1167.117 180.844 0.602 4168
1167.197 180.725 0.601 4168
1167.237 180.645 0.601 4168
1167.317 180.565 0.602 4184
1167.397 180.486 0.602 4184
1167.438 180.406 0.602 4184
1167.558 180.327 0.602 4200
1167.598 180.247 0.602 4200
1167.638 180.167 0.602 4216
1167.678 180.088 0.603 4216
1167.758 180.008 0.603 4238
1167.798 179.928 0.603 4238
1167.838 179.849 0.603 4239
1167.918 179.769 0.603 4239
1167.958 179.690 0.603 4254
1168.038 179.610 0.603 4270
1168.078 179.530 0.603 4270
1168.159 179.451 0.603 4270
1168.199 179.371 0.603 4286
1168.279 179.252 0.603 4303
1168.359 179.172 0.603 4303
1168.399 179.093 0.603 4303
1168.439 178.973 0.603 4319
1168.479 178.893 0.604 4319
1168.559 178.774 0.604 4319
1168.599 178.694 0.604 4335
1168.639 178.615 0.604 4335
1168.719 178.535 0.604 4352
1168.800 178.416 0.604 4352
1168.880 178.336 0.603 4368
1168.920 178.217 0.603 4368
1169.040 178.137 0.604 4384
1169.120 178.018 0.603 4384
1169.160 177.898 0.603 4384
1169.240 177.779 0.603 4400
1169.321 177.620 0.604 4400
1169.361 177.540 0.604 4400
1169.441 177.421 0.604 4417
1169.481 177.301 0.604 4433
1169.561 177.222 0.604 4433
1169.601 177.142 0.604 4433
1169.681 177.062 0.604 4449
1169.761 176.943 0.604 4465
1169.841 176.863 0.604 4465
1169.881 176.784 0.604 4465
1169.962 176.704 0.604 4482
1170.002 176.624 0.604 4482
1170.002 176.545 0.604 4498
1170.042 176.425 0.605 4498
1170.082 176.346 0.605 4498
1170.122 176.266 0.605 4514
1170.122 176.147 0.605 4514
1170.162 176.107 0.605 4514
1170.202 176.027 0.605 4531
1170.282 175.948 0.605 4547
1170.322 175.868 0.605 4547
1170.362 175.788 0.605 4547
1170.402 175.709 0.605 4563
1170.442 175.629 0.605 4580
1170.483 175.550 0.605 4580
1170.483 175.470 0.605 4580
1170.523 175.390 0.605 4596
1170.563 175.351 0.605 4596
1170.603 175.271 0.605 4596
1170.683 175.191 0.605 4612
1170.723 175.112 0.605 4628
1170.763 175.032 0.605 4628
1170.803 174.952 0.605 4628
1170.843 174.873 0.605 4645
1170.883 174.753 0.605 4645
1170.923 174.674 0.605 4661
1170.963 174.554 0.605 4661
1171.003 174.475 0.605 4661
1171.043 174.395 0.605 4677
1171.083 174.276 0.606 4677
1171.124 174.156 0.606 4694
1171.164 174.077 0.606 4694
1171.204 173.997 0.606 4710
1171.244 173.917 0.605 4710
1171.284 173.838 0.606 4710
1171.324 173.758 0.606 4726
1171.364 173.639 0.606 4742
1171.404 173.559 0.606 4742
1171.444 173.480 0.606 4742
1171.484 173.400 0.605 4759
1171.524 173.320 0.606 4759
1171.564 173.241 0.606 4759
1171.604 173.161 0.606 4775
1171.644 173.121 0.606 4791
1171.684 173.042 0.606 4791
1171.684 173.002 0.606 4791
1171.724 172.922 0.606 4807
1171.765 172.882 0.606 4807
1171.885 172.803 0.606 4824
1171.925 172.723 0.606 4824
1171.965 172.644 0.606 4840
1172.005 172.564 0.606 4840
1172.085 172.484 0.606 4840
1172.125 172.405 0.606 4856
1172.205 172.325 0.606 4856
1172.245 172.246 0.606 4872
1172.326 172.126 0.606 4872
1172.366 172.046 0.606 4872
1172.406 171.887 0.606 4888
1172.446 171.808 0.606 4905
1172.486 171.728 0.606 4905
1172.526 171.648 0.607 4905
1172.566 171.569 0.607 4921
1172.606 171.489 0.608 4921
1172.646 171.409 0.608 4921
1172.726 171.330 0.608 4937
1172.766 171.210 0.609 4954
1172.806 171.131 0.609 4954
1172.886 171.011 0.610 4954
1172.927 170.932 0.611 4970
1172.967 170.812 0.611 4986
1173.047 170.733 0.612 4986
1173.047 170.653 0.613 4986
1173.127 170.574 0.614 5002
1173.127 170.454 0.614 5002
1173.167 170.375 0.616 5002
1173.207 170.295 0.616 5019
1173.247 170.215 0.616 5019
1173.287 170.136 0.617 5035
1173.327 170.056 0.617 5035
1173.407 169.976 0.618 5051
1173.447 169.857 0.617 5051
1173.487 169.777 0.619 5068
1173.528 169.698 0.620 5068
1173.568 169.578 0.620 5068
1173.608 169.459 0.622 5084
1173.648 169.419 0.622 5084
1173.688 169.339 0.623 5084
1173.728 169.220 0.623 5100
1173.768 169.140 0.624 5117
1173.808 169.061 0.624 5117
1173.808 168.941 0.623 5117
1173.888 168.822 0.624 5133
1173.888 168.742 0.624 5149
1173.928 168.623 0.625 5149
1173.968 168.543 0.625 5149
1173.968 168.424 0.624 5165
1174.008 168.344 0.625 5165
1174.008 168.265 0.625 5165
1174.048 168.185 0.625 5181
1174.048 168.105 0.625 5181
1174.089 168.026 0.625 5198
1174.089 167.906 0.625 5198
1174.129 167.827 0.625 5198
1174.169 167.707 0.625 5214
1174.209 167.588 0.625 5230
1174.249 167.508 0.625 5230
1174.289 167.389 0.625 5230
1174.329 167.269 0.625 5246
1174.329 167.150 0.625 5246
1174.369 167.070 0.626 5246
1174.489 166.951 0.625 5263
1174.529 166.871 0.625 5279
1174.529 166.752 0.626 5279
1174.569 166.672 0.626 5279
1174.569 166.593 0.626 5295
1174.569 166.513 0.625 5312
1174.609 166.394 0.626 5312
1174.649 166.274 0.625 5312
1174.649 166.155 0.626 5328
1174.689 166.035 0.626 5328
1174.729 165.876 0.625 5328
1174.729 165.757 0.626 5344
1174.770 165.598 0.625 5344
1174.810 165.478 0.626 5361
1174.850 165.319 0.626 5361
1174.890 165.199 0.626 5377
1174.890 165.040 0.626 5377
1174.930 164.881 0.626 5393
1174.970 164.762 0.625 5393
1175.010 164.642 0.626 5393
1175.010 164.523 0.626 5410
1175.010 164.403 0.626 5410
1175.050 164.244 0.626 5410
1175.050 164.125 0.626 5426
1175.090 164.005 0.626 5442
1175.090 163.886 0.626 5442
1175.090 163.766 0.626 5442
1175.130 163.607 0.626 5458
1175.130 163.488 0.627 5475
1175.170 163.328 0.626 5475
1175.210 163.169 0.627 5475
1175.210 163.010 0.627 5491
1175.210 162.851 0.627 5491
1175.250 162.652 0.627 5491
1175.250 162.492 0.627 5507
1175.250 162.333 0.627 5507
1175.250 162.174 0.627 5524
1175.250 162.055 0.627 5524
1175.250 161.895 0.627 5540
1175.250 161.736 0.627 5540
1175.291 161.617 0.627 5556
1175.291 161.457 0.627 5556
1175.291 161.338 0.627 5556
1175.331 161.219 0.627 5572
1175.331 161.059 0.627 5572
1175.331 160.940 0.626 5572
1175.371 160.781 0.626 5588
1175.371 160.661 0.626 5604
1175.371 160.462 0.626 5604
1175.371 160.303 0.627 5604
1175.411 160.144 0.627 5621
1175.411 159.984 0.627 5637
1175.411 159.825 0.627 5637
1175.411 159.666 0.627 5637
1175.371 159.467 0.627 5653
1175.371 159.308 0.626 5653
1175.371 159.149 0.627 5653
1175.371 158.989 0.627 5670
1175.371 158.830 0.627 5686
1175.371 158.711 0.626 5686
1175.371 158.551 0.627 5686
1175.371 158.392 0.626 5702
1175.331 158.233 0.627 5702
1175.331 158.074 0.627 5719
1175.331 157.954 0.627 5719
1175.331 157.835 0.627 5719
1175.291 157.676 0.626 5735
1175.291 157.556 0.627 5735
1175.250 157.437 0.626 5751
1175.250 157.317 0.627 5751
1175.210 157.198 0.627 5767
1175.170 157.079 0.627 5767
1175.130 156.959 0.627 5767
1175.090 156.840 0.627 5783
1175.050 156.680 0.627 5800
1175.050 156.561 0.627 5800
1175.010 156.442 0.627 5800
1175.010 156.322 0.627 5816
1174.970 156.242 0.627 5816
1174.970 156.123 0.627 5816
1174.930 156.004 0.626 5832
1174.890 155.884 0.626 5849
1174.850 155.805 0.626 5849
1174.810 155.725 0.626 5849
1174.729 155.645 0.626 5865
1174.689 155.566 0.625 5865
1174.649 155.486 0.626 5881
1174.609 155.367 0.626 5881
1174.529 155.287 0.625 5897
1174.489 155.168 0.625 5897
1174.449 155.088 0.625 5897
1174.449 155.008 0.625 5913
1174.409 154.889 0.625 5913
1174.369 154.849 0.625 5929
1174.329 154.770 0.625 5929
1174.289 154.690 0.625 5929
1174.249 154.610 0.625 5946
1174.169 154.531 0.625 5963
1174.129 154.451 0.625 5963
1174.089 154.372 0.625 5963
1174.008 154.332 0.625 5979
1173.968 154.252 0.625 5979
1173.928 154.173 0.625 5979
1173.848 154.093 0.625 5995
1173.808 153.973 0.624 6011
1173.728 153.894 0.625 6011
1173.688 153.735 0.625 6011
1173.608 153.655 0.625 6028
1173.568 153.575 0.625 6044
1173.528 153.496 0.624 6044
1173.487 153.416 0.625 6044
1173.407 153.337 0.625 6060
1173.367 153.257 0.625 6060
1173.327 153.177 0.625 6060
1173.287 153.137 0.625 6076
1173.207 153.058 0.625 6092
1173.207 153.018 0.625 6092
1173.167 152.938 0.625 6092
1173.087 152.899 0.625 6109
1173.047 152.819 0.625 6109
1173.007 152.739 0.625 6125
1172.927 152.700 0.625 6125
1172.886 152.620 0.625 6125
1172.806 152.540 0.625 6141
1172.766 152.461 0.625 6141
1172.686 152.341 0.625 6141
1172.646 152.262 0.625 6157
1172.566 152.182 0.625 6174
1172.526 152.102 0.625 6174
1172.446 152.023 0.625 6174
1172.366 151.943 0.625 6190
1172.326 151.864 0.626 6206
1172.245 151.784 0.626 6206
1172.165 151.704 0.625 6206
1172.085 151.625 0.625 6223
1172.005 151.505 0.625 6223
1171.965 151.466 0.625 6223
1171.885 151.426 0.625 6239
1171.805 151.386 0.625 6255
1171.765 151.346 0.624 6255
1171.684 151.306 0.624 6255
1171.604 151.266 0.625 6271
1171.524 151.266 0.625 6271
1171.444 151.227 0.625 6288
1171.364 151.187 0.625 6288
1171.284 151.187 0.626 6288
1171.204 151.147 0.626 6304
1171.124 151.107 0.626 6304
1171.043 151.067 0.626 6320
1170.923 151.028 0.627 6320
1170.803 150.988 0.626 6337
1170.723 150.948 0.627 6337
1170.603 150.908 0.627 6337
1170.483 150.868 0.627 6353
1170.402 150.868 0.627 6369
1170.282 150.829 0.627 6369
1170.202 150.829 0.627 6369
1170.082 150.829 0.628 6386
1169.962 150.829 0.628 6386
1169.881 150.829 0.628 6386
1169.761 150.829 0.628 6402
1169.681 150.829 0.628 6418
1169.561 150.829 0.628 6418
1169.441 150.829 0.628 6418
1169.321 150.829 0.628 6435
1169.200 150.908 0.628 6435
1169.120 150.948 0.628 6451
1169.000 151.028 0.628 6451
1168.920 151.067 0.628 6467
1168.800 151.147 0.628 6467
1168.719 151.227 0.628 6467
1168.599 151.306 0.628 6483
1168.479 151.386 0.628 6483
1168.399 151.505 0.628 6500
1168.279 151.585 0.628 6500
1168.199 151.744 0.628 6500
1168.078 151.824 0.628 6516
1167.998 151.943 0.628 6532
1167.918 152.063 0.628 6532
1167.838 152.182 0.628 6532
1167.758 152.302 0.628 6549
1167.638 152.421 0.628 6549
1167.558 152.540 0.628 6549
1167.478 152.660 0.628 6565
1167.397 152.779 0.628 6581
1167.317 152.859 0.628 6581
1167.157 152.978 0.628 6581
1167.077 153.098 0.628 6597
1166.997 153.217 0.628 6597
1166.917 153.297 0.628 6613
1166.836 153.416 0.628 6613
1166.756 153.536 0.628 6629
1166.676 153.655 0.628 6629
1166.596 153.814 0.628 6629
1166.516 153.973 0.628 6646
1166.436 154.133 0.628 6646
1166.356 154.252 0.628 6662
1166.275 154.372 0.628 6662
1166.155 154.491 0.628 6678
1166.075 154.610 0.628 6678
1165.995 154.730 0.628 6694
1165.915 154.849 0.628 6694
1165.835 154.969 0.628 6694
1165.755 155.048 0.628 6710
1165.674 155.168 0.628 6710
1165.634 155.287 0.628 6726
1165.554 155.407 0.628 6726
1165.474 155.526 0.628 6742
1165.434 155.645 0.628 6742
1165.394 155.765 0.628 6742
1165.314 155.924 0.628 6758
1165.234 156.043 0.628 6774
1165.194 156.242 0.628 6774
1165.154 156.442 0.628 6774
1165.114 156.601 0.628 6790
1164.993 156.800 0.628 6790
1164.953 156.959 0.628 6790
1164.913 157.158 0.628 6806
1164.833 157.317 0.628 6822
1164.833 157.516 0.628 6822
1164.793 157.676 0.628 6822
1164.753 157.835 0.628 6838
1164.753 158.034 0.628 6838
1164.753 158.193 0.628 6854
1164.753 158.352 0.628 6854
1164.793 158.551 0.628 6870
1164.793 158.711 0.628 6870
1164.833 158.870 0.628 6870
1164.833 158.989 0.628 6886
1164.873 159.149 0.627 6886
1164.873 159.268 0.628 6902
1164.913 159.387 0.628 6902
1164.913 159.507 0.628 6902
1164.913 159.626 0.628 6918
1164.953 159.746 0.628 6935
1164.953 159.865 0.628 6935
1164.953 160.024 0.628 6935
1164.993 160.184 0.628 6951
1164.993 160.343 0.628 6951
1165.033 160.462 0.628 6951
1165.073 160.621 0.628 6967
1165.114 160.781 0.628 6983
1165.154 160.900 0.628 6983
1165.194 160.980 0.628 6983
1165.274 161.099 0.628 6999
1165.354 161.219 0.629 7015
1165.394 161.338 0.629 7015
1165.434 161.457 0.629 7015
1165.514 161.577 0.629 7031
1165.554 161.736 0.629 7031
1165.594 161.816 0.630 7047
1165.674 161.935 0.630 7047
1165.715 162.015 0.630 7047
1165.795 162.134 0.630 7063
1165.875 162.254 0.630 7063
1165.955 162.373 0.631 7079
1166.035 162.492 0.632 7079
1166.155 162.612 0.632 7095
1166.275 162.731 0.633 7095
1166.356 162.851 0.633 7095
1166.476 163.010 0.634 7111
1166.596 163.129 0.634 7127
1166.676 163.209 0.634 7127
1166.756 163.328 0.635 7127
1166.876 163.408 0.635 7144
1166.957 163.488 0.635 7144
1167.077 163.567 0.636 7144
1167.157 163.647 0.636 7160
1167.277 163.687 0.637 7176
1167.397 163.766 0.638 7176
1167.518 163.806 0.639 7176
1167.638 163.886 0.640 7192
1167.718 163.965 0.641 7208
1167.838 164.005 0.641 7208
1167.958 164.085 0.641 7208
1168.038 164.125 0.642 7224
1168.159 164.204 0.642 7224
1168.319 164.244 0.643 7224
1168.439 164.284 0.643 7240
1168.559 164.324 0.643 7240
1168.559 164.363 0.644 7257
1168.719 164.403 0.644 7257
1168.840 164.403 0.645 7273
1169.040 164.403 0.647 7273
1169.160 164.403 0.649 7289
1169.321 164.403 0.650 7289
1169.481 164.403 0.651 7289
1169.641 164.443 0.652 7305
1169.801 164.443 0.653 7321
1169.962 164.443 0.653 7321
1170.122 164.483 0.653 7321
1170.282 164.483 0.654 7338
1170.483 164.483 0.654 7338
1170.603 164.523 0.654 7338
1170.763 164.523 0.654 7354
1170.923 164.523 0.654 7370
1171.083 164.523 0.655 7370
1171.204 164.523 0.655 7370
1171.364 164.523 0.655 7386
1171.564 164.523 0.655 7386
1171.724 164.523 0.655 7402
1171.885 164.523 0.655 7402
1172.125 164.523 0.655 7418
1172.286 164.483 0.656 7418
1172.446 164.443 0.656 7418
1172.606 164.443 0.657 7435
1172.766 164.403 0.657 7435
1172.927 164.403 0.657 7451
1173.127 164.363 0.657 7451
1173.327 164.363 0.657 7451
1173.487 164.324 0.657 7467
1173.688 164.244 0.657 7483
1173.928 164.204 0.657 7483
1174.129 164.125 0.656 7483
1174.369 164.045 0.656 7499
1174.569 163.965 0.657 7499
1174.770 163.886 0.657 7499
1175.010 163.806 0.657 7516
1175.210 163.766 0.657 7532
1175.451 163.687 0.658 7532
1175.651 163.647 0.658 7532
1175.811 163.607 0.658 7548
1175.972 163.567 0.657 7564
1176.132 163.527 0.658 7564
1176.292 163.488 0.657 7564
1176.452 163.408 0.658 7580
1176.613 163.368 0.658 7580
1176.773 163.328 0.657 7580
1176.933 163.249 0.657 7597
1177.094 163.169 0.657 7597
1177.294 163.090 0.657 7613
1177.454 163.010 0.657 7613
1177.654 162.891 0.657 7629
1177.855 162.691 0.657 7629
1178.055 162.572 0.658 7645
1178.255 162.453 0.659 7645
1178.416 162.333 0.658 7645
1178.656 162.214 0.658 7661
1178.816 162.094 0.658 7661
1179.017 162.015 0.659 7677
1179.217 161.895 0.659 7677
1179.417 161.776 0.658 7693
1179.618 161.656 0.659 7693
1179.778 161.577 0.659 7693
1179.978 161.457 0.658 7709
1180.179 161.338 0.658 7725
1180.379 161.219 0.659 7725
1180.579 161.099 0.659 7725
1180.780 160.940 0.659 7742
1180.980 160.821 0.659 7742
1181.180 160.701 0.659 7742
1181.341 160.542 0.659 7758
1181.541 160.383 0.659 7774
1181.661 160.263 0.659 7774
1181.821 160.144 0.659 7774
1181.942 160.064 0.659 7790
1182.062 159.945 0.659 7790
1182.182 159.825 0.659 7806
1182.342 159.746 0.659 7806
1182.462 159.626 0.659 7822
1182.623 159.507 0.659 7822
1182.783 159.387 0.660 7822
1182.943 159.268 0.659 7838
1183.104 159.109 0.659 7838
1183.264 158.989 0.660 7855
1183.424 158.830 0.660 7855
1183.584 158.711 0.660 7855
1183.745 158.591 0.660 7871
1183.905 158.432 0.660 7887
1184.025 158.313 0.660 7887
1184.225 158.113 0.659 7887
1184.345 157.994 0.660 7903
1184.466 157.875 0.660 7919
1184.626 157.755 0.660 7919
1184.706 157.636 0.660 7919
1184.826 157.516 0.660 7935
1184.947 157.437 0.660 7935
1185.027 157.317 0.660 7935
1185.147 157.238 0.660 7951
1185.227 157.118 0.660 7951
1185.347 156.999 0.660 7968
1185.468 156.879 0.660 7968
1185.548 156.720 0.660 7968
1185.668 156.601 0.660 7984
1185.788 156.442 0.660 8000
1185.908 156.322 0.660 8000
1186.028 156.163 0.660 8000
1186.109 156.043 0.660 8016
1186.229 155.884 0.660 8033
1186.349 155.725 0.660 8033
1186.429 155.606 0.660 8033
1186.549 155.486 0.660 8049
1186.629 155.367 0.660 8049

