% x_coordinate y_coordinate pressure time
% shape 0, 794 points

754.947 220.850 0.410 274
754.906 220.969 0.413 274
754.786 221.129 0.416 290
754.706 221.248 0.422 290
754.626 221.407 0.430 306
754.506 221.567 0.437 306
754.426 221.726 0.445 306
754.346 221.925 0.451 322
754.265 222.124 0.457 322
754.185 222.402 0.460 339
754.065 222.641 0.463 339
753.945 222.880 0.465 355
753.825 223.159 0.468 355
753.664 223.398 0.469 355
753.584 223.676 0.471 371
753.464 223.955 0.474 387
753.344 224.234 0.476 387
753.224 224.552 0.478 387
753.144 224.791 0.482 404
753.023 225.030 0.485 404
752.943 225.269 0.487 404
752.863 225.508 0.489 420
752.783 225.746 0.490 436
752.663 226.025 0.491 436
752.583 226.264 0.492 436
752.503 226.463 0.492 453
752.462 226.702 0.492 453
752.382 226.941 0.493 469
752.302 227.140 0.493 469
752.262 227.339 0.493 469
752.182 227.538 0.493 485
752.102 227.697 0.493 502
752.022 227.856 0.494 502
751.942 228.016 0.494 502
751.901 228.215 0.494 518
751.821 228.374 0.494 518
751.741 228.573 0.494 518
751.701 228.772 0.495 534
751.621 229.051 0.495 550
751.541 229.210 0.495 550
751.501 229.449 0.495 550
751.421 229.608 0.496 566
751.381 229.807 0.495 566
751.341 229.966 0.496 583
751.300 230.165 0.496 583
751.260 230.324 0.496 599
751.220 230.484 0.496 599
751.140 230.643 0.496 599
751.100 230.802 0.496 615
751.100 231.001 0.496 615
751.020 231.160 0.496 632
750.980 231.399 0.496 632
750.900 231.558 0.497 632
750.860 231.757 0.497 648
750.780 231.956 0.497 664
750.740 232.116 0.498 664
750.659 232.275 0.498 664
750.619 232.434 0.499 680
750.539 232.593 0.499 680
750.499 232.753 0.499 680
750.459 232.912 0.500 696
750.419 233.031 0.500 713
750.379 233.191 0.500 713
750.339 233.350 0.500 713
750.339 233.509 0.500 729
750.299 233.708 0.501 745
750.259 233.827 0.501 745
750.219 233.987 0.501 745
750.179 234.106 0.502 761
750.179 234.265 0.502 761
750.139 234.425 0.502 761
750.099 234.544 0.502 777
750.018 234.703 0.502 777
749.978 234.823 0.502 793
749.938 234.982 0.503 793
749.898 235.101 0.503 810
749.858 235.221 0.503 810
749.818 235.340 0.503 826
749.778 235.460 0.503 826
749.738 235.579 0.503 826
749.698 235.698 0.504 842
749.658 235.818 0.503 842
749.618 235.977 0.504 842
749.578 236.097 0.504 858
749.538 236.216 0.504 874
749.497 236.335 0.505 874
749.457 236.455 0.506 874
749.417 236.574 0.507 890
749.377 236.694 0.509 906
749.297 236.813 0.510 906
749.257 236.933 0.511 906
749.257 237.052 0.512 922
749.217 237.211 0.513 922
749.177 237.291 0.513 922
749.097 237.450 0.514 938
749.097 237.569 0.514 955
749.057 237.689 0.515 955
749.017 237.808 0.515 955
748.977 237.928 0.516 971
748.937 238.047 0.516 971
748.896 238.206 0.517 987
748.856 238.326 0.516 987
748.776 238.445 0.517 987
748.736 238.565 0.517 1004
748.696 238.644 0.517 1004
748.656 238.764 0.518 1020
748.616 238.843 0.518 1020
748.576 238.923 0.518 1036
748.536 239.042 0.519 1036
748.496 239.122 0.519 1036
748.456 239.241 0.520 1052
748.416 239.361 0.521 1068
748.376 239.480 0.522 1068
748.336 239.600 0.522 1068
748.295 239.719 0.523 1085
748.255 239.839 0.523 1101
748.175 239.958 0.523 1101
748.135 240.077 0.523 1101
748.095 240.197 0.523 1117
748.055 240.316 0.524 1117
748.015 240.475 0.524 1117
748.015 240.555 0.524 1133
747.975 240.675 0.525 1133
747.935 240.834 0.525 1149
747.895 240.953 0.525 1149
747.855 241.073 0.525 1165
747.815 241.192 0.525 1165
747.775 241.311 0.526 1181
747.735 241.431 0.526 1181
747.695 241.550 0.526 1181
747.695 241.670 0.527 1198
747.654 241.789 0.527 1198
747.574 241.909 0.527 1198
747.534 242.068 0.529 1214
747.494 242.187 0.528 1230
747.454 242.346 0.528 1230
747.374 242.466 0.529 1230
747.334 242.625 0.529 1246
747.294 242.824 0.529 1263
747.214 242.944 0.530 1263
747.174 243.063 0.529 1263
747.093 243.222 0.530 1279
747.053 243.342 0.530 1279
747.053 243.421 0.530 1279
747.013 243.541 0.530 1295
746.933 243.620 0.531 1311
746.893 243.740 0.531 1311
746.853 243.859 0.532 1311
746.813 243.979 0.533 1327
746.733 244.098 0.534 1327
746.693 244.217 0.537 1343
746.653 244.337 0.538 1343
746.573 244.496 0.540 1343
746.533 244.616 0.541 1360
746.452 244.735 0.541 1360
746.412 244.894 0.542 1376
746.372 245.053 0.543 1376
746.332 245.173 0.543 1392
746.292 245.292 0.543 1392
746.212 245.412 0.543 1392
746.172 245.491 0.543 1408
746.132 245.651 0.544 1424
746.092 245.730 0.544 1424
746.052 245.850 0.544 1424
746.012 245.969 0.546 1441
745.972 246.088 0.545 1441
745.932 246.208 0.545 1457
745.891 246.327 0.546 1457
745.851 246.447 0.546 1457
745.771 246.566 0.546 1473
745.731 246.646 0.547 1473
745.731 246.765 0.548 1489
745.691 246.845 0.549 1489
745.651 246.964 0.550 1505
745.611 247.044 0.551 1505
745.571 247.123 0.553 1505
745.571 247.243 0.554 1521
745.531 247.402 0.555 1538
745.491 247.482 0.557 1538
745.451 247.601 0.557 1538
745.411 247.681 0.558 1554
745.411 247.800 0.559 1554
745.371 247.880 0.560 1554
745.371 247.959 0.561 1570
745.331 248.039 0.562 1586
745.250 248.159 0.563 1586
745.250 248.238 0.565 1586
745.210 248.318 0.565 1603
745.170 248.397 0.565 1603
745.170 248.517 0.566 1619
745.130 248.596 0.567 1619
745.090 248.716 0.567 1635
745.090 248.795 0.568 1635
745.050 248.915 0.568 1635
745.050 248.994 0.568 1651
745.010 249.114 0.570 1651
744.970 249.194 0.570 1667
744.930 249.313 0.570 1667
744.890 249.432 0.571 1667
744.850 249.552 0.571 1683
744.850 249.671 0.571 1700
744.810 249.791 0.572 1700
744.770 249.870 0.572 1700
744.770 249.990 0.572 1716
744.730 250.109 0.573 1732
744.730 250.189 0.574 1732
744.689 250.308 0.574 1732
744.689 250.428 0.575 1749
744.649 250.507 0.575 1749
744.609 250.666 0.576 1749
744.569 250.746 0.577 1765
744.529 250.865 0.577 1765
744.489 251.025 0.578 1781
744.449 251.144 0.580 1781
744.409 251.264 0.580 1797
744.369 251.383 0.581 1797
744.329 251.502 0.580 1813
744.289 251.622 0.582 1813
744.249 251.741 0.582 1813
744.169 251.861 0.581 1829
744.129 252.020 0.583 1829
744.089 252.139 0.583 1846
744.048 252.259 0.583 1846
744.008 252.378 0.583 1862
743.968 252.498 0.583 1862
743.888 252.617 0.583 1862
743.848 252.736 0.584 1878
743.808 252.856 0.584 1894
743.768 252.975 0.584 1894
743.728 253.095 0.585 1894
743.648 253.214 0.584 1911
743.608 253.294 0.585 1911
743.528 253.413 0.587 1927
743.487 253.533 0.586 1927
743.447 253.652 0.587 1927
743.327 253.771 0.588 1943
743.287 253.891 0.589 1943
743.207 254.050 0.591 1943
743.167 254.170 0.591 1959
743.087 254.329 0.592 1975
743.047 254.488 0.594 1975
743.007 254.607 0.595 1975
742.967 254.727 0.595 1991
742.927 254.846 0.596 2008
742.886 254.966 0.596 2008
742.846 255.085 0.596 2008
742.806 255.205 0.598 2024
742.806 255.284 0.598 2024
742.726 255.404 0.598 2024
742.686 255.483 0.599 2040
742.646 255.603 0.600 2056
742.646 255.722 0.600 2056
742.606 255.802 0.602 2056
742.526 255.921 0.602 2072
742.526 256.041 0.603 2072
742.486 256.120 0.603 2089
742.446 256.240 0.603 2089
742.406 256.319 0.604 2105
742.366 256.399 0.605 2105
742.326 256.558 0.606 2105
742.285 256.638 0.607 2121
742.245 256.717 0.607 2121
742.205 256.837 0.608 2137
742.125 256.916 0.610 2137
742.085 256.996 0.610 2137
742.005 257.115 0.611 2153
741.965 257.195 0.612 2170
741.885 257.314 0.613 2170
741.805 257.394 0.614 2170
741.765 257.513 0.615 2186
741.684 257.633 0.615 2202
741.644 257.752 0.616 2202
741.564 257.912 0.616 2202
741.484 258.031 0.617 2218
741.444 258.150 0.617 2218
741.364 258.270 0.617 2218
741.324 258.389 0.618 2234
741.204 258.509 0.618 2234
741.124 258.668 0.618 2250
741.083 258.827 0.618 2250
741.043 258.947 0.620 2266
740.963 259.106 0.620 2266
740.923 259.225 0.621 2283
740.843 259.384 0.622 2283
740.803 259.544 0.622 2283
740.763 259.663 0.623 2299
740.723 259.783 0.623 2299
740.683 259.902 0.622 2315
740.643 260.021 0.624 2315
740.563 260.141 0.624 2331
740.523 260.260 0.624 2331
740.482 260.419 0.625 2331
740.402 260.539 0.625 2347
740.362 260.698 0.625 2363
740.282 260.818 0.626 2363
740.242 260.977 0.626 2363
740.162 261.176 0.626 2379
740.122 261.295 0.627 2379
740.042 261.454 0.626 2379
740.002 261.574 0.627 2395
739.962 261.693 0.627 2412
739.922 261.813 0.627 2412
739.881 261.932 0.627 2412
739.881 262.052 0.628 2428
739.841 262.171 0.627 2444
739.801 262.290 0.628 2444
739.761 262.370 0.628 2444
739.721 262.490 0.629 2461
739.681 262.569 0.630 2461
739.641 262.689 0.629 2461
739.601 262.768 0.630 2477
739.601 262.888 0.630 2477
739.561 263.007 0.630 2493
739.521 263.087 0.630 2493
739.481 263.206 0.630 2493
739.441 263.325 0.630 2509
739.401 263.445 0.631 2525
739.361 263.564 0.631 2525
739.321 263.644 0.631 2525
739.240 263.724 0.632 2542
739.200 263.843 0.632 2542
739.160 263.923 0.633 2542
739.160 264.002 0.634 2558
739.120 264.122 0.634 2574
739.080 264.241 0.635 2574
739.040 264.361 0.634 2574
739.000 264.480 0.634 2590
738.960 264.599 0.636 2590
738.880 264.679 0.635 2607
738.840 264.798 0.635 2607
738.800 264.918 0.636 2623
738.800 264.997 0.636 2623
738.760 265.117 0.636 2623
738.720 265.196 0.636 2639
738.680 265.316 0.636 2639
738.639 265.435 0.636 2655
738.599 265.555 0.638 2655
738.559 265.634 0.637 2655
738.519 265.794 0.638 2671
738.479 265.913 0.638 2688
738.479 266.032 0.638 2688
738.439 266.112 0.638 2688
738.359 266.232 0.638 2704
738.359 266.351 0.638 2704
738.319 266.431 0.638 2704
738.279 266.550 0.638 2720
738.239 266.669 0.638 2736
738.199 266.789 0.638 2736
738.159 266.908 0.638 2736
738.119 267.028 0.638 2753
738.078 267.147 0.639 2769
737.998 267.267 0.639 2769
737.998 267.386 0.639 2769
737.958 267.505 0.639 2785
737.878 267.625 0.639 2785
737.878 267.704 0.639 2785
737.798 267.824 0.639 2801
737.758 267.903 0.639 2801
737.718 268.063 0.640 2817
737.678 268.182 0.639 2817
737.638 268.301 0.639 2834
737.598 268.421 0.640 2834
737.558 268.540 0.640 2850
737.518 268.620 0.640 2850
737.437 268.739 0.640 2850
737.397 268.819 0.640 2866
737.357 268.938 0.640 2866
737.277 269.058 0.641 2882
737.237 269.177 0.640 2882
737.197 269.337 0.641 2898
737.117 269.456 0.641 2898
737.037 269.575 0.641 2898
736.997 269.735 0.641 2914
736.917 269.854 0.641 2930
736.876 270.013 0.641 2930
736.836 270.133 0.641 2930
736.796 270.252 0.642 2947
736.756 270.411 0.641 2963
736.716 270.531 0.642 2963
736.676 270.650 0.642 2963
736.596 270.770 0.642 2979
736.556 270.849 0.642 2979
736.516 270.969 0.642 2979
736.476 271.088 0.642 2995
736.396 271.208 0.643 2995
736.356 271.327 0.642 3011
736.276 271.486 0.642 3011
736.235 271.606 0.643 3011
736.195 271.725 0.642 3027
736.115 271.844 0.643 3043
736.075 271.964 0.643 3043
735.995 272.123 0.643 3043
735.955 272.203 0.643 3060
735.915 272.322 0.643 3060
735.875 272.442 0.643 3060
735.835 272.601 0.643 3076
735.755 272.760 0.643 3092
735.755 272.879 0.643 3092
735.674 272.999 0.644 3092
735.634 273.158 0.644 3108
735.594 273.317 0.644 3124
735.514 273.437 0.644 3124
735.434 273.596 0.644 3124
735.354 273.755 0.644 3140
735.314 273.875 0.644 3140
735.234 274.034 0.644 3140
735.154 274.153 0.645 3156
735.114 274.313 0.645 3172
735.073 274.432 0.644 3172
735.033 274.551 0.645 3172
734.953 274.711 0.645 3189
734.913 274.830 0.645 3189
734.873 274.989 0.645 3205
734.793 275.149 0.645 3205
734.753 275.308 0.645 3205
734.673 275.467 0.645 3221
734.633 275.626 0.645 3221
734.593 275.746 0.645 3237
734.513 275.905 0.645 3237
734.472 276.024 0.645 3254
734.392 276.144 0.645 3254
734.352 276.263 0.645 3254
734.312 276.383 0.645 3270
734.232 276.502 0.645 3286
734.192 276.621 0.646 3286
734.152 276.741 0.645 3286
734.112 276.860 0.646 3302
734.032 276.980 0.645 3302
733.992 277.099 0.646 3302
733.952 277.298 0.647 3318
733.912 277.418 0.646 3334
733.831 277.537 0.646 3334
733.791 277.656 0.647 3334
733.751 277.776 0.646 3351
733.711 277.895 0.647 3367
733.631 278.015 0.647 3367
733.591 278.134 0.646 3367
733.551 278.254 0.647 3383
733.511 278.373 0.646 3383
733.471 278.492 0.646 3383
733.391 278.612 0.647 3399
733.351 278.731 0.647 3399
733.310 278.851 0.647 3415
733.230 278.970 0.647 3415
733.150 279.090 0.646 3431
733.070 279.169 0.647 3431
733.030 279.289 0.647 3448
732.990 279.368 0.647 3448
732.910 279.488 0.647 3448
732.910 279.607 0.647 3464
732.830 279.727 0.647 3464
732.790 279.846 0.647 3464
732.750 279.965 0.647 3480
732.709 280.125 0.646 3496
732.669 280.244 0.647 3496
732.589 280.403 0.647 3496
732.549 280.563 0.647 3512
732.509 280.722 0.648 3528
732.469 280.881 0.647 3528
732.429 281.040 0.647 3528
732.389 281.160 0.648 3545
732.349 281.319 0.647 3545
732.309 281.438 0.648 3545
732.269 281.558 0.648 3561
732.229 281.637 0.647 3577
732.189 281.757 0.648 3577
732.149 281.916 0.648 3577
732.109 282.035 0.647 3593
732.068 282.155 0.648 3593
731.988 282.274 0.648 3609
731.948 282.394 0.648 3609
731.868 282.513 0.648 3609
731.828 282.633 0.648 3626
731.748 282.712 0.648 3626
731.668 282.832 0.649 3642
731.628 282.951 0.648 3642
731.588 283.070 0.648 3658
731.548 283.190 0.648 3658
731.508 283.309 0.648 3658
731.427 283.429 0.648 3674
731.387 283.508 0.648 3691
731.347 283.628 0.648 3691
731.267 283.787 0.649 3691
731.187 283.906 0.648 3707
731.147 283.986 0.648 3707
731.027 284.105 0.649 3707
730.947 284.265 0.648 3723
730.906 284.384 0.649 3739
730.826 284.504 0.649 3739
730.786 284.583 0.648 3739
730.706 284.703 0.649 3755
730.666 284.822 0.649 3755
730.586 284.902 0.648 3772
730.546 285.021 0.649 3772
730.506 285.101 0.649 3788
730.426 285.180 0.649 3788
730.386 285.260 0.650 3804
730.346 285.339 0.650 3804
730.265 285.419 0.649 3804
730.185 285.499 0.650 3820
730.105 285.618 0.650 3820
730.025 285.738 0.650 3820
729.905 285.857 0.651 3836
729.825 285.976 0.650 3852
729.745 286.096 0.650 3852
729.664 286.215 0.651 3852
729.624 286.335 0.651 3869
729.544 286.414 0.651 3885
729.464 286.494 0.651 3885
729.384 286.613 0.651 3885
729.304 286.693 0.652 3901
729.224 286.733 0.652 3901
729.144 286.812 0.651 3901
729.063 286.892 0.652 3917
728.983 286.972 0.652 3917
728.863 287.051 0.652 3933
728.783 287.131 0.653 3933
728.663 287.250 0.653 3949
728.583 287.370 0.654 3949
728.462 287.449 0.655 3966
728.382 287.529 0.655 3966
728.302 287.648 0.655 3966
728.262 287.728 0.655 3982
728.182 287.768 0.656 3998
728.102 287.808 0.657 3998
728.022 287.887 0.658 3998
727.942 287.927 0.659 4014
727.861 288.007 0.661 4014
727.741 288.046 0.661 4030
727.661 288.126 0.663 4030
727.541 288.206 0.665 4030
727.461 288.245 0.666 4047
727.381 288.325 0.668 4047
727.260 288.365 0.670 4063
727.180 288.405 0.671 4063
727.060 288.445 0.672 4079
726.980 288.484 0.674 4079
726.860 288.524 0.674 4079
726.780 288.564 0.675 4095
726.700 288.604 0.676 4112
726.619 288.644 0.677 4112
726.539 288.723 0.678 4112
726.419 288.763 0.679 4128
726.339 288.803 0.679 4128
726.219 288.922 0.681 4128
726.139 288.962 0.681 4144
726.018 289.002 0.682 4160
725.938 289.042 0.683 4160
725.858 289.081 0.685 4160
725.738 289.121 0.685 4176
725.658 289.161 0.688 4176
725.538 289.201 0.687 4192
725.417 289.281 0.689 4192
725.297 289.320 0.689 4192
725.177 289.400 0.689 4208
725.057 289.480 0.691 4208
724.937 289.519 0.690 4225
724.816 289.599 0.691 4225
724.696 289.639 0.692 4241
724.616 289.718 0.692 4241
724.496 289.758 0.692 4241
724.416 289.798 0.693 4257
724.296 289.798 0.692 4273
724.215 289.838 0.694 4273
724.135 289.838 0.695 4273
724.015 289.838 0.697 4289
723.935 289.838 0.699 4289
723.855 289.838 0.701 4289
723.735 289.838 0.702 4305
723.654 289.838 0.703 4321
723.534 289.878 0.704 4321
723.414 289.917 0.705 4321
723.334 289.997 0.705 4338
723.174 290.037 0.705 4354
723.094 290.077 0.706 4354
722.973 290.156 0.706 4354
722.853 290.196 0.706 4370
722.733 290.236 0.707 4370
722.613 290.276 0.707 4370
722.533 290.276 0.708 4386
722.452 290.315 0.709 4386
722.372 290.315 0.708 4403
722.252 290.315 0.708 4403
722.092 290.355 0.709 4403
721.972 290.355 0.710 4419
721.851 290.355 0.710 4435
721.731 290.355 0.712 4435
721.571 290.395 0.712 4435
721.411 290.435 0.712 4451
721.290 290.475 0.713 4467
721.170 290.515 0.713 4467
721.050 290.515 0.713 4467
720.970 290.554 0.714 4484
720.890 290.594 0.714 4484
720.810 290.594 0.715 4484
720.690 290.594 0.715 4500
720.609 290.594 0.715 4516
720.489 290.594 0.715 4516
720.369 290.594 0.716 4516
720.249 290.594 0.717 4532
720.129 290.594 0.717 4532
720.008 290.594 0.718 4548
719.888 290.594 0.720 4548
719.768 290.594 0.721 4548
719.648 290.594 0.721 4564
719.528 290.594 0.722 4564
719.407 290.594 0.723 4581
719.287 290.594 0.724 4581
719.127 290.594 0.725 4597
719.007 290.594 0.725 4597
718.886 290.594 0.725 4597
718.726 290.594 0.725 4613
718.486 290.594 0.726 4629
718.326 290.594 0.725 4629
718.165 290.594 0.727 4629
718.005 290.594 0.726 4645
717.805 290.594 0.727 4645
717.644 290.554 0.726 4645
717.524 290.554 0.726 4662
717.404 290.515 0.726 4678
717.284 290.475 0.728 4678
717.164 290.475 0.727 4678
717.083 290.435 0.726 4694
716.963 290.395 0.728 4694
716.883 290.355 0.727 4710
716.803 290.355 0.727 4710
716.723 290.315 0.727 4727
716.643 290.315 0.727 4727
716.563 290.276 0.728 4743
716.482 290.276 0.728 4743
716.362 290.236 0.728 4743
716.282 290.196 0.729 4759
716.202 290.156 0.729 4759
716.082 290.116 0.728 4759
716.002 290.077 0.728 4775
715.922 290.037 0.729 4791
715.841 290.037 0.729 4791
715.721 289.997 0.730 4791
715.641 289.957 0.731 4807
715.521 289.917 0.733 4807
715.441 289.878 0.733 4823
715.321 289.838 0.733 4823
715.240 289.758 0.735 4840
715.120 289.718 0.735 4840
715.000 289.679 0.735 4856
714.880 289.639 0.736 4856
714.760 289.559 0.737 4856
714.599 289.519 0.737 4872
714.519 289.440 0.738 4872
714.399 289.400 0.740 4872
714.319 289.320 0.740 4888
714.199 289.281 0.742 4905
714.119 289.201 0.742 4905
713.998 289.161 0.743 4905
713.918 289.121 0.745 4921
713.798 289.081 0.745 4937
713.678 289.042 0.747 4937
713.598 288.922 0.747 4937
713.477 288.882 0.748 4953
713.397 288.843 0.750 4953
713.277 288.763 0.750 4953
713.197 288.723 0.750 4969
713.117 288.683 0.751 4969
712.997 288.604 0.750 4985
712.917 288.564 0.751 4985
712.836 288.524 0.752 4985
712.756 288.484 0.751 5002
712.716 288.405 0.751 5020
712.636 288.325 0.752 5020
712.556 288.245 0.751 5020
712.476 288.126 0.751 5036
712.396 288.007 0.752 5036
712.315 287.887 0.752 5036
712.235 287.768 0.753 5052
712.155 287.688 0.753 5068
712.075 287.569 0.754 5068
711.995 287.489 0.755 5068
711.915 287.410 0.756 5085
711.835 287.330 0.756 5101
711.755 287.211 0.757 5101
711.674 287.131 0.757 5101
711.594 287.011 0.757 5117
711.514 286.892 0.758 5117
711.434 286.773 0.758 5117
711.394 286.613 0.757 5133
711.314 286.494 0.758 5133
711.234 286.414 0.757 5149
711.154 286.295 0.758 5149
711.073 286.175 0.758 5166
711.033 286.096 0.759 5166
710.993 285.976 0.759 5182
710.953 285.857 0.758 5182
710.913 285.738 0.758 5182
710.833 285.618 0.759 5198
710.793 285.499 0.759 5198
710.753 285.419 0.759 5214
710.713 285.300 0.760 5214
710.633 285.220 0.760 5230
710.633 285.101 0.759 5230
710.593 285.021 0.760 5230
710.553 284.902 0.760 5246
710.553 284.822 0.761 5263
710.513 284.703 0.761 5263
710.513 284.583 0.760 5263
710.513 284.464 0.761 5279
710.472 284.344 0.761 5279
710.432 284.225 0.761 5279
710.432 284.145 0.761 5295
710.352 284.066 0.762 5311
710.312 283.986 0.761 5311
710.272 283.906 0.763 5311
710.232 283.827 0.763 5327
710.192 283.747 0.762 5327
710.152 283.628 0.764 5343
710.112 283.548 0.762 5343
710.072 283.429 0.763 5343
710.032 283.309 0.764 5359
709.992 283.190 0.764 5359
709.952 283.110 0.764 5376
709.911 283.031 0.764 5376
709.871 282.951 0.764 5392
709.831 282.911 0.765 5392
709.791 282.832 0.764 5392
709.791 282.792 0.764 5408
709.751 282.712 0.764 5425
709.711 282.633 0.765 5425
709.671 282.553 0.765 5425
709.631 282.473 0.766 5441
709.591 282.394 0.765 5441
709.551 282.314 0.765 5441
709.511 282.195 0.765 5457
709.471 282.075 0.765 5473
709.431 281.996 0.765 5473
709.431 281.876 0.766 5473
709.391 281.836 0.765 5490
709.391 281.757 0.765 5490
709.351 281.677 0.766 5506
709.351 281.597 0.765 5506
709.351 281.518 0.766 5506
709.351 281.438 0.765 5522
709.351 281.359 0.765 5522
709.351 281.239 0.765 5538
709.351 281.160 0.765 5538
709.351 281.040 0.765 5555
709.351 280.881 0.766 5555
709.351 280.762 0.764 5555
709.351 280.602 0.766 5571
709.351 280.483 0.766 5587
709.351 280.363 0.766 5587
709.310 280.284 0.766 5587
709.310 280.164 0.766 5603
709.310 280.085 0.765 5603
709.351 279.965 0.761 5603
709.671 279.727 0.719 5619
709.992 279.368 0.633 5636
710.232 278.811 0.468 5636

% x_coordinate y_coordinate pressure time
% shape 1, 790 points
734.232 228.812 0.041 0
734.272 228.812 0.069 16
734.272 228.812 0.089 32
734.272 228.851 0.111 32
734.272 228.891 0.141 32
734.272 228.931 0.161 48
734.272 229.011 0.182 48
734.272 229.011 0.199 48
734.272 229.051 0.219 64
734.272 229.051 0.242 80
734.272 229.090 0.270 80
734.272 229.090 0.297 80
734.272 229.130 0.317 96
734.272 229.130 0.334 96
734.272 229.170 0.350 113
734.232 229.170 0.367 113
734.152 229.170 0.383 113
734.072 229.170 0.400 129
733.952 229.170 0.415 145
733.871 229.170 0.433 145
733.751 229.170 0.449 145
733.591 229.210 0.464 161
733.471 229.289 0.475 161
733.310 229.369 0.485 161
733.150 229.449 0.495 177
732.990 229.528 0.502 194
732.830 229.608 0.510 194
732.669 229.687 0.519 194
732.509 229.727 0.527 210
732.309 229.767 0.534 210
732.189 229.807 0.543 226
732.028 229.807 0.547 226
731.908 229.807 0.554 242
731.788 229.847 0.560 242
731.668 229.847 0.566 242
731.588 229.847 0.572 258
731.467 229.887 0.577 258
731.347 229.926 0.580 274
731.227 229.966 0.584 274
731.147 230.006 0.586 274
731.027 230.046 0.587 290
730.906 230.046 0.589 307
730.786 230.086 0.591 307
730.706 230.086 0.593 307
730.626 230.086 0.596 323
730.546 230.086 0.599 323
730.466 230.086 0.603 323
730.386 230.086 0.606 339
730.346 230.086 0.608 355
730.265 230.086 0.611 355
730.225 230.006 0.613 355
730.145 229.926 0.614 372
730.105 229.887 0.617 388
730.025 229.807 0.618 388
729.985 229.727 0.620 388
729.905 229.687 0.622 404
729.865 229.608 0.623 404
729.825 229.528 0.623 404
729.785 229.488 0.624 420
729.745 229.409 0.625 436
729.705 229.289 0.626 436
729.705 229.210 0.627 436
729.664 229.130 0.627 452
729.664 229.051 0.628 452
729.624 228.931 0.629 468
729.584 228.812 0.629 468
729.544 228.692 0.630 484
729.504 228.613 0.630 484
729.464 228.493 0.631 484
729.424 228.374 0.632 501
729.424 228.294 0.633 501
729.384 228.215 0.634 518
729.384 228.095 0.635 518
729.344 228.016 0.635 518
729.304 227.936 0.635 534
729.304 227.816 0.636 550
729.304 227.697 0.636 550
729.304 227.578 0.636 550
729.264 227.458 0.637 566
729.264 227.339 0.637 566
729.264 227.259 0.638 566
729.264 227.140 0.638 582
729.264 226.980 0.637 599
729.264 226.861 0.639 599
729.264 226.781 0.640 599
729.264 226.662 0.640 615
729.264 226.582 0.641 631
729.264 226.543 0.641 631
729.264 226.463 0.642 631
729.264 226.383 0.642 647
729.264 226.344 0.641 647
729.264 226.264 0.643 647
729.264 226.184 0.643 663
729.264 226.105 0.642 663
729.264 226.025 0.642 679
729.264 225.945 0.643 679
729.264 225.866 0.642 696
729.264 225.826 0.643 696
729.264 225.746 0.643 712
729.264 225.667 0.643 712
729.264 225.627 0.643 712
729.304 225.547 0.643 728
729.344 225.468 0.643 728
729.384 225.388 0.643 744
729.464 225.309 0.642 744
729.504 225.229 0.643 760
729.544 225.149 0.642 760
729.624 225.070 0.642 760
729.664 224.950 0.642 776
729.745 224.871 0.643 793
729.825 224.751 0.643 793
729.905 224.672 0.642 793
729.945 224.592 0.643 809
730.025 224.473 0.643 809
730.145 224.393 0.642 809
730.225 224.313 0.643 825
730.305 224.194 0.643 842
730.426 224.114 0.643 842
730.506 224.035 0.643 842
730.626 223.955 0.643 858
730.746 223.875 0.643 858
730.826 223.756 0.643 874
730.947 223.716 0.643 874
731.027 223.637 0.643 874
731.147 223.517 0.643 891
731.267 223.438 0.643 907
731.387 223.358 0.643 907
731.508 223.278 0.643 907
731.628 223.199 0.643 923
731.788 223.119 0.643 923
731.908 223.039 0.643 923
732.028 223.000 0.643 939
732.189 222.960 0.643 955
732.349 222.920 0.643 955
732.469 222.880 0.643 955
732.669 222.880 0.643 971
732.830 222.840 0.643 988
732.990 222.801 0.643 988
733.190 222.721 0.643 988
733.391 222.681 0.643 1004
733.551 222.641 0.643 1004
733.751 222.562 0.643 1004
733.992 222.482 0.643 1020
734.152 222.363 0.643 1020
734.352 222.283 0.643 1037
734.553 222.203 0.643 1037
734.713 222.124 0.643 1053
734.913 222.004 0.643 1053
735.073 221.925 0.643 1069
735.274 221.845 0.643 1069
735.434 221.805 0.643 1069
735.634 221.766 0.643 1085
735.795 221.726 0.643 1085
735.995 221.686 0.643 1085
736.195 221.646 0.643 1101
736.396 221.606 0.643 1117
736.556 221.567 0.643 1117
736.756 221.527 0.643 1117
736.917 221.487 0.643 1134
737.157 221.447 0.643 1150
737.357 221.407 0.643 1150
737.518 221.367 0.643 1150
737.718 221.367 0.644 1166
737.918 221.328 0.643 1166
738.119 221.328 0.643 1166
738.319 221.288 0.644 1183
738.479 221.288 0.643 1199
738.639 221.288 0.643 1199
738.840 221.288 0.643 1199
739.000 221.288 0.643 1215
739.200 221.288 0.643 1215
739.361 221.288 0.643 1231
739.561 221.288 0.643 1231
739.761 221.288 0.644 1231
739.922 221.288 0.643 1247
740.122 221.288 0.643 1247
740.322 221.288 0.644 1263
740.482 221.288 0.643 1263
740.683 221.288 0.643 1279
740.883 221.288 0.644 1279
741.043 221.288 0.643 1279
741.204 221.288 0.644 1296
741.324 221.248 0.644 1312
741.444 221.208 0.644 1312
741.564 221.208 0.644 1312
741.725 221.168 0.644 1328
741.845 221.168 0.644 1328
742.005 221.129 0.645 1328
742.125 221.129 0.644 1344
742.285 221.129 0.644 1361
742.406 221.129 0.645 1361
742.566 221.089 0.645 1361
742.686 221.089 0.645 1377
742.846 221.089 0.646 1393
743.007 221.089 0.645 1393
743.167 221.089 0.645 1393
743.327 221.089 0.647 1410
743.487 221.089 0.645 1410
743.648 221.049 0.646 1410
743.808 221.049 0.646 1426
744.008 221.049 0.646 1426
744.209 221.049 0.647 1442
744.369 221.049 0.647 1442
744.529 221.049 0.647 1442
744.649 221.049 0.647 1458
744.770 221.009 0.648 1474
744.850 221.009 0.648 1474
744.970 221.009 0.649 1474
745.090 221.009 0.649 1491
745.170 221.009 0.650 1491
745.291 221.009 0.651 1491
745.451 221.009 0.650 1507
745.571 221.009 0.650 1523
745.691 220.969 0.650 1523
745.851 220.969 0.650 1523
746.012 220.969 0.651 1539
746.132 220.969 0.650 1556
746.292 220.969 0.651 1556
746.412 220.969 0.651 1556
746.573 220.969 0.651 1572
746.693 220.969 0.651 1572
746.813 220.969 0.652 1572
746.973 220.969 0.651 1588
747.134 220.969 0.651 1588
747.254 220.969 0.652 1604
747.374 220.969 0.651 1604
747.534 220.969 0.652 1621
747.695 220.969 0.652 1621
747.855 220.969 0.652 1637
747.975 220.969 0.652 1637
748.135 220.969 0.652 1637
748.255 220.969 0.652 1653
748.416 220.969 0.653 1653
748.536 220.969 0.653 1653
748.656 220.969 0.652 1669
748.776 220.969 0.653 1685
748.896 220.969 0.653 1685
749.057 220.969 0.653 1685
749.177 220.969 0.654 1701
749.297 220.969 0.654 1718
749.417 220.969 0.655 1718
749.578 220.969 0.656 1718
749.698 220.969 0.657 1734
749.818 220.969 0.658 1734
749.978 220.969 0.660 1734
750.139 220.969 0.661 1750
750.299 220.969 0.662 1766
750.459 220.969 0.663 1766
750.579 220.969 0.664 1766
750.740 220.969 0.665 1783
750.900 220.969 0.666 1783
751.060 220.969 0.666 1799
751.220 220.969 0.667 1799
751.421 220.969 0.668 1799
751.581 220.969 0.669 1815
751.741 220.969 0.670 1815
751.861 220.930 0.671 1831
752.022 220.890 0.673 1831
752.142 220.890 0.674 1847
752.302 220.850 0.674 1847
752.422 220.810 0.675 1847
752.583 220.810 0.675 1863
752.703 220.810 0.676 1880
752.863 220.810 0.677 1880
752.983 220.810 0.677 1880
753.104 220.810 0.677 1896
753.224 220.810 0.678 1896
753.384 220.810 0.677 1896
753.504 220.810 0.678 1912
753.624 220.810 0.678 1928
753.785 220.810 0.678 1928
753.905 220.810 0.678 1928
754.025 220.810 0.679 1944
754.185 220.810 0.679 1961
754.306 220.810 0.679 1961
754.426 220.810 0.679 1961
754.546 220.810 0.679 1977
754.666 220.810 0.680 1977
754.866 220.810 0.680 1977
754.987 220.810 0.680 1993
755.107 220.810 0.681 1993
755.187 220.810 0.681 2009
755.347 220.810 0.681 2009
755.467 220.810 0.683 2025
755.588 220.810 0.682 2025
755.708 220.810 0.683 2042
755.868 220.810 0.684 2042
755.988 220.810 0.683 2042
756.149 220.810 0.684 2058
756.269 220.810 0.684 2058
756.389 220.810 0.683 2058
756.549 220.810 0.685 2074
756.710 220.810 0.685 2090
756.830 220.810 0.686 2090
756.990 220.810 0.687 2090
757.110 220.810 0.687 2107
757.270 220.850 0.687 2123
757.431 220.850 0.689 2123
757.551 220.890 0.689 2123
757.711 220.890 0.691 2139
757.831 220.930 0.692 2139
757.992 220.969 0.693 2139
758.112 220.969 0.693 2155
758.272 221.009 0.693 2171
758.392 221.009 0.694 2171
758.593 221.049 0.695 2171
758.713 221.049 0.696 2188
758.873 221.089 0.696 2188
758.993 221.089 0.697 2204
759.114 221.129 0.697 2204
759.234 221.168 0.698 2204
759.394 221.168 0.698 2220
759.514 221.208 0.698 2236
759.674 221.248 0.698 2236
759.835 221.288 0.699 2236
759.995 221.328 0.699 2252
760.155 221.367 0.700 2252
760.315 221.407 0.700 2252
760.476 221.407 0.700 2268
760.636 221.447 0.700 2285
760.796 221.527 0.701 2285
760.917 221.567 0.701 2285
761.077 221.567 0.701 2301
761.197 221.606 0.701 2301
761.357 221.646 0.701 2317
761.518 221.686 0.702 2317
761.638 221.766 0.701 2317
761.798 221.805 0.701 2333
761.918 221.845 0.702 2349
762.078 221.925 0.703 2349
762.239 221.965 0.702 2349
762.439 222.004 0.703 2365
762.599 222.124 0.703 2365
762.760 222.164 0.704 2365
762.880 222.203 0.703 2381
763.040 222.243 0.704 2398
763.200 222.283 0.704 2398
763.321 222.323 0.704 2398
763.481 222.402 0.704 2414
763.641 222.442 0.704 2430
763.761 222.482 0.704 2430
763.881 222.522 0.705 2430
764.002 222.562 0.705 2446
764.082 222.602 0.706 2446
764.202 222.681 0.706 2446
764.282 222.721 0.707 2462
764.442 222.761 0.707 2479
764.563 222.840 0.708 2479
764.683 222.880 0.709 2479
764.803 222.960 0.709 2495
764.963 223.000 0.710 2495
765.083 223.039 0.710 2511
765.204 223.119 0.710 2511
765.324 223.159 0.711 2511
765.444 223.238 0.711 2527
765.564 223.278 0.710 2527
765.684 223.358 0.712 2543
765.805 223.398 0.711 2543
765.885 223.477 0.711 2560
766.045 223.517 0.713 2560
766.165 223.597 0.713 2560
766.286 223.637 0.714 2576
766.406 223.716 0.714 2592
766.566 223.756 0.715 2592
766.686 223.796 0.715 2592
766.766 223.875 0.717 2608
766.927 223.915 0.717 2608
767.047 223.995 0.718 2608
767.167 224.074 0.718 2624
767.287 224.114 0.720 2641
767.407 224.194 0.720 2641
767.528 224.313 0.722 2641
767.648 224.393 0.722 2657
767.768 224.473 0.723 2673
767.888 224.552 0.723 2673
768.008 224.632 0.724 2673
768.129 224.711 0.725 2689
768.209 224.791 0.724 2689
768.329 224.871 0.726 2689
768.409 224.950 0.726 2705
768.529 225.030 0.726 2705
768.609 225.109 0.728 2722
768.690 225.189 0.729 2722
768.810 225.269 0.729 2738
768.930 225.348 0.730 2738
769.050 225.428 0.730 2754
769.170 225.508 0.731 2754
769.250 225.587 0.732 2754
769.371 225.707 0.731 2770
769.491 225.786 0.732 2770
769.611 225.906 0.732 2770
769.691 226.025 0.733 2786
769.811 226.105 0.734 2802
769.891 226.224 0.735 2802
769.972 226.304 0.735 2802
770.092 226.423 0.735 2819
770.172 226.582 0.736 2835
770.252 226.702 0.735 2835
770.332 226.821 0.736 2835
770.412 226.941 0.736 2851
770.492 227.060 0.735 2851
770.573 227.180 0.737 2851
770.653 227.299 0.737 2867
770.733 227.379 0.737 2867
770.853 227.498 0.737 2883
770.933 227.617 0.737 2883
770.973 227.697 0.736 2900
771.053 227.816 0.737 2900
771.134 227.936 0.737 2916
771.214 228.055 0.738 2916
771.254 228.135 0.738 2916
771.334 228.294 0.738 2932
771.374 228.414 0.739 2932
771.414 228.533 0.738 2932
771.454 228.652 0.738 2948
771.494 228.812 0.739 2964
771.534 228.971 0.738 2964
771.574 229.051 0.739 2964
771.614 229.170 0.739 2980
771.654 229.329 0.738 2997
771.735 229.449 0.739 2997
771.775 229.568 0.739 2997
771.855 229.727 0.739 3013
771.935 229.887 0.739 3013
772.055 230.006 0.739 3013
772.135 230.165 0.739 3029
772.175 230.285 0.739 3045
772.255 230.444 0.739 3045
772.295 230.603 0.739 3045
772.376 230.722 0.739 3062
772.416 230.882 0.739 3062
772.456 231.081 0.739 3078
772.496 231.240 0.740 3078
772.496 231.439 0.740 3094
772.536 231.598 0.740 3094
772.496 231.757 0.740 3094
772.536 231.917 0.740 3110
772.576 232.076 0.740 3110
772.576 232.235 0.740 3126
772.616 232.355 0.740 3126
772.656 232.514 0.740 3126
772.656 232.633 0.740 3143
772.696 232.792 0.740 3159
772.736 232.912 0.740 3159
772.736 233.031 0.740 3159
772.776 233.191 0.740 3175
772.776 233.350 0.741 3175
772.776 233.509 0.741 3175
772.776 233.628 0.741 3191
772.816 233.788 0.741 3207
772.816 233.907 0.741 3207
772.816 234.066 0.741 3207
772.856 234.226 0.741 3224
772.897 234.345 0.741 3224
772.937 234.504 0.741 3240
772.937 234.624 0.741 3240
772.977 234.743 0.741 3240
773.017 234.863 0.741 3256
773.057 234.982 0.741 3272
773.057 235.101 0.741 3272
773.057 235.221 0.741 3272
773.057 235.340 0.741 3288
773.057 235.499 0.741 3304
773.057 235.659 0.741 3304
773.057 235.818 0.741 3304
773.057 235.937 0.741 3320
773.057 236.097 0.742 3320
773.057 236.216 0.741 3320
773.057 236.335 0.742 3336
773.057 236.455 0.742 3336
773.057 236.574 0.741 3352
773.057 236.733 0.742 3352
773.057 236.853 0.742 3352
773.057 236.972 0.742 3368
773.057 237.092 0.742 3384
773.057 237.251 0.742 3384
773.057 237.370 0.742 3384
773.057 237.530 0.741 3400
773.057 237.689 0.742 3416
773.057 237.928 0.742 3416
773.057 238.087 0.742 3416
773.057 238.286 0.742 3432
773.057 238.445 0.742 3432
773.057 238.604 0.742 3448
773.057 238.804 0.742 3448
773.057 238.963 0.742 3448
773.057 239.162 0.742 3464
773.057 239.321 0.742 3464
773.057 239.480 0.742 3480
773.057 239.600 0.742 3480
773.057 239.759 0.742 3497
773.057 239.878 0.742 3497
773.057 239.998 0.742 3497
773.057 240.157 0.742 3513
773.017 240.316 0.743 3529
773.017 240.436 0.742 3529
772.977 240.595 0.742 3529
772.897 240.714 0.743 3545
772.856 240.874 0.743 3545
772.776 241.033 0.743 3545
772.736 241.192 0.743 3561
772.656 241.351 0.743 3577
772.616 241.550 0.742 3577
772.536 241.710 0.743 3577
772.496 241.909 0.743 3593
772.416 242.068 0.743 3593
772.376 242.267 0.743 3609
772.255 242.466 0.743 3609
772.215 242.625 0.743 3625
772.135 242.784 0.743 3625
772.095 242.944 0.743 3625
772.055 243.063 0.743 3641
772.015 243.222 0.743 3641
771.975 243.342 0.744 3658
771.935 243.501 0.743 3658
771.895 243.620 0.743 3674
771.855 243.740 0.744 3674
771.815 243.819 0.744 3690
771.735 243.939 0.743 3690
771.694 244.058 0.744 3690
771.614 244.178 0.744 3706
771.574 244.297 0.743 3722
771.494 244.456 0.744 3722
771.414 244.576 0.744 3722
771.374 244.775 0.744 3738
771.294 244.934 0.744 3738
771.214 245.053 0.743 3738
771.174 245.173 0.744 3754
771.094 245.292 0.744 3770
771.053 245.412 0.743 3770
770.973 245.531 0.743 3770
770.933 245.651 0.744 3786
770.893 245.770 0.744 3786
770.853 245.929 0.744 3803
770.813 246.049 0.744 3803
770.773 246.168 0.744 3819
770.693 246.327 0.744 3819
770.653 246.447 0.744 3835
770.573 246.566 0.744 3835
770.492 246.686 0.744 3835
770.412 246.845 0.743 3851
770.332 246.964 0.744 3851
770.252 247.163 0.744 3851
770.092 247.283 0.744 3867
770.012 247.402 0.745 3883
769.932 247.561 0.744 3883
769.811 247.681 0.744 3883
769.731 247.840 0.744 3900
769.651 247.959 0.744 3900
769.571 248.119 0.744 3916
769.491 248.238 0.745 3916
769.411 248.358 0.744 3932
769.331 248.477 0.744 3932
769.250 248.596 0.745 3932
769.090 248.676 0.745 3948
769.010 248.795 0.745 3948
768.890 248.915 0.745 3964
768.810 248.994 0.745 3964
768.690 249.114 0.744 3964
768.569 249.233 0.744 3980
768.449 249.393 0.744 3996
768.329 249.552 0.745 3996
768.209 249.671 0.744 3996
768.048 249.830 0.744 4013
767.928 249.990 0.744 4013
767.808 250.109 0.745 4013
767.728 250.268 0.744 4029
767.568 250.388 0.744 4045
767.487 250.507 0.745 4045
767.367 250.627 0.745 4045
767.287 250.746 0.745 4061
767.207 250.865 0.745 4077
767.127 250.945 0.745 4077
767.047 251.025 0.745 4077
766.967 251.104 0.744 4094
766.886 251.184 0.745 4094
766.806 251.303 0.744 4094
766.726 251.383 0.745 4110
766.646 251.463 0.744 4126
766.526 251.542 0.745 4126
766.406 251.662 0.745 4126
766.326 251.741 0.745 4142
766.205 251.861 0.745 4142
766.085 251.940 0.744 4158
766.005 252.020 0.744 4158
765.885 252.139 0.744 4158
765.765 252.219 0.745 4175
765.644 252.299 0.744 4175
765.524 252.418 0.744 4191
765.404 252.498 0.745 4191
765.284 252.577 0.746 4207
765.124 252.697 0.744 4207
765.003 252.816 0.745 4207
764.843 252.896 0.745 4223
764.683 252.975 0.745 4240
764.563 253.095 0.745 4240
764.482 253.174 0.744 4240
764.362 253.254 0.744 4256
764.282 253.334 0.745 4256
764.162 253.453 0.745 4256
764.082 253.533 0.744 4272
763.962 253.612 0.745 4288
763.841 253.652 0.744 4288
763.761 253.732 0.744 4288
763.641 253.811 0.745 4304
763.561 253.851 0.744 4304
763.441 253.971 0.745 4320
763.361 254.050 0.745 4320
763.240 254.090 0.745 4320
763.120 254.170 0.745 4337
763.000 254.249 0.745 4353
762.920 254.289 0.745 4353
762.800 254.369 0.745 4353
762.679 254.408 0.745 4369
762.559 254.448 0.745 4369
762.439 254.488 0.745 4369
762.319 254.528 0.746 4385
762.199 254.607 0.745 4402
762.119 254.647 0.745 4402
761.998 254.727 0.745 4402
761.918 254.767 0.745 4418
761.838 254.846 0.746 4434
761.678 254.886 0.745 4434
761.598 254.926 0.745 4434
761.518 254.966 0.746 4450
761.397 255.005 0.745 4450
761.317 255.045 0.745 4450
761.237 255.085 0.746 4466
761.117 255.085 0.745 4466
760.997 255.125 0.746 4482
760.917 255.125 0.745 4482
760.756 255.165 0.745 4499
760.636 255.165 0.746 4499
760.516 255.205 0.746 4515
760.436 255.205 0.746 4515
760.315 255.244 0.746 4515
760.195 255.284 0.745 4531
760.115 255.284 0.745 4531
759.995 255.324 0.746 4531
759.915 255.364 0.746 4547
759.795 255.364 0.746 4564
759.674 255.404 0.746 4564
759.554 255.443 0.745 4564
759.474 255.443 0.746 4580
759.354 255.443 0.746 4596
759.234 255.483 0.746 4596
759.114 255.483 0.747 4596
758.993 255.483 0.747 4612
758.833 255.483 0.749 4612
758.713 255.483 0.751 4612
758.553 255.483 0.753 4629
758.392 255.523 0.754 4645
758.272 255.523 0.756 4645
758.152 255.523 0.757 4645
758.032 255.523 0.760 4661
757.952 255.523 0.761 4661
757.831 255.563 0.761 4678
757.711 255.563 0.763 4678
757.591 255.563 0.764 4678
757.471 255.563 0.765 4694
757.391 255.563 0.767 4694
757.270 255.563 0.768 4710
757.150 255.603 0.768 4710
757.070 255.603 0.770 4726
756.950 255.603 0.770 4726
756.870 255.603 0.772 4726
756.750 255.603 0.773 4742
756.629 255.603 0.773 4758
756.509 255.603 0.775 4758
756.389 255.603 0.776 4758
756.269 255.603 0.777 4775
756.149 255.603 0.778 4775
755.988 255.603 0.778 4775
755.868 255.603 0.780 4791
755.748 255.603 0.782 4807
755.588 255.603 0.782 4807
755.467 255.603 0.784 4807
755.347 255.603 0.784 4823
755.227 255.603 0.786 4823
755.107 255.603 0.787 4839
754.947 255.603 0.787 4839
754.786 255.603 0.787 4856
754.626 255.603 0.788 4856
754.466 255.603 0.788 4856
754.346 255.603 0.788 4872
754.185 255.603 0.788 4872
754.065 255.603 0.789 4888
753.945 255.603 0.789 4888
753.825 255.603 0.791 4904
753.664 255.603 0.790 4904
753.544 255.603 0.791 4920
753.424 255.603 0.792 4920
753.304 255.603 0.792 4920
753.184 255.603 0.793 4937
753.063 255.603 0.793 4937
752.943 255.603 0.792 4937
752.823 255.603 0.793 4953
752.663 255.603 0.794 4969
752.543 255.603 0.794 4969
752.422 255.603 0.795 4969
752.302 255.603 0.795 4985
752.182 255.603 0.795 5001
752.062 255.642 0.796 5001
751.942 255.642 0.796 5001
751.821 255.682 0.795 5018
751.701 255.722 0.797 5018
751.581 255.722 0.798 5018
751.461 255.762 0.798 5034
751.341 255.802 0.799 5050
751.180 255.802 0.799 5050
751.060 255.802 0.800 5050
750.940 255.802 0.802 5066
750.820 255.802 0.802 5066
750.700 255.842 0.803 5082
750.539 255.842 0.803 5082
750.419 255.842 0.804 5082
750.339 255.842 0.804 5099
750.219 255.842 0.806 5099
750.099 255.842 0.806 5115
749.978 255.842 0.807 5115
749.858 255.842 0.807 5131
749.738 255.842 0.808 5131
749.578 255.842 0.809 5131
749.497 255.842 0.809 5147
749.377 255.842 0.810 5164
749.257 255.842 0.811 5164
749.177 255.842 0.811 5164
749.097 255.842 0.812 5180
748.977 255.842 0.813 5180
748.896 255.842 0.813 5180
748.816 255.842 0.814 5196
748.696 255.842 0.815 5212
748.616 255.842 0.815 5212
748.536 255.842 0.816 5212
748.416 255.842 0.816 5229
748.336 255.842 0.816 5229
748.255 255.842 0.816 5245
748.175 255.842 0.816 5245
748.055 255.842 0.817 5261
747.935 255.842 0.817 5261
747.855 255.842 0.817 5261
747.775 255.842 0.818 5277
747.614 255.842 0.818 5277
747.494 255.842 0.818 5294
747.414 255.842 0.818 5294
747.294 255.842 0.819 5294
747.174 255.842 0.818 5310
747.093 255.842 0.819 5326
747.013 255.842 0.819 5326
746.893 255.842 0.819 5326
746.813 255.842 0.820 5342
746.693 255.842 0.820 5358
746.613 255.842 0.820 5358
746.533 255.842 0.821 5358
746.412 255.842 0.821 5375
746.292 255.842 0.821 5375
746.212 255.842 0.822 5375
746.092 255.842 0.821 5391
746.012 255.842 0.822 5391
745.891 255.842 0.822 5407
745.811 255.842 0.822 5407
745.691 255.842 0.822 5407
745.611 255.842 0.822 5423
745.531 255.842 0.822 5439
745.451 255.842 0.823 5439
745.331 255.842 0.823 5439
745.250 255.881 0.823 5456
745.130 255.881 0.824 5457
745.050 255.921 0.824 5472
744.930 255.961 0.824 5472
744.850 256.001 0.825 5472
744.730 256.041 0.825 5488
744.649 256.080 0.825 5488
744.569 256.120 0.826 5505
744.489 256.160 0.826 5521
744.409 256.200 0.826 5521
744.329 256.240 0.826 5521
744.249 256.240 0.826 5537
744.129 256.240 0.827 5537
744.089 256.240 0.827 5553
744.008 256.240 0.827 5553
743.968 256.279 0.828 5553
743.928 256.279 0.828 5569
743.888 256.279 0.828 5569
743.848 256.279 0.829 5569
743.808 256.279 0.828 5585


