% x_coordinate y_coordinate pressure time
% shape 0, 670 points

707.831 184.905 0.330 485
707.992 184.785 0.331 485
708.192 184.626 0.331 501
708.352 184.506 0.332 518
708.513 184.347 0.333 518
708.753 184.228 0.333 518
708.873 184.108 0.333 534
709.033 183.989 0.333 534
709.194 183.870 0.334 550
709.354 183.750 0.334 550
709.514 183.631 0.335 550
709.674 183.511 0.335 566
709.875 183.392 0.335 566
710.035 183.312 0.335 582
710.195 183.153 0.335 582
710.315 183.073 0.335 599
710.476 182.994 0.336 599
710.596 182.874 0.336 599
710.756 182.755 0.336 615
710.876 182.635 0.337 631
711.037 182.516 0.337 631
711.197 182.397 0.337 631
711.357 182.237 0.338 648
711.558 182.118 0.338 648
711.718 181.959 0.338 648
711.878 181.839 0.338 664
712.038 181.720 0.339 680
712.199 181.561 0.339 680
712.359 181.441 0.339 680
712.519 181.322 0.339 696
712.719 181.163 0.339 696
712.880 181.003 0.340 712
713.080 180.844 0.340 712
713.240 180.685 0.340 729
713.441 180.526 0.340 729
713.601 180.406 0.340 729
713.761 180.287 0.340 745
713.881 180.207 0.340 745
714.042 180.088 0.340 761
714.202 179.968 0.340 761
714.402 179.889 0.340 761
714.523 179.769 0.340 777
714.683 179.650 0.340 794
714.803 179.530 0.340 794
714.963 179.451 0.340 794
715.124 179.331 0.341 810
715.284 179.172 0.340 810
715.444 179.053 0.341 810
715.564 178.933 0.341 826
715.725 178.814 0.341 843
715.885 178.655 0.341 843
716.005 178.456 0.341 843
716.165 178.336 0.341 859
716.326 178.177 0.341 859
716.446 178.018 0.341 875
716.606 177.858 0.341 875
716.726 177.659 0.341 891
716.846 177.460 0.341 891
717.007 177.261 0.341 891
717.167 177.102 0.341 908
717.327 176.903 0.341 908
717.487 176.704 0.341 924
717.608 176.505 0.341 924
717.768 176.306 0.341 924
717.888 176.107 0.341 940
718.048 175.908 0.342 956
718.209 175.709 0.341 956
718.369 175.510 0.341 956
718.529 175.351 0.341 973
718.690 175.151 0.341 973
718.850 174.952 0.342 973
719.010 174.753 0.341 989
719.130 174.554 0.341 1005
719.250 174.355 0.342 1005
719.411 174.196 0.342 1005
719.531 173.957 0.342 1022
719.651 173.758 0.342 1038
719.771 173.559 0.342 1038
719.891 173.360 0.342 1038
720.012 173.161 0.342 1054
720.132 172.962 0.342 1054
720.212 172.723 0.342 1054
720.332 172.524 0.342 1070
720.452 172.325 0.342 1070
720.573 172.126 0.342 1086
720.693 171.967 0.342 1086
720.813 171.728 0.342 1103
720.933 171.529 0.342 1103
721.013 171.370 0.342 1119
721.134 171.171 0.343 1119
721.214 171.011 0.344 1119
721.334 170.812 0.346 1135
721.454 170.613 0.347 1135
721.534 170.414 0.349 1135
721.654 170.175 0.351 1151
721.775 169.937 0.353 1168
721.975 169.698 0.355 1168
722.095 169.419 0.356 1168
722.215 169.180 0.357 1184
722.296 168.941 0.358 1200
722.416 168.703 0.359 1200
722.536 168.424 0.360 1200
722.616 168.185 0.361 1217
722.736 167.906 0.361 1217
722.856 167.668 0.362 1217
722.977 167.389 0.362 1233
723.057 167.070 0.362 1249
723.177 166.832 0.363 1249
723.337 166.553 0.363 1249
723.417 166.314 0.363 1265
723.578 166.075 0.364 1265
723.658 165.797 0.364 1282
723.778 165.558 0.365 1282
723.898 165.319 0.366 1282
723.978 165.040 0.366 1298
724.099 164.801 0.366 1298
724.219 164.602 0.367 1314
724.299 164.363 0.367 1314
724.379 164.164 0.367 1330
724.499 163.926 0.367 1330
724.579 163.727 0.367 1330
724.659 163.488 0.367 1346
724.740 163.289 0.367 1363
724.820 163.090 0.368 1363
724.940 162.891 0.368 1363
725.020 162.652 0.368 1379
725.100 162.413 0.369 1379
725.220 162.214 0.370 1379
725.301 161.975 0.370 1395
725.421 161.776 0.370 1412
725.501 161.537 0.370 1412
725.581 161.338 0.370 1412
725.661 161.179 0.370 1428
725.741 160.980 0.370 1428
725.821 160.781 0.370 1444
725.901 160.621 0.370 1444
725.982 160.422 0.370 1460
726.062 160.223 0.370 1460
726.142 160.064 0.370 1460
726.182 159.905 0.370 1477
726.262 159.746 0.371 1477
726.302 159.586 0.371 1493
726.382 159.427 0.371 1493
726.422 159.268 0.372 1493
726.503 159.149 0.372 1509
726.543 158.989 0.373 1526
726.623 158.830 0.373 1526
726.663 158.671 0.373 1526
726.743 158.512 0.374 1542
726.783 158.392 0.374 1542
726.863 158.193 0.374 1542
726.903 158.034 0.374 1558
726.943 157.875 0.374 1575
727.023 157.755 0.374 1575
727.063 157.596 0.374 1575
727.144 157.437 0.374 1591
727.184 157.317 0.374 1607
727.264 157.158 0.374 1607
727.304 157.039 0.374 1607
727.384 156.879 0.374 1624
727.464 156.760 0.374 1624
727.504 156.641 0.375 1624
727.544 156.481 0.374 1640
727.624 156.362 0.375 1640
727.705 156.242 0.375 1656
727.785 156.004 0.375 1656
727.825 155.844 0.375 1672
727.905 155.685 0.375 1672
728.025 155.486 0.375 1688
728.105 155.287 0.375 1688
728.265 155.088 0.375 1688
728.346 154.889 0.375 1704
728.426 154.690 0.375 1704
728.506 154.491 0.375 1704
728.586 154.292 0.375 1721
728.666 154.093 0.375 1737
728.706 153.894 0.375 1737
728.786 153.695 0.375 1737
728.866 153.496 0.375 1753
728.947 153.337 0.375 1769
729.027 153.177 0.375 1769
729.107 153.018 0.375 1769
729.147 152.859 0.375 1786
729.187 152.700 0.375 1786
729.267 152.540 0.375 1786
729.307 152.381 0.375 1802
729.347 152.262 0.375 1818
729.347 152.142 0.375 1818
729.387 152.023 0.375 1818
729.427 151.903 0.375 1835
729.427 151.824 0.375 1835
729.467 151.744 0.376 1851
729.508 151.665 0.376 1851
729.548 151.545 0.375 1851
729.588 151.466 0.376 1867
729.628 151.346 0.375 1867
729.628 151.266 0.376 1883
729.668 151.147 0.376 1883
729.708 151.067 0.376 1899
729.748 150.988 0.375 1899
729.748 150.908 0.376 1899
729.788 150.829 0.375 1916
729.828 150.749 0.376 1932
729.828 150.709 0.376 1932
729.828 150.669 0.375 1932
729.868 150.630 0.376 1949
729.868 150.590 0.376 1949
729.868 150.550 0.376 1949
729.868 150.510 0.376 1965
729.908 150.470 0.376 1981
729.908 150.431 0.376 1981
729.908 150.391 0.376 1981
729.908 150.351 0.376 1997
729.948 150.351 0.377 2013
729.948 150.311 0.378 2013
729.948 150.311 0.380 2030
729.948 150.311 0.381 2030
729.948 150.311 0.383 2030
729.948 150.311 0.384 2046
729.948 150.311 0.385 2046
729.948 150.311 0.386 2062
729.948 150.311 0.387 2062
729.948 150.311 0.388 2078
729.948 150.391 0.389 2094
729.948 150.470 0.389 2111
729.948 150.550 0.389 2111
729.948 150.630 0.389 2111
729.908 150.709 0.389 2127
729.868 150.789 0.389 2144
729.828 150.908 0.389 2144
729.788 151.028 0.389 2144
729.748 151.187 0.389 2160
729.708 151.346 0.389 2160
729.628 151.505 0.389 2176
729.588 151.744 0.389 2176
729.508 151.943 0.390 2192
729.427 152.142 0.389 2192
729.347 152.341 0.390 2192
729.307 152.540 0.390 2209
729.227 152.739 0.389 2209
729.147 152.938 0.390 2225
729.067 153.177 0.390 2225
728.987 153.337 0.390 2241
728.906 153.536 0.391 2241
728.866 153.735 0.391 2257
728.786 153.934 0.390 2257
728.706 154.133 0.391 2257
728.586 154.332 0.391 2274
728.506 154.571 0.391 2274
728.386 154.809 0.391 2274
728.265 155.008 0.391 2290
728.185 155.247 0.391 2306
728.065 155.526 0.391 2306
727.945 155.765 0.391 2306
727.865 156.004 0.391 2322
727.825 156.282 0.391 2339
727.745 156.521 0.391 2339
727.664 156.800 0.391 2339
727.584 157.079 0.391 2355
727.544 157.357 0.391 2355
727.424 157.636 0.391 2371
727.384 157.954 0.391 2371
727.304 158.273 0.391 2371
727.224 158.591 0.391 2387
727.144 158.870 0.391 2387
727.104 159.188 0.391 2403
727.023 159.467 0.391 2403
726.943 159.785 0.391 2420
726.903 160.024 0.391 2420
726.823 160.303 0.392 2420
726.783 160.661 0.391 2436
726.743 160.940 0.392 2452
726.703 161.219 0.392 2452
726.623 161.497 0.392 2452
726.583 161.776 0.392 2468
726.462 162.094 0.392 2468
726.382 162.373 0.392 2468
726.302 162.652 0.393 2484
726.222 163.010 0.393 2501
726.142 163.289 0.393 2501
726.062 163.527 0.393 2501
725.982 163.806 0.394 2517
725.901 164.045 0.394 2517
725.821 164.284 0.394 2533
725.781 164.523 0.394 2533
725.701 164.762 0.394 2549
725.661 164.961 0.394 2549
725.581 165.239 0.394 2549
725.541 165.438 0.395 2565
725.461 165.677 0.395 2565
725.381 165.876 0.395 2581
725.341 166.075 0.395 2581
725.260 166.274 0.395 2597
725.220 166.513 0.395 2597
725.140 166.752 0.396 2613
725.020 166.991 0.396 2613
724.940 167.309 0.396 2613
724.820 167.588 0.396 2630
724.659 167.867 0.396 2630
724.539 168.185 0.396 2630
724.419 168.464 0.396 2646
724.299 168.703 0.396 2662
724.219 168.941 0.396 2662
724.139 169.180 0.396 2662
724.058 169.379 0.396 2679
723.978 169.618 0.396 2695
723.898 169.817 0.396 2695
723.818 170.016 0.396 2695
723.738 170.215 0.397 2711
723.618 170.375 0.397 2711
723.538 170.574 0.397 2711
723.497 170.773 0.397 2728
723.417 170.932 0.397 2728
723.337 171.131 0.397 2744
723.297 171.330 0.396 2744
723.217 171.489 0.396 2760
723.137 171.688 0.397 2760
723.097 171.927 0.397 2777
723.017 172.086 0.397 2777
722.937 172.285 0.397 2777
722.856 172.484 0.397 2793
722.776 172.644 0.397 2809
722.696 172.843 0.397 2809
722.576 173.002 0.397 2809
722.536 173.201 0.397 2826
722.456 173.400 0.397 2826
722.376 173.559 0.397 2826
722.336 173.758 0.397 2842
722.255 173.957 0.397 2842
722.215 174.156 0.397 2858
722.175 174.355 0.397 2858
722.095 174.554 0.397 2875
722.055 174.714 0.397 2875
721.975 174.913 0.398 2891
721.935 175.072 0.397 2891
721.895 175.271 0.397 2891
721.815 175.430 0.398 2907
721.775 175.589 0.398 2907
721.735 175.788 0.398 2907
721.654 175.987 0.399 2923
721.574 176.147 0.399 2939
721.494 176.386 0.400 2939
721.414 176.585 0.401 2939
721.334 176.823 0.401 2955
721.254 177.022 0.401 2972
721.174 177.222 0.402 2972
721.094 177.460 0.402 2972
721.013 177.699 0.402 2988
720.973 177.938 0.403 2988
720.893 178.137 0.403 2988
720.773 178.416 0.403 3004
720.693 178.655 0.403 3021
720.613 178.854 0.403 3021
720.573 179.093 0.403 3021
720.492 179.292 0.403 3037
720.452 179.491 0.403 3037
720.372 179.650 0.403 3053
720.332 179.849 0.403 3053
720.292 180.048 0.403 3053
720.212 180.247 0.403 3069
720.172 180.446 0.403 3069
720.132 180.605 0.404 3069
720.092 180.844 0.404 3085
720.012 181.043 0.403 3102
719.972 181.242 0.404 3102
719.932 181.401 0.404 3102
719.891 181.600 0.403 3118
719.811 181.799 0.404 3134
719.731 181.999 0.404 3134
719.691 182.198 0.404 3134
719.611 182.397 0.404 3150
719.571 182.596 0.404 3150
719.491 182.834 0.404 3150
719.451 183.073 0.404 3167
719.371 183.272 0.404 3183
719.290 183.471 0.404 3183
719.210 183.671 0.404 3183
719.130 183.870 0.404 3199
719.010 184.029 0.404 3199
718.930 184.228 0.404 3216
718.850 184.427 0.404 3216
718.770 184.666 0.404 3216
718.690 184.865 0.404 3232
718.609 185.064 0.404 3232
718.569 185.263 0.405 3248
718.489 185.502 0.405 3248
718.449 185.661 0.405 3264
718.369 185.860 0.405 3264
718.289 186.059 0.405 3264
718.249 186.258 0.405 3281
718.169 186.497 0.406 3297
718.089 186.736 0.406 3297
718.008 186.975 0.407 3297
717.928 187.213 0.407 3313
717.848 187.452 0.407 3313
717.768 187.771 0.407 3313
717.688 188.010 0.408 3329
717.608 188.288 0.408 3345
717.528 188.527 0.408 3345
717.447 188.726 0.408 3345
717.367 188.965 0.408 3361
717.287 189.164 0.408 3377
717.207 189.363 0.408 3377
717.087 189.562 0.408 3377
717.047 189.761 0.408 3394
716.967 189.960 0.408 3394
716.886 190.159 0.408 3394
716.846 190.358 0.409 3410
716.766 190.518 0.408 3410
716.686 190.717 0.409 3426
716.606 190.876 0.409 3426
716.526 191.075 0.409 3442
716.486 191.274 0.409 3442
716.406 191.473 0.409 3459
716.326 191.672 0.409 3459
716.285 191.871 0.409 3459
716.245 192.110 0.409 3475
716.165 192.309 0.409 3475
716.125 192.508 0.410 3475
716.045 192.667 0.409 3491
715.965 192.826 0.409 3507
715.925 192.986 0.410 3507
715.845 193.145 0.410 3507
715.765 193.304 0.410 3524
715.685 193.503 0.410 3540
715.604 193.623 0.410 3540
715.524 193.822 0.410 3540
715.444 194.021 0.410 3556
715.364 194.180 0.410 3556
715.284 194.379 0.411 3556
715.204 194.538 0.410 3572
715.083 194.737 0.410 3589
714.963 194.896 0.411 3589
714.883 195.056 0.410 3589
714.843 195.255 0.410 3605
714.763 195.414 0.410 3605
714.683 195.613 0.410 3621
714.603 195.812 0.411 3621
714.523 196.011 0.410 3621
714.402 196.210 0.410 3638
714.322 196.449 0.411 3638
714.242 196.688 0.411 3638
714.162 196.887 0.411 3654
714.082 197.126 0.411 3670
714.002 197.325 0.411 3670
713.922 197.524 0.411 3670
713.841 197.723 0.411 3686
713.761 197.922 0.411 3702
713.681 198.121 0.411 3702
713.601 198.320 0.411 3702
713.521 198.519 0.411 3719
713.481 198.678 0.411 3719
713.401 198.837 0.411 3719
713.321 199.076 0.411 3735
713.240 199.236 0.411 3751
713.160 199.435 0.411 3751
713.040 199.634 0.411 3751
712.960 199.833 0.411 3767
712.840 200.032 0.411 3767
712.760 200.271 0.411 3783
712.679 200.470 0.411 3783
712.599 200.708 0.411 3783
712.519 200.907 0.411 3799
712.479 201.186 0.411 3799
712.399 201.425 0.411 3816
712.319 201.624 0.411 3816
712.239 201.823 0.411 3832
712.199 201.982 0.411 3832
712.119 202.181 0.411 3832
712.038 202.380 0.411 3848
711.998 202.540 0.411 3864
711.918 202.739 0.411 3864
711.838 202.938 0.411 3864
711.758 203.097 0.412 3881
711.678 203.296 0.412 3881
711.638 203.535 0.412 3881
711.598 203.694 0.413 3897
711.518 203.853 0.413 3913
711.477 204.013 0.413 3913
711.397 204.172 0.413 3913
711.357 204.371 0.413 3930
711.277 204.530 0.413 3946
711.237 204.689 0.413 3946
711.157 204.849 0.414 3946
711.077 205.008 0.414 3962
710.997 205.167 0.415 3962
710.917 205.326 0.415 3962
710.836 205.525 0.415 3978
710.756 205.724 0.415 3978
710.676 205.923 0.415 3995
710.596 206.083 0.416 3995
710.556 206.282 0.416 3995
710.476 206.441 0.417 4011
710.396 206.600 0.417 4027
710.315 206.759 0.418 4027
710.275 206.919 0.419 4027
710.235 207.078 0.419 4043
710.155 207.237 0.420 4043
710.075 207.356 0.420 4043
710.035 207.555 0.421 4059
709.995 207.715 0.421 4075
709.915 207.834 0.421 4075
709.875 208.033 0.422 4075
709.795 208.232 0.422 4091
709.755 208.352 0.423 4108
709.715 208.511 0.424 4108
709.674 208.670 0.424 4108
709.594 208.829 0.425 4124
709.554 208.989 0.426 4124
709.514 209.108 0.426 4124
709.474 209.307 0.426 4140
709.394 209.466 0.427 4157
709.354 209.626 0.427 4157
709.314 209.785 0.428 4157
709.234 209.944 0.428 4173
709.194 210.103 0.429 4173
709.114 210.302 0.429 4189
709.033 210.461 0.430 4189
708.993 210.621 0.431 4189
708.953 210.780 0.431 4205
708.873 210.899 0.432 4221
708.833 211.059 0.432 4221
708.793 211.218 0.433 4221
708.713 211.337 0.434 4238
708.673 211.497 0.434 4238
708.633 211.616 0.435 4238
708.553 211.735 0.435 4254
708.513 211.855 0.436 4270
708.472 211.934 0.436 4270
708.432 212.054 0.437 4270
708.392 212.173 0.437 4287
708.352 212.293 0.437 4303
708.312 212.412 0.437 4303
708.272 212.571 0.438 4303
708.232 212.691 0.438 4319
708.192 212.810 0.438 4319
708.152 212.969 0.438 4319
708.112 213.089 0.438 4336
708.072 213.168 0.439 4336
708.072 213.288 0.439 4352
708.032 213.407 0.440 4352
707.992 213.527 0.441 4352
707.952 213.646 0.442 4368
707.911 213.805 0.443 4384
707.871 213.925 0.444 4384
707.831 214.044 0.445 4384
707.791 214.164 0.445 4400
707.751 214.323 0.447 4400
707.711 214.442 0.447 4400
707.631 214.522 0.449 4417
707.591 214.641 0.453 4433
707.551 214.801 0.456 4433
707.471 214.920 0.457 4433
707.431 215.039 0.459 4449
707.391 215.159 0.460 4465
707.351 215.238 0.462 4465
707.270 215.358 0.463 4465
707.230 215.517 0.463 4465
707.150 215.637 0.464 4482
707.070 215.756 0.465 4498
707.030 215.875 0.466 4498
706.990 215.995 0.467 4498
706.910 216.114 0.467 4514
706.870 216.234 0.469 4514
706.830 216.353 0.470 4514
706.750 216.473 0.472 4530
706.710 216.552 0.474 4546
706.669 216.632 0.476 4546
706.629 216.711 0.477 4546
706.589 216.791 0.479 4562
706.549 216.871 0.480 4578
706.549 216.910 0.481 4578
706.509 216.990 0.482 4578
706.509 217.030 0.483 4595
706.469 217.149 0.484 4595
706.429 217.229 0.486 4611
706.389 217.309 0.487 4611
706.349 217.388 0.489 4611
706.309 217.468 0.491 4627
706.269 217.547 0.492 4627
706.229 217.627 0.494 4627
706.229 217.667 0.497 4643
706.189 217.746 0.499 4659
706.189 217.826 0.500 4659
706.189 217.906 0.503 4659
706.189 217.985 0.505 4675
706.189 218.065 0.508 4692
706.149 218.145 0.510 4692
706.149 218.224 0.511 4692
706.109 218.344 0.512 4708
706.068 218.423 0.512 4708
706.028 218.543 0.513 4708
705.988 218.622 0.513 4724
705.988 218.702 0.513 4741
705.988 218.781 0.514 4741
705.988 218.821 0.514 4741
705.988 218.821 0.514 4757
705.988 218.821 0.513 4773
706.028 218.662 0.495 4773
706.149 218.344 0.448 4773
706.269 217.985 0.370 4790
706.269 217.508 0.199 4806

% x_coordinate y_coordinate pressure time
% shape 1, 845 points
724.980 166.951 0.016 0
725.020 166.951 0.042 0
725.140 166.951 0.048 1
725.301 166.951 0.054 16
725.421 166.951 0.060 17
725.581 166.951 0.065 32
725.741 166.951 0.069 32
725.861 166.832 0.075 33
725.982 166.712 0.094 48
726.062 166.553 0.111 64
726.182 166.394 0.160 64
726.262 166.155 0.182 65
726.342 165.916 0.202 80
726.422 165.677 0.220 96
726.543 165.438 0.235 96
726.623 165.160 0.244 96
726.703 164.841 0.253 112
726.783 164.562 0.260 112
726.863 164.324 0.269 129
726.943 164.045 0.277 129
727.023 163.806 0.283 145
727.104 163.527 0.291 145
727.184 163.289 0.300 145
727.264 163.010 0.309 161
727.344 162.731 0.315 161
727.384 162.492 0.320 177
727.464 162.254 0.325 177
727.544 162.015 0.329 177
727.584 161.776 0.333 193
727.664 161.537 0.338 209
727.745 161.298 0.342 209
727.865 161.059 0.345 209
727.945 160.821 0.348 225
728.025 160.582 0.352 225
728.145 160.343 0.357 241
728.265 160.104 0.363 241
728.386 159.825 0.368 258
728.506 159.586 0.371 258
728.626 159.348 0.375 258
728.746 159.109 0.378 274
728.866 158.830 0.380 274
728.987 158.591 0.382 290
729.187 158.313 0.384 290
729.307 158.034 0.386 290
729.467 157.795 0.388 306
729.628 157.556 0.389 323
729.788 157.357 0.391 323
729.948 157.118 0.393 323
730.068 156.959 0.395 339
730.229 156.760 0.397 339
730.389 156.601 0.400 339
730.549 156.402 0.402 355
730.709 156.242 0.403 371
730.870 156.004 0.405 371
731.070 155.805 0.407 371
731.270 155.645 0.409 387
731.431 155.446 0.410 404
731.591 155.247 0.411 404
731.791 155.048 0.413 404
731.952 154.849 0.413 420
732.112 154.690 0.416 420
732.232 154.531 0.418 420
732.352 154.372 0.420 436
732.513 154.252 0.421 452
732.673 154.093 0.422 452
732.793 153.934 0.424 452
732.953 153.814 0.426 469
733.114 153.655 0.427 469
733.274 153.536 0.428 485
733.394 153.416 0.428 485
733.554 153.337 0.429 485
733.674 153.257 0.429 501
733.835 153.177 0.430 501
733.955 153.058 0.431 517
734.115 152.978 0.432 517
734.235 152.899 0.434 533
734.396 152.819 0.435 533
734.596 152.700 0.436 533
734.756 152.620 0.438 549
734.917 152.501 0.439 566
735.077 152.421 0.441 566
735.237 152.341 0.443 566
735.397 152.262 0.445 582
735.518 152.182 0.447 582
735.638 152.102 0.449 582
735.758 152.023 0.451 598
735.878 151.943 0.453 614
735.998 151.903 0.454 614
736.078 151.824 0.455 614
736.199 151.784 0.456 630
736.319 151.744 0.456 646
736.399 151.704 0.457 646
736.559 151.625 0.457 646
736.680 151.545 0.457 662
736.800 151.466 0.457 662
736.960 151.386 0.457 662
737.080 151.306 0.458 679
737.240 151.227 0.459 679
737.361 151.147 0.460 695
737.521 151.107 0.463 695
737.641 151.028 0.464 695
737.761 150.988 0.466 711
737.881 150.948 0.467 727
738.002 150.868 0.468 727
738.082 150.829 0.468 727
738.202 150.789 0.470 744
738.282 150.749 0.471 744
738.402 150.709 0.470 744
738.482 150.709 0.471 760
738.603 150.669 0.471 776
738.723 150.630 0.472 776
738.843 150.550 0.472 776
739.003 150.510 0.472 792
739.164 150.470 0.474 809
739.284 150.391 0.474 809
739.444 150.351 0.475 809
739.604 150.271 0.475 825
739.765 150.231 0.477 825
739.885 150.152 0.477 825
740.005 150.112 0.479 841
740.165 150.072 0.480 858
740.285 150.032 0.480 858
740.406 149.993 0.481 858
740.486 149.993 0.480 874
740.606 149.953 0.481 874
740.766 149.913 0.482 890
740.927 149.913 0.482 890
741.047 149.913 0.482 890
741.207 149.913 0.483 906
741.367 149.913 0.482 906
741.528 149.913 0.483 922
741.688 149.913 0.484 922
741.848 149.873 0.484 939
742.008 149.873 0.485 939
742.169 149.833 0.485 939
742.329 149.794 0.486 955
742.449 149.754 0.487 971
742.569 149.754 0.489 971
742.689 149.714 0.490 971
742.770 149.714 0.491 987
742.890 149.674 0.493 987
742.970 149.674 0.493 1003
743.050 149.674 0.494 1003
743.130 149.674 0.494 1019
743.250 149.674 0.495 1019
743.331 149.674 0.495 1019
743.451 149.674 0.496 1036
743.531 149.674 0.496 1036
743.651 149.674 0.496 1052
743.771 149.674 0.496 1052
743.891 149.674 0.496 1052
744.012 149.674 0.497 1068
744.172 149.674 0.497 1084
744.292 149.674 0.498 1084
744.372 149.674 0.497 1084
744.533 149.714 0.498 1101
744.613 149.754 0.498 1101
744.733 149.794 0.498 1101
744.853 149.833 0.498 1117
744.973 149.873 0.498 1133
745.093 149.913 0.498 1133
745.214 149.993 0.498 1133
745.334 150.032 0.499 1150
745.454 150.072 0.499 1150
745.574 150.152 0.499 1166
745.695 150.192 0.499 1166
745.855 150.271 0.499 1182
745.975 150.311 0.500 1182
746.135 150.351 0.500 1182
746.295 150.391 0.499 1198
746.416 150.470 0.499 1198
746.576 150.510 0.499 1215
746.696 150.590 0.499 1215
746.856 150.669 0.499 1215
746.977 150.749 0.499 1231
747.097 150.789 0.499 1247
747.217 150.868 0.500 1247
747.337 150.908 0.500 1247
747.457 150.948 0.500 1264
747.578 150.988 0.500 1264
747.698 151.067 0.500 1264
747.778 151.107 0.500 1280
747.898 151.187 0.500 1296
748.018 151.266 0.500 1296
748.139 151.346 0.500 1296
748.259 151.426 0.500 1313
748.379 151.505 0.500 1329
748.459 151.545 0.500 1329
748.579 151.625 0.500 1329
748.659 151.665 0.500 1345
748.740 151.744 0.500 1345
748.860 151.824 0.500 1345
748.940 151.864 0.500 1362
749.060 151.943 0.500 1362
749.140 151.983 0.500 1378
749.260 152.063 0.500 1378
749.341 152.102 0.500 1394
749.421 152.182 0.500 1394
749.541 152.262 0.500 1410
749.581 152.302 0.500 1410
749.661 152.341 0.500 1410
749.741 152.421 0.500 1426
749.821 152.501 0.500 1426
749.861 152.620 0.500 1426
749.942 152.700 0.500 1443
750.022 152.819 0.500 1459
750.102 152.899 0.500 1459
750.182 152.978 0.501 1459
750.262 153.098 0.500 1476
750.342 153.177 0.501 1492
750.382 153.257 0.501 1492
750.462 153.337 0.501 1492
750.503 153.416 0.501 1508
750.583 153.536 0.501 1508
750.663 153.615 0.501 1508
750.743 153.735 0.501 1524
750.823 153.814 0.501 1541
750.863 153.894 0.501 1541
750.943 153.973 0.501 1541
750.983 154.093 0.501 1557
751.063 154.173 0.501 1557
751.144 154.252 0.501 1573
751.184 154.372 0.501 1573
751.224 154.451 0.501 1573
751.264 154.571 0.502 1589
751.304 154.650 0.501 1589
751.344 154.730 0.502 1589
751.384 154.809 0.502 1606
751.384 154.889 0.502 1622
751.424 154.969 0.502 1622
751.464 155.048 0.502 1622
751.464 155.168 0.502 1638
751.464 155.247 0.503 1655
751.504 155.287 0.502 1655
751.544 155.407 0.502 1655
751.544 155.486 0.502 1671
751.544 155.566 0.502 1671
751.584 155.645 0.502 1671
751.584 155.805 0.503 1687
751.584 155.884 0.502 1704
751.624 155.964 0.503 1704
751.624 156.083 0.503 1704
751.624 156.163 0.503 1720
751.624 156.242 0.503 1720
751.664 156.322 0.503 1736
751.704 156.402 0.503 1736
751.745 156.481 0.503 1736
751.745 156.561 0.503 1753
751.785 156.641 0.503 1753
751.825 156.720 0.504 1753
751.825 156.840 0.503 1769
751.865 156.919 0.503 1785
751.865 156.999 0.503 1785
751.865 157.118 0.504 1785
751.865 157.198 0.504 1801
751.865 157.317 0.504 1818
751.865 157.397 0.504 1818
751.865 157.477 0.504 1818
751.865 157.596 0.504 1834
751.865 157.676 0.504 1834
751.865 157.795 0.504 1834
751.865 157.875 0.504 1850
751.865 157.994 0.504 1867
751.865 158.074 0.505 1867
751.865 158.193 0.504 1867
751.865 158.273 0.504 1883
751.865 158.352 0.505 1883
751.865 158.472 0.504 1899
751.865 158.551 0.505 1899
751.865 158.631 0.505 1899
751.865 158.750 0.505 1915
751.865 158.830 0.505 1915
751.865 158.950 0.505 1932
751.865 159.029 0.504 1932
751.865 159.149 0.505 1948
751.865 159.228 0.505 1948
751.865 159.348 0.505 1948
751.865 159.427 0.505 1964
751.865 159.507 0.505 1980
751.865 159.626 0.505 1980
751.865 159.746 0.505 1980
751.865 159.825 0.505 1997
751.865 159.945 0.505 1997
751.865 160.024 0.505 1997
751.865 160.144 0.505 2013
751.865 160.303 0.505 2029
751.865 160.383 0.505 2029
751.865 160.462 0.505 2029
751.865 160.582 0.506 2045
751.825 160.701 0.505 2045
751.825 160.781 0.505 2061
751.825 160.900 0.505 2061
751.785 161.020 0.505 2078
751.785 161.139 0.506 2078
751.745 161.219 0.506 2078
751.745 161.338 0.506 2094
751.704 161.457 0.505 2094
751.664 161.577 0.506 2110
751.664 161.656 0.506 2110
751.624 161.776 0.506 2110
751.584 161.895 0.506 2126
751.584 162.015 0.506 2142
751.544 162.134 0.506 2142
751.544 162.214 0.506 2142
751.504 162.333 0.506 2159
751.464 162.492 0.506 2159
751.424 162.612 0.506 2159
751.384 162.731 0.506 2175
751.384 162.851 0.506 2191
751.344 162.970 0.506 2191
751.304 163.090 0.506 2191
751.264 163.209 0.506 2207
751.264 163.328 0.506 2207
751.224 163.448 0.506 2223
751.184 163.567 0.506 2223
751.144 163.687 0.506 2223
751.104 163.846 0.506 2240
751.063 163.965 0.506 2256
751.023 164.085 0.506 2256
750.983 164.204 0.507 2256
750.943 164.363 0.507 2273
750.903 164.483 0.506 2273
750.863 164.602 0.507 2273
750.823 164.762 0.507 2289
750.783 164.841 0.507 2305
750.743 165.000 0.507 2305
750.703 165.120 0.506 2305
750.663 165.199 0.507 2322
750.623 165.319 0.507 2338
750.583 165.438 0.507 2338
750.543 165.598 0.507 2338
750.543 165.717 0.507 2354
750.462 165.836 0.507 2354
750.422 165.956 0.507 2354
750.382 166.075 0.507 2370
750.302 166.234 0.507 2370
750.262 166.354 0.507 2387
750.222 166.473 0.507 2387
750.182 166.593 0.507 2403
750.102 166.752 0.507 2403
750.062 166.871 0.507 2419
750.062 167.070 0.507 2419
750.022 167.190 0.507 2419
749.982 167.309 0.507 2435
749.942 167.429 0.507 2435
749.901 167.588 0.507 2435
749.861 167.707 0.507 2452
749.821 167.827 0.508 2468
749.821 167.986 0.507 2468
749.781 168.105 0.507 2468
749.701 168.265 0.507 2484
749.621 168.384 0.507 2501
749.581 168.543 0.507 2501
749.541 168.663 0.508 2501
749.501 168.782 0.507 2517
749.461 168.902 0.507 2517
749.421 169.021 0.508 2517
749.381 169.140 0.507 2533
749.341 169.300 0.507 2549
749.300 169.419 0.508 2549
749.220 169.538 0.507 2549
749.180 169.658 0.508 2566
749.140 169.777 0.508 2566
749.100 169.857 0.507 2582
749.060 169.937 0.508 2582
749.020 170.056 0.507 2582
749.020 170.136 0.508 2598
748.980 170.215 0.508 2598
748.940 170.295 0.507 2614
748.860 170.414 0.507 2614
748.820 170.494 0.508 2630
748.820 170.574 0.508 2630
748.780 170.693 0.508 2630
748.740 170.773 0.508 2646
748.700 170.852 0.507 2662
748.659 170.972 0.508 2662
748.659 171.051 0.508 2662
748.659 171.131 0.507 2679
748.619 171.250 0.508 2679
748.579 171.330 0.508 2679
748.579 171.449 0.508 2695
748.539 171.569 0.508 2711
748.539 171.648 0.508 2711
748.499 171.768 0.508 2711
748.459 171.847 0.508 2727
748.459 171.927 0.507 2727
748.419 172.046 0.508 2744
748.419 172.126 0.508 2744
748.339 172.206 0.507 2760
748.339 172.285 0.508 2760
748.299 172.365 0.508 2760
748.259 172.445 0.507 2776
748.259 172.524 0.508 2776
748.219 172.604 0.508 2792
748.219 172.683 0.508 2792
748.179 172.803 0.508 2792
748.179 172.882 0.508 2809
748.139 172.962 0.508 2825
748.139 173.042 0.508 2825
748.099 173.121 0.508 2825
748.058 173.241 0.508 2841
748.058 173.320 0.508 2841
748.018 173.400 0.508 2841
748.018 173.480 0.508 2858
748.018 173.599 0.508 2874
747.978 173.718 0.508 2874
747.978 173.798 0.507 2874
747.978 173.917 0.508 2890
747.898 173.997 0.507 2906
747.898 174.077 0.508 2906
747.858 174.156 0.508 2906
747.858 174.236 0.508 2922
747.858 174.315 0.508 2922
747.818 174.395 0.508 2922
747.818 174.475 0.508 2939
747.818 174.554 0.508 2939
747.778 174.634 0.508 2955
747.778 174.714 0.508 2955
747.778 174.793 0.508 2972
747.738 174.873 0.508 2972
747.738 174.952 0.508 2988
747.738 175.032 0.508 2988
747.738 175.112 0.508 2988
747.698 175.191 0.508 3004
747.698 175.271 0.508 3004
747.698 175.390 0.508 3004
747.698 175.470 0.508 3020
747.698 175.550 0.508 3036
747.658 175.629 0.508 3036
747.658 175.669 0.508 3036
747.658 175.749 0.508 3053
747.658 175.868 0.508 3069
747.658 175.987 0.509 3069
747.658 176.067 0.509 3069
747.658 176.147 0.509 3085
747.658 176.266 0.509 3085
747.658 176.346 0.509 3085
747.658 176.386 0.510 3101
747.658 176.465 0.510 3118
747.658 176.545 0.510 3118
747.658 176.624 0.510 3118
747.658 176.704 0.511 3134
747.658 176.823 0.511 3134
747.658 176.903 0.512 3150
747.658 176.983 0.511 3150
747.658 177.062 0.512 3150
747.658 177.182 0.512 3167
747.658 177.261 0.513 3167
747.658 177.301 0.513 3167
747.658 177.381 0.513 3183
747.658 177.460 0.513 3199
747.658 177.500 0.514 3199
747.658 177.580 0.514 3199
747.658 177.659 0.515 3216
747.658 177.699 0.516 3232
747.658 177.779 0.516 3232
747.658 177.858 0.516 3232
747.658 177.938 0.517 3248
747.658 178.018 0.517 3248
747.658 178.097 0.517 3248
747.658 178.257 0.517 3264
747.658 178.336 0.517 3281
747.658 178.416 0.518 3281
747.658 178.495 0.518 3281
747.658 178.615 0.518 3297
747.698 178.694 0.519 3297
747.698 178.774 0.519 3313
747.738 178.854 0.519 3313
747.738 178.933 0.520 3313
747.738 179.053 0.521 3330
747.778 179.132 0.522 3330
747.778 179.212 0.523 3330
747.818 179.252 0.523 3346
747.858 179.331 0.523 3362
747.898 179.411 0.524 3362
747.898 179.491 0.524 3362
747.938 179.570 0.525 3379
747.978 179.650 0.525 3395
747.978 179.729 0.525 3395
748.018 179.809 0.525 3395
748.058 179.849 0.526 3411
748.099 179.928 0.526 3411
748.139 180.008 0.527 3411
748.179 180.088 0.527 3427
748.219 180.128 0.527 3444
748.219 180.207 0.528 3444
748.259 180.247 0.528 3444
748.299 180.327 0.528 3460
748.299 180.446 0.529 3460
748.339 180.486 0.529 3476
748.379 180.565 0.530 3476
748.419 180.645 0.530 3492
748.459 180.725 0.530 3492
748.499 180.804 0.531 3492
748.539 180.844 0.531 3509
748.619 180.924 0.531 3509
748.659 181.003 0.532 3525
748.700 181.043 0.532 3525
748.740 181.123 0.532 3525
748.780 181.163 0.532 3541
748.860 181.242 0.532 3557
748.940 181.322 0.532 3557
748.980 181.401 0.532 3557
749.020 181.441 0.533 3574
749.100 181.521 0.533 3574
749.140 181.600 0.533 3574
749.220 181.640 0.533 3590
749.260 181.680 0.533 3606
749.300 181.720 0.533 3606
749.341 181.760 0.534 3606
749.381 181.799 0.534 3622
749.421 181.799 0.534 3639
749.461 181.839 0.534 3639
749.501 181.839 0.534 3639
749.541 181.879 0.534 3655
749.581 181.919 0.535 3655
749.621 181.919 0.535 3655
749.661 181.999 0.535 3671
749.701 182.038 0.535 3671
749.741 182.078 0.535 3688
749.821 182.118 0.535 3688
749.901 182.158 0.535 3688
749.942 182.198 0.536 3704
750.022 182.277 0.536 3720
750.062 182.317 0.536 3720
750.142 182.397 0.536 3720
750.182 182.436 0.536 3736
750.222 182.476 0.537 3736
750.302 182.516 0.537 3736
750.342 182.635 0.536 3753
750.382 182.635 0.537 3769
750.462 182.675 0.537 3769
750.543 182.715 0.537 3769
750.663 182.755 0.537 3785
750.703 182.755 0.537 3801
750.783 182.795 0.537 3801
750.863 182.834 0.537 3801
750.943 182.874 0.537 3817
750.983 182.914 0.537 3817
751.023 182.914 0.537 3817
751.104 182.954 0.537 3833
751.144 182.994 0.537 3833
751.224 183.073 0.537 3850
751.264 183.113 0.537 3850
751.304 183.153 0.537 3866
751.384 183.233 0.537 3866
751.464 183.272 0.537 3882
751.504 183.352 0.537 3882
751.584 183.392 0.537 3882
751.664 183.432 0.537 3898
751.704 183.471 0.538 3898
751.785 183.471 0.537 3914
751.825 183.511 0.537 3914
751.865 183.511 0.538 3930
751.945 183.551 0.537 3930
751.985 183.551 0.538 3930
752.065 183.591 0.538 3947
752.145 183.631 0.537 3963
752.225 183.631 0.538 3963
752.306 183.671 0.538 3963
752.386 183.710 0.538 3979
752.466 183.750 0.538 3979
752.506 183.790 0.538 3979
752.586 183.830 0.538 3995
752.666 183.870 0.538 4011
752.746 183.870 0.538 4011
752.826 183.909 0.538 4011
752.906 183.949 0.538 4027
752.987 183.949 0.538 4027
753.067 183.989 0.538 4043
753.107 183.989 0.538 4043
753.187 184.029 0.538 4043
753.267 184.029 0.538 4059
753.307 184.029 0.538 4076
753.387 184.069 0.538 4076
753.467 184.069 0.538 4076
753.548 184.108 0.538 4092
753.588 184.108 0.538 4092
753.668 184.108 0.538 4092
753.708 184.108 0.538 4108
753.788 184.108 0.538 4124
753.868 184.108 0.538 4124
753.948 184.108 0.539 4124
753.988 184.108 0.539 4141
754.068 184.108 0.539 4157
754.149 184.108 0.539 4157
754.229 184.108 0.539 4157
754.309 184.108 0.539 4173
754.349 184.108 0.540 4173
754.429 184.108 0.540 4173
754.509 184.108 0.540 4189
754.589 184.148 0.540 4189
754.710 184.148 0.540 4205
754.750 184.188 0.540 4205
754.830 184.228 0.540 4221
754.910 184.228 0.540 4221
754.990 184.268 0.540 4238
755.030 184.307 0.540 4238
755.110 184.307 0.540 4238
755.150 184.347 0.540 4254
755.230 184.347 0.540 4254
755.270 184.387 0.540 4254
755.351 184.387 0.540 4270
755.431 184.387 0.541 4286
755.511 184.427 0.540 4286
755.591 184.427 0.541 4286
755.631 184.427 0.541 4302
755.711 184.427 0.541 4319
755.791 184.427 0.541 4319
755.871 184.427 0.541 4319
755.952 184.427 0.541 4335
756.032 184.427 0.541 4335
756.112 184.427 0.541 4335
756.152 184.427 0.541 4351
756.232 184.427 0.541 4351
756.312 184.427 0.541 4367
756.392 184.467 0.541 4367
756.472 184.467 0.541 4367
756.553 184.506 0.541 4384
756.633 184.506 0.541 4400
756.713 184.506 0.541 4400
756.793 184.546 0.541 4400
756.913 184.586 0.541 4416
756.993 184.586 0.541 4433
757.073 184.586 0.541 4433
757.194 184.586 0.541 4433
757.274 184.586 0.541 4449
757.354 184.586 0.541 4449
757.434 184.586 0.542 4449
757.554 184.586 0.542 4465
757.634 184.586 0.542 4481
757.715 184.586 0.542 4481
757.795 184.586 0.542 4481
757.835 184.586 0.542 4497
757.955 184.586 0.542 4497
757.995 184.586 0.542 4513
758.115 184.586 0.542 4513
758.195 184.586 0.542 4530
758.275 184.586 0.542 4530
758.396 184.586 0.542 4530
758.476 184.586 0.542 4546
758.556 184.586 0.542 4546
758.636 184.586 0.542 4562
758.716 184.586 0.542 4562
758.796 184.586 0.542 4562
758.876 184.586 0.542 4578
758.957 184.586 0.542 4594
759.037 184.586 0.542 4594
759.077 184.586 0.543 4594
759.157 184.546 0.543 4610
759.237 184.546 0.543 4610
759.317 184.546 0.543 4610
759.397 184.506 0.543 4626
759.477 184.506 0.543 4642
759.558 184.506 0.543 4642
759.638 184.506 0.543 4642
759.718 184.506 0.543 4658
759.838 184.506 0.543 4674
759.918 184.467 0.543 4674
759.998 184.467 0.543 4674
760.119 184.427 0.543 4674
760.199 184.387 0.543 4690
760.279 184.387 0.543 4707
760.359 184.347 0.543 4707
760.439 184.268 0.543 4707
760.479 184.268 0.544 4723
760.559 184.228 0.544 4723
760.639 184.188 0.544 4723
760.720 184.188 0.544 4739
760.800 184.148 0.544 4755
760.880 184.108 0.544 4755
760.960 184.069 0.545 4755
761.040 184.029 0.544 4772
761.120 183.989 0.545 4788
761.200 183.949 0.545 4788
761.280 183.909 0.545 4788
761.321 183.870 0.545 4804
761.401 183.830 0.545 4804
761.481 183.790 0.545 4804
761.561 183.750 0.546 4820
761.681 183.710 0.546 4820
761.801 183.671 0.546 4837
761.881 183.631 0.546 4837
761.962 183.591 0.546 4853
762.042 183.551 0.546 4853
762.122 183.511 0.546 4869
762.202 183.432 0.546 4869
762.282 183.392 0.546 4869
762.362 183.352 0.546 4885
762.442 183.272 0.546 4901
762.523 183.233 0.547 4901
762.603 183.193 0.547 4901
762.683 183.113 0.547 4917
762.763 183.073 0.547 4917
762.843 182.994 0.547 4917
762.963 182.954 0.547 4934
763.043 182.874 0.547 4950
763.164 182.834 0.547 4950
763.204 182.795 0.547 4950
763.324 182.715 0.547 4966
763.404 182.675 0.547 4966
763.484 182.635 0.547 4982
763.564 182.556 0.547 4982
763.644 182.516 0.547 4999
763.725 182.476 0.547 4999
763.805 182.357 0.547 4999
763.885 182.317 0.547 5015
763.965 182.237 0.547 5015
764.045 182.158 0.547 5031
764.125 182.118 0.547 5031
764.205 182.038 0.547 5031
764.326 181.999 0.547 5047
764.406 181.919 0.547 5063
764.526 181.839 0.548 5063
764.646 181.799 0.547 5063
764.766 181.720 0.548 5079
764.846 181.680 0.548 5079
764.967 181.600 0.548 5079
765.047 181.561 0.547 5095
765.127 181.481 0.548 5111
765.207 181.401 0.547 5111
765.287 181.362 0.548 5111
765.367 181.282 0.548 5128
765.487 181.202 0.548 5144
765.568 181.083 0.548 5144
765.688 181.003 0.548 5144
765.728 180.924 0.548 5160
765.848 180.804 0.548 5160
765.928 180.725 0.548 5160
766.008 180.605 0.548 5176
766.088 180.526 0.548 5192
766.169 180.446 0.548 5192
766.249 180.366 0.548 5192
766.329 180.287 0.548 5209
766.409 180.207 0.548 5209
766.489 180.088 0.548 5225
766.569 180.048 0.548 5225
766.649 179.968 0.548 5225
766.690 179.889 0.548 5241
766.770 179.849 0.548 5241
766.850 179.769 0.548 5257
766.930 179.690 0.548 5257
767.010 179.650 0.548 5273
767.090 179.570 0.548 5273
767.170 179.491 0.549 5273
767.250 179.411 0.548 5289
767.331 179.331 0.548 5306
767.451 179.292 0.549 5306
767.531 179.212 0.548 5306
767.611 179.132 0.549 5322
767.651 179.053 0.548 5322
767.731 178.973 0.548 5322
767.811 178.893 0.549 5338
767.891 178.814 0.549 5354
767.932 178.774 0.549 5354
768.012 178.655 0.549 5354
768.092 178.575 0.549 5370
768.172 178.495 0.549 5370
768.252 178.416 0.550 5387
768.292 178.336 0.550 5387
768.372 178.217 0.550 5403
768.412 178.137 0.550 5403
768.492 178.057 0.550 5403
768.573 177.978 0.551 5419
768.653 177.819 0.551 5419
768.733 177.739 0.551 5435
768.773 177.659 0.552 5435
768.853 177.540 0.552 5435
768.933 177.460 0.552 5451
768.973 177.381 0.553 5467
769.013 177.301 0.553 5467
769.053 177.222 0.553 5467
769.134 177.142 0.553 5484
769.174 177.062 0.554 5484
769.214 176.983 0.554 5484
769.254 176.863 0.554 5500
769.334 176.784 0.554 5516
769.374 176.704 0.555 5516
769.414 176.624 0.555 5516
769.494 176.585 0.555 5532
769.534 176.505 0.556 5548
769.534 176.425 0.556 5548
769.574 176.346 0.556 5548
769.614 176.266 0.557 5565
769.654 176.186 0.557 5565
769.694 176.107 0.557 5565
769.735 176.027 0.557 5581
769.775 175.948 0.557 5581
769.815 175.868 0.558 5597
769.895 175.749 0.558 5597
769.935 175.709 0.558 5613
769.935 175.629 0.559 5613
769.975 175.510 0.559 5629
770.015 175.470 0.559 5629
770.055 175.390 0.560 5629
770.095 175.351 0.560 5645
770.095 175.271 0.560 5661
770.095 175.191 0.561 5661
770.135 175.151 0.561 5661
770.175 175.072 0.561 5677
770.215 174.992 0.562 5677
770.215 174.913 0.562 5693
770.255 174.873 0.562 5693
770.255 174.793 0.562 5693
770.295 174.714 0.562 5709
770.336 174.674 0.563 5725
770.376 174.594 0.563 5725
770.416 174.554 0.563 5725
770.456 174.475 0.563 5742
770.496 174.435 0.563 5742
770.536 174.355 0.563 5742
770.576 174.315 0.563 5758
770.616 174.236 0.564 5758
770.656 174.196 0.564 5774
770.696 174.116 0.564 5774
770.736 174.037 0.564 5790
770.776 173.957 0.565 5790
770.816 173.878 0.566 5806
770.856 173.798 0.566 5806
770.897 173.718 0.567 5806
770.937 173.679 0.567 5823
770.977 173.599 0.568 5823
771.057 173.519 0.568 5823
771.097 173.440 0.569 5839
771.137 173.360 0.570 5855
771.177 173.241 0.570 5855
771.257 173.161 0.570 5855
771.337 173.081 0.570 5871
771.377 173.002 0.570 5888
771.457 172.962 0.570 5888
771.497 172.882 0.570 5888
771.578 172.763 0.571 5904
771.618 172.683 0.570 5904
771.698 172.604 0.571 5920
771.778 172.484 0.571 5920
771.858 172.405 0.571 5936
771.938 172.246 0.571 5936
772.018 172.126 0.571 5936
