% x_coordinate y_coordinate pressure time
% shape 0, 1330 points
1093.194 115.280 0.077 0
1093.114 115.280 0.106 0
1093.033 115.280 0.147 16
1092.993 115.280 0.176 16
1092.913 115.280 0.206 32
1092.833 115.280 0.231 32
1092.753 115.280 0.259 49
1092.673 115.280 0.294 49
1092.553 115.280 0.325 49
1092.432 115.280 0.349 65
1092.312 115.280 0.372 81
1092.192 115.280 0.389 81
1092.072 115.280 0.409 81
1092.072 115.280 0.426 97
1091.911 115.280 0.436 97
1091.751 115.280 0.444 97
1091.591 115.280 0.449 113
1091.391 115.280 0.455 130
1091.190 115.280 0.460 130
1090.990 115.280 0.468 130
1090.750 115.280 0.474 146
1090.469 115.359 0.480 146
1090.229 115.399 0.487 162
1089.948 115.439 0.496 162
1089.708 115.439 0.506 162
1089.468 115.439 0.518 178
1089.267 115.439 0.528 178
1089.067 115.439 0.536 178
1088.866 115.479 0.543 194
1088.706 115.479 0.548 210
1088.506 115.519 0.553 210
1088.346 115.598 0.555 210
1088.185 115.638 0.557 226
1087.985 115.718 0.557 243
1087.825 115.797 0.558 243
1087.624 115.877 0.558 243
1087.424 115.957 0.560 259
1087.264 115.996 0.562 259
1087.063 116.036 0.565 275
1086.903 116.116 0.568 275
1086.703 116.156 0.573 275
1086.543 116.195 0.577 291
1086.382 116.235 0.581 291
1086.222 116.275 0.585 307
1086.062 116.315 0.588 307
1085.901 116.355 0.593 323
1085.741 116.394 0.597 323
1085.541 116.434 0.600 323
1085.341 116.514 0.601 339
1085.140 116.554 0.604 356
1084.940 116.633 0.605 356
1084.740 116.673 0.607 356
1084.579 116.753 0.608 372
1084.419 116.832 0.609 372
1084.299 116.872 0.610 372
1084.179 116.912 0.611 388
1084.058 116.952 0.612 404
1083.938 116.992 0.614 404
1083.858 117.071 0.616 404
1083.738 117.111 0.618 420
1083.658 117.111 0.621 436
1083.538 117.151 0.624 436
1083.457 117.191 0.626 436
1083.297 117.230 0.628 452
1083.217 117.310 0.629 452
1083.137 117.350 0.629 452
1083.017 117.429 0.629 469
1082.937 117.509 0.630 469
1082.816 117.549 0.630 485
1082.696 117.628 0.630 485
1082.576 117.708 0.630 501
1082.456 117.748 0.630 501
1082.295 117.788 0.630 517
1082.215 117.867 0.630 517
1082.095 117.907 0.631 517
1081.975 117.947 0.632 533
1081.855 117.987 0.633 533
1081.695 118.066 0.634 533
1081.574 118.106 0.634 550
1081.414 118.146 0.634 566
1081.294 118.226 0.635 566
1081.134 118.265 0.635 566
1081.013 118.345 0.635 582
1080.893 118.425 0.636 598
1080.733 118.544 0.636 598
1080.573 118.584 0.636 598
1080.412 118.663 0.637 614
1080.252 118.743 0.636 614
1080.092 118.823 0.637 614
1079.932 118.902 0.637 631
1079.811 118.982 0.638 631
1079.691 119.062 0.638 647
1079.531 119.101 0.639 647
1079.411 119.181 0.639 663
1079.250 119.221 0.640 663
1079.090 119.300 0.641 679
1078.930 119.420 0.641 679
1078.810 119.499 0.642 679
1078.649 119.619 0.642 695
1078.489 119.738 0.642 695
1078.329 119.858 0.642 712
1078.169 119.977 0.642 712
1078.008 120.097 0.642 728
1077.848 120.216 0.642 728
1077.688 120.335 0.642 728
1077.527 120.415 0.643 744
1077.327 120.534 0.643 760
1077.167 120.614 0.643 760
1077.047 120.734 0.643 760
1076.927 120.813 0.643 776
1076.806 120.933 0.643 792
1076.686 121.012 0.644 792
1076.566 121.092 0.643 792
1076.486 121.171 0.644 808
1076.366 121.251 0.644 808
1076.245 121.331 0.644 808
1076.125 121.410 0.645 824
1076.005 121.490 0.646 824
1075.885 121.569 0.646 840
1075.724 121.729 0.646 840
1075.604 121.808 0.647 840
1075.444 121.928 0.647 856
1075.284 122.047 0.647 873
1075.124 122.206 0.647 873
1074.923 122.326 0.647 873
1074.763 122.445 0.648 889
1074.563 122.565 0.648 889
1074.442 122.724 0.648 889
1074.282 122.843 0.648 905
1074.162 122.963 0.648 921
1074.042 123.082 0.648 921
1073.881 123.202 0.648 921
1073.721 123.361 0.648 937
1073.601 123.480 0.648 953
1073.441 123.600 0.649 953
1073.321 123.719 0.649 953
1073.160 123.878 0.649 969
1073.000 124.038 0.649 969
1072.840 124.197 0.649 969
1072.719 124.316 0.649 986
1072.559 124.476 0.649 1002
1072.399 124.635 0.649 1002
1072.239 124.794 0.649 1002
1072.119 124.913 0.649 1018
1071.998 125.033 0.649 1018
1071.798 125.192 0.649 1034
1071.678 125.311 0.649 1034
1071.518 125.431 0.649 1050
1071.397 125.590 0.649 1050
1071.237 125.710 0.649 1050
1071.077 125.829 0.650 1067
1070.957 125.988 0.650 1067
1070.796 126.108 0.649 1083
1070.636 126.267 0.650 1083
1070.516 126.426 0.650 1083
1070.356 126.546 0.650 1099
1070.235 126.665 0.650 1115
1070.075 126.824 0.650 1115
1069.955 126.944 0.650 1115
1069.795 127.063 0.650 1132
1069.674 127.182 0.650 1132
1069.554 127.302 0.650 1132
1069.394 127.421 0.650 1148
1069.274 127.541 0.649 1164
1069.114 127.660 0.650 1164
1068.993 127.780 0.650 1164
1068.873 127.899 0.650 1180
1068.713 128.018 0.650 1196
1068.633 128.138 0.650 1196
1068.513 128.257 0.650 1196
1068.392 128.377 0.650 1213
1068.272 128.536 0.650 1213
1068.112 128.655 0.649 1213
1067.992 128.775 0.650 1229
1067.871 128.894 0.650 1229
1067.711 129.053 0.651 1245
1067.591 129.173 0.650 1245
1067.431 129.332 0.650 1261
1067.270 129.452 0.650 1261
1067.150 129.571 0.651 1277
1067.030 129.730 0.650 1277
1066.910 129.850 0.650 1277
1066.790 129.969 0.650 1294
1066.709 130.088 0.651 1294
1066.549 130.208 0.650 1294
1066.469 130.327 0.650 1310
1066.349 130.407 0.650 1326
1066.269 130.526 0.650 1326
1066.149 130.646 0.650 1326
1066.068 130.805 0.650 1342
1065.948 130.924 0.651 1358
1065.828 131.044 0.650 1358
1065.748 131.163 0.650 1358
1065.628 131.283 0.650 1374
1065.548 131.402 0.650 1374
1065.468 131.561 0.650 1374
1065.387 131.681 0.650 1390
1065.307 131.800 0.650 1407
1065.187 131.959 0.651 1407
1065.107 132.079 0.651 1407
1064.987 132.238 0.651 1423
1064.866 132.358 0.651 1423
1064.746 132.517 0.651 1439
1064.666 132.636 0.651 1439
1064.546 132.756 0.651 1455
1064.466 132.915 0.651 1455
1064.345 133.074 0.651 1471
1064.265 133.193 0.652 1471
1064.145 133.273 0.651 1471
1064.105 133.393 0.651 1488
1064.025 133.512 0.651 1488
1063.945 133.631 0.651 1488
1063.865 133.791 0.651 1504
1063.785 133.910 0.651 1520
1063.705 134.030 0.651 1520
1063.624 134.189 0.651 1520
1063.544 134.308 0.651 1536
1063.424 134.467 0.651 1552
1063.344 134.587 0.651 1552
1063.224 134.706 0.651 1552
1063.144 134.826 0.651 1568
1063.063 134.985 0.652 1568
1062.983 135.104 0.652 1568
1062.903 135.224 0.652 1585
1062.863 135.383 0.652 1601
1062.783 135.463 0.652 1601
1062.663 135.622 0.652 1601
1062.583 135.741 0.652 1617
1062.462 135.861 0.652 1617
1062.382 135.980 0.652 1633
1062.262 136.139 0.652 1633
1062.182 136.259 0.652 1649
1062.102 136.378 0.653 1649
1062.022 136.498 0.653 1649
1061.942 136.617 0.653 1666
1061.821 136.776 0.653 1666
1061.741 136.856 0.653 1682
1061.661 136.975 0.654 1682
1061.621 137.135 0.654 1682
1061.541 137.254 0.654 1698
1061.461 137.373 0.654 1714
1061.421 137.572 0.654 1714
1061.341 137.692 0.654 1714
1061.301 137.811 0.655 1730
1061.220 137.931 0.655 1730
1061.180 138.050 0.655 1730
1061.100 138.130 0.655 1746
1061.060 138.249 0.655 1762
1061.020 138.329 0.655 1762
1060.980 138.448 0.655 1762
1060.940 138.528 0.655 1779
1060.900 138.647 0.655 1795
1060.820 138.727 0.655 1795
1060.780 138.846 0.655 1795
1060.700 138.926 0.656 1811
1060.619 139.045 0.656 1811
1060.579 139.125 0.656 1811
1060.539 139.205 0.657 1827
1060.499 139.324 0.657 1827
1060.459 139.443 0.658 1843
1060.379 139.523 0.658 1843
1060.339 139.642 0.659 1859
1060.299 139.762 0.659 1859
1060.259 139.921 0.660 1875
1060.179 140.041 0.660 1875
1060.139 140.160 0.660 1875
1060.058 140.279 0.660 1892
1060.018 140.399 0.660 1892
1059.938 140.518 0.660 1892
1059.858 140.638 0.661 1908
1059.738 140.757 0.660 1924
1059.698 140.837 0.661 1924
1059.658 140.956 0.661 1924
1059.578 141.036 0.661 1940
1059.537 141.115 0.662 1956
1059.497 141.195 0.662 1956
1059.457 141.275 0.662 1956
1059.417 141.354 0.662 1972
1059.377 141.474 0.662 1972
1059.337 141.513 0.663 1972
1059.297 141.593 0.663 1988
1059.257 141.673 0.663 2004
1059.217 141.752 0.663 2004
1059.217 141.832 0.663 2004
1059.137 141.951 0.663 2021
1059.097 142.111 0.664 2037
1059.057 142.230 0.663 2037
1059.017 142.349 0.663 2037
1058.937 142.469 0.664 2053
1058.896 142.588 0.664 2053
1058.816 142.708 0.664 2069
1058.776 142.827 0.664 2069
1058.696 142.986 0.664 2069
1058.656 143.106 0.664 2086
1058.616 143.225 0.664 2086
1058.576 143.345 0.664 2086
1058.536 143.464 0.664 2102
1058.496 143.583 0.665 2119
1058.456 143.743 0.664 2119
1058.376 143.862 0.664 2119
1058.336 143.982 0.664 2135
1058.255 144.101 0.664 2135
1058.175 144.260 0.665 2135
1058.135 144.419 0.665 2151
1058.055 144.539 0.665 2167
1057.975 144.658 0.665 2167
1057.935 144.778 0.665 2167
1057.895 144.897 0.665 2184
1057.855 145.017 0.665 2200
1057.735 145.136 0.665 2200
1057.694 145.255 0.665 2200
1057.654 145.375 0.666 2216
1057.574 145.534 0.665 2216
1057.534 145.654 0.665 2216
1057.494 145.813 0.665 2232
1057.454 145.932 0.665 2248
1057.414 146.091 0.665 2248
1057.334 146.251 0.665 2248
1057.254 146.370 0.666 2265
1057.214 146.529 0.666 2265
1057.134 146.689 0.666 2281
1057.013 146.848 0.666 2281
1056.933 146.967 0.666 2281
1056.853 147.126 0.666 2297
1056.813 147.286 0.666 2297
1056.733 147.405 0.666 2313
1056.693 147.564 0.666 2313
1056.613 147.684 0.666 2330
1056.573 147.843 0.667 2330
1056.492 147.962 0.667 2330
1056.412 148.122 0.667 2346
1056.372 148.241 0.666 2362
1056.292 148.321 0.666 2362
1056.212 148.480 0.667 2362
1056.132 148.599 0.666 2378
1056.052 148.719 0.667 2378
1055.972 148.918 0.667 2378
1055.892 149.037 0.667 2394
1055.811 149.196 0.667 2410
1055.691 149.356 0.667 2410
1055.611 149.475 0.667 2410
1055.571 149.634 0.667 2426
1055.531 149.754 0.667 2442
1055.451 149.873 0.667 2442
1055.411 149.993 0.667 2442
1055.371 150.152 0.667 2458
1055.331 150.271 0.667 2458
1055.250 150.391 0.667 2475
1055.170 150.550 0.667 2475
1055.130 150.709 0.667 2475
1055.050 150.829 0.668 2491
1054.970 150.988 0.668 2491
1054.890 151.187 0.668 2491
1054.810 151.346 0.668 2507
1054.729 151.466 0.668 2523
1054.649 151.585 0.669 2523
1054.609 151.744 0.669 2523
1054.529 151.864 0.669 2539
1054.489 151.983 0.670 2555
1054.449 152.102 0.671 2555
1054.369 152.222 0.672 2555
1054.329 152.341 0.673 2572
1054.249 152.501 0.674 2572
1054.209 152.620 0.675 2572
1054.169 152.779 0.676 2588
1054.129 152.978 0.676 2604
1054.089 153.137 0.677 2604
1054.048 153.337 0.677 2604
1054.008 153.536 0.677 2620
1053.968 153.695 0.677 2620
1053.928 153.854 0.678 2636
1053.848 154.013 0.678 2636
1053.808 154.173 0.678 2636
1053.768 154.292 0.679 2652
1053.728 154.411 0.679 2652
1053.688 154.531 0.680 2668
1053.648 154.650 0.681 2668
1053.608 154.809 0.681 2684
1053.568 154.929 0.682 2684
1053.528 155.048 0.682 2684
1053.487 155.168 0.682 2700
1053.447 155.287 0.683 2717
1053.447 155.407 0.683 2717
1053.407 155.526 0.684 2717
1053.367 155.685 0.685 2733
1053.327 155.805 0.685 2749
1053.287 155.924 0.686 2749
1053.247 156.083 0.686 2749
1053.207 156.203 0.687 2765
1053.167 156.362 0.687 2765
1053.127 156.521 0.688 2765
1053.087 156.680 0.687 2781
1053.087 156.800 0.688 2781
1053.047 156.959 0.688 2797
1053.007 157.118 0.688 2797
1053.007 157.278 0.689 2814
1052.967 157.437 0.689 2814
1052.927 157.596 0.689 2830
1052.886 157.755 0.689 2830
1052.886 157.914 0.689 2830
1052.846 158.074 0.689 2846
1052.806 158.273 0.689 2862
1052.766 158.432 0.689 2862
1052.726 158.591 0.689 2862
1052.686 158.750 0.689 2878
1052.646 158.910 0.689 2878
1052.606 159.069 0.690 2878
1052.566 159.228 0.690 2894
1052.566 159.387 0.690 2910
1052.526 159.547 0.691 2910
1052.446 159.666 0.691 2910
1052.406 159.825 0.691 2927
1052.366 159.984 0.691 2927
1052.366 160.223 0.691 2943
1052.326 160.383 0.691 2943
1052.326 160.542 0.691 2943
1052.286 160.741 0.691 2959
1052.245 160.900 0.691 2959
1052.245 161.099 0.691 2975
1052.205 161.298 0.692 2975
1052.165 161.497 0.692 2991
1052.165 161.696 0.692 2991
1052.125 161.895 0.692 2991
1052.125 162.055 0.692 3008
1052.085 162.254 0.692 3024
1052.085 162.492 0.692 3024
1051.965 162.652 0.693 3024
1051.925 162.811 0.692 3040
1051.965 162.970 0.692 3040
1051.965 163.129 0.692 3040
1051.925 163.289 0.692 3056
1051.925 163.488 0.692 3072
1051.925 163.687 0.693 3072
1051.885 163.886 0.693 3072
1051.885 164.085 0.693 3089
1051.845 164.284 0.694 3105
1051.805 164.483 0.693 3105
1051.805 164.722 0.694 3105
1051.765 164.921 0.694 3121
1051.805 165.120 0.694 3121
1051.765 165.319 0.694 3121
1051.765 165.518 0.694 3137
1051.765 165.717 0.694 3137
1051.765 165.916 0.694 3153
1051.765 166.075 0.694 3153
1051.765 166.234 0.694 3153
1051.765 166.394 0.694 3169
1051.805 166.553 0.694 3186
1051.805 166.712 0.694 3186
1051.805 166.871 0.694 3186
1051.805 167.110 0.694 3202
1051.805 167.269 0.695 3218
1051.765 167.468 0.695 3218
1051.724 167.668 0.695 3218
1051.724 167.827 0.695 3234
1051.724 168.026 0.695 3234
1051.765 168.225 0.695 3234
1051.765 168.424 0.696 3250
1051.805 168.583 0.695 3266
1051.805 168.782 0.696 3266
1051.845 168.941 0.695 3266
1051.885 169.101 0.696 3283
1051.925 169.339 0.696 3283
1051.965 169.499 0.696 3299
1051.965 169.658 0.696 3299
1052.005 169.817 0.696 3299
1052.045 169.976 0.696 3315
1052.045 170.175 0.696 3315
1052.085 170.335 0.697 3331
1052.085 170.494 0.697 3331
1052.125 170.693 0.697 3347
1052.125 170.852 0.698 3347
1052.165 171.011 0.698 3347
1052.205 171.210 0.698 3363
1052.205 171.370 0.698 3379
1052.245 171.569 0.699 3379
1052.286 171.728 0.699 3379
1052.286 171.887 0.699 3396
1052.326 172.046 0.699 3396
1052.366 172.206 0.699 3396
1052.406 172.365 0.699 3412
1052.486 172.524 0.699 3428
1052.486 172.683 0.700 3428
1052.566 172.843 0.700 3428
1052.606 173.042 0.699 3444
1052.646 173.201 0.700 3460
1052.686 173.360 0.700 3460
1052.726 173.519 0.700 3460
1052.806 173.639 0.700 3477
1052.846 173.838 0.700 3477
1052.927 173.957 0.700 3477
1052.967 174.077 0.700 3493
1053.047 174.236 0.700 3493
1053.127 174.355 0.700 3509
1053.207 174.475 0.700 3509
1053.287 174.594 0.700 3525
1053.367 174.714 0.700 3525
1053.447 174.833 0.700 3541
1053.568 174.992 0.700 3541
1053.648 175.112 0.700 3541
1053.728 175.271 0.701 3557
1053.808 175.390 0.701 3557
1053.888 175.550 0.702 3573
1053.968 175.669 0.702 3573
1054.048 175.828 0.702 3590
1054.089 175.987 0.703 3590
1054.169 176.147 0.703 3590
1054.249 176.306 0.703 3606
1054.329 176.425 0.703 3622
1054.409 176.545 0.703 3622
1054.529 176.664 0.704 3622
1054.609 176.784 0.704 3638
1054.689 176.943 0.705 3638
1054.770 177.062 0.706 3638
1054.850 177.182 0.707 3654
1054.930 177.341 0.709 3670
1055.010 177.460 0.711 3670
1055.090 177.620 0.712 3670
1055.170 177.739 0.713 3686
1055.291 177.898 0.714 3702
1055.411 178.018 0.714 3702
1055.531 178.217 0.715 3702
1055.611 178.296 0.716 3719
1055.731 178.416 0.716 3719
1055.811 178.535 0.717 3719
1055.892 178.615 0.717 3735
1056.012 178.694 0.719 3735
1056.092 178.814 0.721 3751
1056.172 178.893 0.722 3751
1056.292 179.013 0.724 3751
1056.412 179.093 0.726 3767
1056.492 179.212 0.727 3784
1056.573 179.331 0.728 3784
1056.693 179.451 0.730 3784
1056.813 179.570 0.730 3800
1056.933 179.690 0.731 3800
1057.013 179.809 0.731 3800
1057.134 179.928 0.731 3816
1057.174 180.008 0.732 3833
1057.294 180.128 0.732 3833
1057.414 180.247 0.733 3833
1057.534 180.327 0.733 3849
1057.654 180.486 0.733 3849
1057.735 180.565 0.734 3865
1057.855 180.685 0.735 3865
1057.935 180.764 0.736 3881
1058.055 180.884 0.737 3881
1058.175 181.003 0.740 3897
1058.255 181.123 0.740 3897
1058.416 181.242 0.742 3897
1058.536 181.322 0.744 3913
1058.656 181.441 0.745 3913
1058.816 181.561 0.745 3913
1058.977 181.640 0.746 3930
1059.097 181.720 0.746 3946
1059.217 181.799 0.747 3946
1059.337 181.879 0.747 3946
1059.457 181.959 0.748 3962
1059.578 182.038 0.749 3978
1059.698 182.078 0.750 3978
1059.778 182.158 0.750 3978
1059.858 182.237 0.751 3994
1059.938 182.277 0.751 3994
1060.018 182.357 0.752 3994
1060.139 182.436 0.754 4011
1060.219 182.476 0.754 4027
1060.299 182.556 0.756 4027
1060.419 182.635 0.758 4027
1060.539 182.715 0.759 4043
1060.659 182.795 0.761 4043
1060.780 182.834 0.761 4059
1060.900 182.914 0.762 4059
1061.020 182.954 0.763 4059
1061.140 183.034 0.763 4075
1061.260 183.073 0.764 4075
1061.381 183.153 0.765 4091
1061.501 183.233 0.765 4091
1061.661 183.312 0.765 4107
1061.781 183.392 0.765 4107
1061.901 183.471 0.765 4107
1062.022 183.511 0.766 4123
1062.142 183.591 0.766 4140
1062.262 183.631 0.766 4140
1062.342 183.710 0.766 4140
1062.462 183.750 0.766 4156
1062.583 183.830 0.766 4156
1062.663 183.870 0.766 4172
1062.783 183.909 0.766 4172
1062.903 183.949 0.766 4172
1063.063 183.989 0.767 4188
1063.184 183.989 0.767 4188
1063.304 184.029 0.768 4204
1063.464 184.029 0.770 4204
1063.584 184.069 0.770 4221
1063.745 184.069 0.771 4221
1063.865 184.108 0.772 4221
1063.985 184.108 0.772 4237
1064.145 184.148 0.773 4253
1064.265 184.148 0.773 4253
1064.386 184.188 0.773 4253
1064.506 184.188 0.773 4269
1064.626 184.228 0.774 4269
1064.706 184.268 0.774 4269
1064.826 184.268 0.774 4285
1064.906 184.307 0.774 4301
1065.027 184.347 0.775 4301
1065.147 184.347 0.775 4301
1065.227 184.347 0.776 4318
1065.347 184.387 0.776 4334
1065.468 184.387 0.777 4334
1065.588 184.387 0.777 4334
1065.788 184.427 0.778 4350
1065.908 184.427 0.779 4350
1066.068 184.427 0.779 4350
1066.189 184.427 0.779 4366
1066.309 184.467 0.779 4366
1066.429 184.467 0.779 4382
1066.589 184.467 0.780 4382
1066.709 184.467 0.780 4382
1066.830 184.506 0.780 4398
1066.950 184.506 0.781 4415
1067.070 184.506 0.781 4415
1067.190 184.506 0.781 4415
1067.270 184.506 0.782 4431
1067.391 184.546 0.782 4431
1067.551 184.546 0.783 4447
1067.671 184.546 0.783 4447
1067.791 184.546 0.783 4463
1067.911 184.586 0.784 4463
1068.072 184.586 0.784 4479
1068.232 184.586 0.784 4479
1068.352 184.626 0.785 4479
1068.473 184.626 0.785 4496
1068.633 184.626 0.785 4496
1068.793 184.626 0.786 4496
1068.913 184.666 0.785 4512
1069.033 184.705 0.786 4528
1069.154 184.705 0.786 4528
1069.274 184.745 0.786 4528
1069.394 184.745 0.787 4544
1069.594 184.825 0.787 4560
1069.755 184.825 0.788 4560
1069.875 184.825 0.788 4560
1070.035 184.825 0.789 4576
1070.235 184.825 0.790 4576
1070.396 184.825 0.791 4576
1070.556 184.825 0.792 4593
1070.716 184.825 0.792 4609
1070.876 184.825 0.793 4609
1071.037 184.825 0.794 4609
1071.197 184.825 0.794 4625
1071.357 184.825 0.795 4625
1071.518 184.825 0.795 4641
1071.678 184.825 0.796 4641
1071.838 184.825 0.796 4657
1071.958 184.825 0.796 4657
1072.119 184.785 0.796 4657
1072.279 184.785 0.797 4673
1072.439 184.705 0.796 4673
1072.599 184.705 0.797 4689
1072.800 184.666 0.797 4689
1073.000 184.626 0.797 4705
1073.240 184.546 0.797 4705
1073.441 184.467 0.798 4722
1073.641 184.427 0.798 4722
1073.841 184.347 0.798 4722
1074.042 184.268 0.799 4738
1074.202 184.228 0.799 4738
1074.402 184.188 0.799 4738
1074.603 184.148 0.799 4754
1074.803 184.108 0.800 4770
1074.963 184.069 0.801 4770
1075.164 184.069 0.800 4770
1075.364 184.029 0.801 4786
1075.524 183.989 0.801 4786
1075.724 183.949 0.801 4802
1075.925 183.909 0.801 4802
1076.085 183.870 0.802 4802
1076.286 183.830 0.801 4819
1076.526 183.790 0.802 4835
1076.726 183.710 0.803 4835
1076.927 183.671 0.802 4835
1077.087 183.631 0.803 4851
1077.287 183.551 0.803 4851
1077.487 183.511 0.803 4851
1077.688 183.432 0.803 4867
1077.888 183.392 0.803 4883
1078.089 183.312 0.803 4883
1078.289 183.233 0.804 4883
1078.489 183.193 0.804 4899
1078.649 183.113 0.804 4916
1078.850 183.073 0.804 4916
1079.010 182.994 0.804 4916
1079.210 182.914 0.804 4932
1079.371 182.874 0.804 4932
1079.571 182.834 0.804 4932
1079.731 182.795 0.804 4948
1079.972 182.755 0.804 4964
1080.132 182.715 0.804 4964
1080.332 182.675 0.804 4964
1080.492 182.635 0.804 4980
1080.693 182.596 0.804 4980
1080.893 182.516 0.804 4996
1081.094 182.436 0.804 4996
1081.294 182.317 0.804 4996
1081.494 182.198 0.805 5012
1081.655 182.118 0.804 5029
1081.855 182.038 0.805 5029
1082.015 181.959 0.805 5029
1082.175 181.919 0.805 5045
1082.295 181.839 0.804 5045
1082.416 181.760 0.805 5045
1082.536 181.720 0.805 5061
1082.656 181.640 0.805 5077
1082.776 181.561 0.804 5077
1082.896 181.441 0.805 5077
1083.057 181.362 0.805 5093
1083.177 181.242 0.805 5093
1083.297 181.123 0.806 5109
1083.457 181.003 0.805 5109
1083.578 180.884 0.806 5109
1083.738 180.764 0.805 5125
1083.858 180.685 0.805 5142
1084.018 180.565 0.806 5142
1084.139 180.486 0.806 5142
1084.299 180.406 0.805 5158
1084.459 180.287 0.805 5158
1084.619 180.207 0.806 5158
1084.780 180.088 0.805 5174
1084.980 179.968 0.806 5190
1085.140 179.849 0.807 5190
1085.300 179.769 0.806 5190
1085.461 179.650 0.806 5206
1085.621 179.570 0.806 5222
1085.741 179.491 0.806 5222
1085.942 179.411 0.806 5222
1086.062 179.292 0.806 5239
1086.222 179.212 0.806 5239
1086.342 179.132 0.807 5239
1086.503 179.013 0.806 5255
1086.623 178.933 0.806 5255
1086.783 178.814 0.806 5271
1086.903 178.734 0.806 5271
1087.063 178.615 0.806 5287
1087.184 178.495 0.807 5287
1087.304 178.416 0.806 5303
1087.464 178.296 0.806 5303
1087.584 178.177 0.807 5303
1087.745 178.057 0.807 5319
1087.905 177.938 0.807 5319
1088.065 177.858 0.807 5319
1088.225 177.779 0.807 5335
1088.386 177.659 0.807 5352
1088.546 177.580 0.807 5352
1088.666 177.500 0.806 5352
1088.866 177.421 0.807 5368
1089.027 177.301 0.807 5384
1089.147 177.182 0.807 5384
1089.307 177.062 0.807 5384
1089.427 176.943 0.807 5400
1089.588 176.784 0.807 5400
1089.748 176.624 0.807 5416
1089.868 176.465 0.807 5416
1090.028 176.346 0.807 5416
1090.149 176.226 0.808 5432
1090.309 176.067 0.808 5432
1090.469 175.987 0.808 5449
1090.629 175.868 0.808 5449
1090.790 175.749 0.807 5465
1090.950 175.629 0.808 5465
1091.110 175.550 0.808 5465
1091.230 175.430 0.808 5481
1091.391 175.271 0.808 5497
1091.471 175.191 0.808 5497
1091.631 175.072 0.808 5497
1091.751 174.992 0.808 5513
1091.871 174.873 0.808 5513
1091.992 174.753 0.808 5513
1092.112 174.674 0.808 5529
1092.232 174.554 0.808 5545
1092.352 174.475 0.808 5545
1092.472 174.395 0.808 5545
1092.593 174.276 0.808 5562
1092.673 174.196 0.808 5562
1092.793 174.116 0.808 5578
1092.913 173.997 0.808 5578
1093.033 173.917 0.808 5594
1093.154 173.798 0.808 5594
1093.314 173.718 0.808 5594
1093.434 173.599 0.808 5610
1093.554 173.519 0.808 5610
1093.674 173.400 0.808 5626
1093.755 173.320 0.809 5626
1093.875 173.201 0.808 5642
1093.995 173.121 0.808 5642
1094.115 172.962 0.808 5659
1094.235 172.882 0.808 5659
1094.396 172.763 0.809 5659
1094.516 172.644 0.809 5675
1094.596 172.564 0.808 5691
1094.676 172.484 0.809 5691
1094.756 172.405 0.809 5691
1094.836 172.325 0.809 5707
1094.917 172.246 0.809 5707
1094.957 172.166 0.809 5707
1094.997 172.126 0.809 5723
1095.077 172.046 0.809 5723
1095.157 171.967 0.809 5739
1095.237 171.887 0.809 5739
1095.317 171.808 0.809 5755
1095.397 171.728 0.809 5755
1095.477 171.609 0.809 5771
1095.558 171.529 0.809 5771
1095.638 171.449 0.809 5771
1095.718 171.330 0.809 5788
1095.838 171.210 0.809 5788
1095.918 171.091 0.809 5788
1095.998 170.972 0.809 5804
1096.078 170.892 0.809 5820
1096.199 170.733 0.809 5820
1096.279 170.653 0.810 5820
1096.359 170.574 0.809 5836
1096.399 170.494 0.809 5852
1096.479 170.454 0.809 5852
1096.559 170.375 0.809 5852
1096.599 170.295 0.809 5869
1096.679 170.215 0.809 5869
1096.760 170.136 0.809 5869
1096.880 170.056 0.809 5885
1096.960 169.937 0.810 5901
1097.040 169.857 0.809 5901
1097.160 169.738 0.809 5901
1097.200 169.618 0.809 5917
1097.321 169.538 0.809 5917
1097.401 169.419 0.810 5934
1097.481 169.300 0.809 5934
1097.561 169.140 0.810 5934
1097.641 169.021 0.810 5950
1097.761 168.902 0.809 5966
1097.801 168.742 0.810 5966
1097.881 168.623 0.810 5966
1097.962 168.464 0.810 5982
1098.042 168.344 0.810 5982
1098.122 168.225 0.809 5982
1098.202 168.145 0.809 5998
1098.282 168.026 0.810 6014
1098.362 167.946 0.810 6014
1098.442 167.827 0.809 6014
1098.522 167.747 0.809 6031
1098.603 167.628 0.810 6047
1098.683 167.508 0.810 6047
1098.763 167.389 0.810 6047
1098.843 167.269 0.810 6063
1098.923 167.150 0.810 6063
1099.043 167.031 0.810 6063
1099.124 166.871 0.810 6079
1099.284 166.712 0.810 6079
1099.364 166.553 0.810 6095
1099.444 166.394 0.810 6095
1099.564 166.195 0.810 6095
1099.644 166.035 0.810 6112
1099.725 165.836 0.810 6128
1099.805 165.637 0.810 6128
1099.885 165.478 0.810 6128
1099.965 165.279 0.810 6144
1100.045 165.120 0.810 6144
1100.165 164.921 0.810 6144
1100.205 164.762 0.810 6160
1100.326 164.562 0.810 6176
1100.406 164.363 0.810 6176
1100.486 164.204 0.810 6176
1100.566 164.005 0.810 6192
1100.646 163.766 0.810 6208
1100.766 163.607 0.810 6208
1100.846 163.408 0.810 6208
1100.967 163.169 0.810 6224
1101.047 162.970 0.810 6224
1101.207 162.731 0.810 6224
1101.367 162.453 0.810 6240
1101.447 162.214 0.810 6257
1101.568 161.935 0.810 6257
1101.688 161.696 0.810 6257
1101.768 161.418 0.811 6273
1101.848 161.179 0.810 6273
1101.928 160.980 0.811 6289
1102.008 160.781 0.811 6289
1102.089 160.621 0.811 6289
1102.169 160.462 0.811 6305
1102.249 160.303 0.811 6305
1102.289 160.144 0.810 6322
1102.369 159.984 0.810 6322
1102.409 159.785 0.811 6338
1102.489 159.586 0.810 6338
1102.569 159.348 0.811 6338
1102.649 159.149 0.811 6354
1102.690 158.950 0.811 6370
1102.770 158.711 0.811 6370
1102.850 158.512 0.811 6370
1102.930 158.233 0.811 6387
1103.010 157.994 0.811 6387
1103.130 157.715 0.811 6387
1103.210 157.437 0.811 6403
1103.290 157.158 0.811 6419
1103.331 156.879 0.811 6419
1103.411 156.641 0.811 6419
1103.491 156.402 0.811 6435
1103.571 156.163 0.811 6435
1103.611 155.924 0.811 6451
1103.691 155.725 0.811 6451
1103.771 155.486 0.811 6468
1103.851 155.247 0.811 6468
1103.932 155.048 0.811 6484
1104.012 154.770 0.811 6484
1104.092 154.571 0.811 6484
1104.172 154.332 0.811 6500
1104.212 154.133 0.811 6500
1104.252 153.894 0.811 6500
1104.332 153.735 0.811 6516
1104.412 153.536 0.811 6532
1104.452 153.337 0.811 6532
1104.493 153.177 0.811 6532
1104.573 153.018 0.811 6548
1104.613 152.819 0.811 6564
1104.693 152.660 0.811 6564
1104.773 152.461 0.811 6564
1104.853 152.262 0.812 6564
1104.893 152.102 0.812 6581
1104.933 151.903 0.812 6597
1104.973 151.704 0.812 6597
1105.053 151.505 0.812 6597
1105.094 151.306 0.812 6613
1105.134 151.107 0.812 6613
1105.214 150.908 0.812 6613
1105.254 150.709 0.813 6629
1105.294 150.550 0.813 6645
1105.334 150.351 0.815 6645
1105.334 150.112 0.816 6645
1105.374 149.913 0.818 6661
1105.374 149.714 0.820 6678
1105.414 149.555 0.821 6678
1105.454 149.356 0.822 6678
1105.454 149.157 0.823 6694
1105.494 148.997 0.824 6694
1105.494 148.798 0.825 6694
1105.574 148.639 0.826 6710
1105.574 148.400 0.827 6726
1105.654 148.201 0.828 6726
1105.694 147.962 0.829 6726
1105.735 147.724 0.830 6742
1105.815 147.525 0.830 6742
1105.855 147.286 0.831 6758
1105.895 147.047 0.832 6758
1105.975 146.808 0.833 6758
1106.015 146.569 0.834 6774
1106.015 146.330 0.836 6774
1106.135 146.091 0.837 6790
1106.135 145.853 0.839 6790
1106.135 145.574 0.841 6807
1106.135 145.375 0.843 6807
1106.135 145.176 0.844 6807
1106.175 144.937 0.845 6823
1106.175 144.738 0.846 6839
1106.175 144.539 0.847 6839
1106.175 144.340 0.848 6839
1106.215 144.141 0.848 6855
1106.215 143.942 0.850 6855
1106.255 143.743 0.851 6855
1106.295 143.504 0.853 6871
1106.336 143.305 0.854 6887
1106.376 143.066 0.856 6887
1106.416 142.867 0.857 6887
1106.416 142.668 0.858 6903
1106.456 142.469 0.859 6903
1106.456 142.310 0.861 6919
1106.496 142.150 0.862 6919
1106.456 141.991 0.864 6936
1106.496 141.832 0.865 6936
1106.496 141.673 0.866 6952
1106.496 141.513 0.867 6952
1106.536 141.275 0.867 6952
1106.536 141.115 0.868 6968
1106.576 140.916 0.869 6968
1106.616 140.717 0.869 6968
1106.616 140.518 0.870 6984
1106.656 140.359 0.870 7000
1106.656 140.160 0.871 7000
1106.696 139.961 0.872 7000
1106.696 139.802 0.872 7016
1106.696 139.603 0.873 7033
1106.736 139.404 0.873 7033
1106.776 139.244 0.873 7033
1106.776 139.085 0.874 7049
1106.816 138.846 0.874 7049
1106.816 138.687 0.874 7049
1106.816 138.488 0.875 7065
1106.856 138.289 0.875 7081
1106.856 138.090 0.875 7081
1106.856 137.851 0.876 7081
1106.856 137.652 0.876 7098
1106.856 137.413 0.876 7098
1106.856 137.214 0.877 7114
1106.856 136.975 0.877 7114
1106.896 136.736 0.878 7114
1106.856 136.537 0.879 7130
1106.896 136.378 0.879 7130
1106.896 136.179 0.879 7146
1106.896 135.980 0.879 7146
1106.937 135.821 0.879 7162
1106.896 135.622 0.880 7162
1106.937 135.423 0.880 7162
1106.937 135.224 0.880 7178
1106.937 135.025 0.880 7195
1106.937 134.826 0.880 7195
1106.896 134.587 0.880 7195
1106.937 134.348 0.881 7211
1106.896 134.149 0.881 7211
1106.896 133.950 0.881 7211
1106.856 133.751 0.882 7227
1106.856 133.552 0.882 7243
1106.856 133.393 0.882 7243
1106.856 133.193 0.883 7243
1106.816 132.994 0.883 7259
1106.816 132.795 0.883 7259
1106.816 132.596 0.884 7275
1106.816 132.397 0.884 7275
1106.776 132.159 0.885 7291
1106.776 131.959 0.885 7291
1106.776 131.760 0.885 7291
1106.776 131.601 0.886 7308
1106.776 131.402 0.886 7308
1106.736 131.243 0.886 7324
1106.736 131.044 0.887 7324
1106.736 130.845 0.887 7340
1106.736 130.646 0.887 7340
1106.736 130.447 0.887 7356
1106.776 130.248 0.887 7356
1106.776 130.009 0.887 7356
1106.776 129.810 0.888 7372
1106.776 129.651 0.888 7372
1106.776 129.491 0.888 7372
1106.736 129.332 0.888 7388
1106.696 129.173 0.888 7404
1106.696 129.014 0.889 7404
1106.656 128.854 0.889 7404
1106.656 128.695 0.889 7420
1106.616 128.536 0.890 7436
1106.576 128.377 0.890 7436
1106.576 128.217 0.890 7436
1106.536 128.058 0.891 7453
1106.496 127.899 0.891 7453
1106.456 127.740 0.891 7469
1106.416 127.581 0.891 7469
1106.376 127.382 0.891 7485
1106.336 127.222 0.891 7485
1106.336 127.103 0.891 7485
1106.295 126.983 0.892 7501
1106.295 126.824 0.892 7501
1106.255 126.705 0.893 7517
1106.255 126.546 0.894 7517
1106.215 126.426 0.895 7517
1106.215 126.267 0.895 7533
1106.175 126.108 0.896 7550
1106.135 125.909 0.897 7550
1106.095 125.749 0.897 7550
1106.055 125.550 0.898 7566
1105.975 125.391 0.899 7566
1105.935 125.232 0.900 7566
1105.895 125.112 0.901 7582
1105.855 124.993 0.902 7598
1105.815 124.834 0.902 7598
1105.775 124.714 0.903 7598
1105.735 124.595 0.903 7615
1105.654 124.476 0.904 7631
1105.654 124.356 0.904 7631
1105.574 124.197 0.905 7631
1105.574 124.077 0.905 7647
1105.494 123.958 0.906 7647
1105.454 123.839 0.906 7647
1105.414 123.759 0.907 7663
1105.374 123.600 0.908 7663
1105.334 123.480 0.908 7679
1105.294 123.361 0.908 7679
1105.254 123.202 0.909 7696
1105.214 123.082 0.909 7696
1105.174 122.963 0.910 7712
1105.094 122.843 0.910 7712
1105.053 122.724 0.910 7712
1104.973 122.605 0.911 7728
1104.933 122.485 0.912 7744
1104.853 122.366 0.912 7744
1104.813 122.286 0.913 7744
1104.733 122.167 0.913 7760
1104.693 122.087 0.914 7760
1104.653 121.968 0.914 7760
1104.573 121.888 0.914 7776
1104.533 121.768 0.915 7776
1104.493 121.689 0.915 7792
1104.452 121.609 0.915 7792
1104.372 121.490 0.915 7808
1104.332 121.410 0.916 7808
1104.252 121.291 0.916 7824
1104.212 121.211 0.916 7824
1104.132 121.052 0.917 7824
1104.092 120.972 0.917 7840
1104.012 120.893 0.917 7857
1103.972 120.813 0.917 7857
1103.891 120.694 0.917 7857
1103.811 120.614 0.918 7873
1103.771 120.534 0.917 7873
1103.691 120.455 0.918 7873
1103.651 120.375 0.918 7889
1103.571 120.296 0.918 7905
1103.491 120.216 0.918 7905
1103.451 120.097 0.919 7905
1103.371 120.017 0.918 7921
1103.331 119.937 0.919 7921
1103.250 119.818 0.919 7937
1103.170 119.738 0.919 7937
1103.090 119.659 0.919 7953
1103.010 119.579 0.919 7953
1102.930 119.460 0.919 7953
1102.850 119.380 0.920 7969
1102.770 119.300 0.920 7969
1102.690 119.221 0.920 7985
1102.609 119.181 0.920 7985
1102.569 119.101 0.920 7985
1102.489 119.062 0.920 8002
1102.449 119.022 0.920 8018
1102.409 118.942 0.920 8018
1102.369 118.902 0.921 8018
1102.289 118.823 0.920 8034
1102.249 118.783 0.920 8034
1102.129 118.743 0.921 8034
1102.048 118.663 0.920 8050
1101.968 118.624 0.920 8067
1101.928 118.544 0.920 8067
1101.848 118.504 0.921 8067
1101.768 118.425 0.921 8083
1101.728 118.345 0.920 8099
1101.648 118.305 0.921 8099
1101.608 118.265 0.921 8099
1101.568 118.186 0.920 8115
1101.527 118.146 0.921 8115
1101.447 118.106 0.921 8115
1101.367 118.066 0.921 8131
1101.327 118.027 0.921 8147
1101.247 118.027 0.921 8147
1101.207 117.987 0.921 8147
1101.127 117.947 0.920 8164
1101.087 117.947 0.920 8164
1101.087 117.907 0.920 8180
1101.047 117.907 0.920 8180
1101.007 117.907 0.920 8180
1100.967 117.867 0.921 8196
1100.927 117.867 0.921 8196
1100.886 117.828 0.921 8212
1100.806 117.828 0.921 8212
1100.766 117.788 0.921 8228
1100.686 117.788 0.922 8228
1100.606 117.748 0.921 8228
1100.566 117.708 0.921 8244
1100.486 117.668 0.921 8261
1100.406 117.668 0.921 8261
1100.366 117.628 0.921 8261
1100.326 117.628 0.921 8277
1100.245 117.628 0.920 8277
1100.205 117.628 0.921 8277
1100.125 117.589 0.921 8293
1100.085 117.589 0.921 8309
1100.045 117.589 0.921 8309
1099.965 117.549 0.921 8309
1099.925 117.549 0.921 8325
1099.885 117.549 0.921 8325
1099.805 117.549 0.921 8341
1099.765 117.549 0.921 8341
1099.684 117.549 0.922 8341
1099.604 117.509 0.921 8358
1099.524 117.509 0.922 8374
1099.444 117.509 0.922 8374
1099.364 117.509 0.921 8374
1099.244 117.509 0.922 8390
1099.204 117.509 0.921 8390
1099.124 117.469 0.921 8390
1099.043 117.469 0.921 8406
1098.963 117.469 0.921 8422
1098.923 117.429 0.921 8422
1098.843 117.429 0.922 8422
1098.803 117.390 0.922 8438
1098.723 117.390 0.922 8455
1098.643 117.390 0.922 8455
1098.603 117.350 0.922 8455
1098.482 117.350 0.922 8471
1098.442 117.310 0.923 8471
1098.362 117.310 0.923 8471
1098.242 117.310 0.922 8487
1098.202 117.270 0.923 8503
1098.122 117.270 0.922 8503
1098.042 117.270 0.923 8503
1097.922 117.270 0.922 8519
1097.841 117.270 0.922 8519
1097.761 117.230 0.922 8535
1097.681 117.230 0.922 8535
1097.641 117.230 0.922 8535
1097.521 117.191 0.923 8552
1097.481 117.191 0.922 8552
1097.401 117.191 0.922 8568
1097.281 117.191 0.923 8568
1097.240 117.191 0.923 8584
1097.120 117.191 0.923 8584
1097.080 117.191 0.923 8584
1097.000 117.151 0.923 8600
1096.920 117.151 0.923 8616
1096.840 117.151 0.923 8616
1096.719 117.151 0.923 8616
1096.639 117.151 0.923 8633
1096.559 117.111 0.923 8633
1096.519 117.111 0.923 8633
1096.439 117.111 0.923 8649
1096.359 117.111 0.923 8665
1096.279 117.111 0.923 8665
1096.199 117.111 0.923 8665
1096.119 117.111 0.922 8681
1096.038 117.111 0.922 8681
1095.958 117.111 0.922 8697
1095.838 117.111 0.922 8697
1095.758 117.111 0.922 8697
1095.678 117.111 0.922 8713
1095.558 117.111 0.921 8729
1095.477 117.111 0.922 8729
1095.397 117.111 0.922 8729
1095.277 117.111 0.922 8745
1095.197 117.111 0.923 8745
1095.077 117.111 0.922 8745
1094.957 117.111 0.922 8762
1094.836 117.111 0.923 8778
1094.716 117.111 0.922 8778
1094.596 117.111 0.923 8778
1094.516 117.111 0.923 8794
1094.476 117.111 0.922 8810
1094.396 117.111 0.923 8810
1094.276 117.111 0.922 8810
1094.115 117.111 0.922 8826
1094.035 117.151 0.922 8826
1093.915 117.151 0.922 8826
1093.795 117.191 0.922 8842
1093.674 117.230 0.922 8859
1093.554 117.230 0.922 8859
1093.434 117.270 0.922 8859
1093.314 117.270 0.922 8875
1093.194 117.310 0.922 8875
1093.073 117.350 0.922 8891
1092.993 117.350 0.922 8891
1092.873 117.390 0.922 8891
1092.793 117.429 0.923 8907
1092.673 117.429 0.922 8907
1092.593 117.469 0.922 8923
1092.513 117.469 0.922 8923
1092.432 117.509 0.922 8939
1092.352 117.549 0.922 8939
1092.232 117.549 0.922 8939
1092.152 117.589 0.922 8955
1092.032 117.628 0.922 8971
1091.911 117.668 0.922 8971
1091.751 117.708 0.922 8971
1091.631 117.748 0.922 8987
1091.511 117.788 0.922 8987
1091.391 117.867 0.921 8987
1091.271 117.907 0.922 9003
1091.110 117.947 0.921 9020
1091.030 117.987 0.921 9020
1090.870 118.027 0.921 9020
1090.790 118.066 0.921 9036
1090.709 118.106 0.921 9036
1090.629 118.186 0.921 9052
1090.549 118.226 0.921 9052
1090.469 118.305 0.921 9068
1090.349 118.345 0.921 9068
1090.229 118.385 0.921 9068
1090.108 118.464 0.921 9085
1089.988 118.544 0.921 9085
1089.868 118.584 0.921 9101
1089.708 118.624 0.921 9101
1089.588 118.703 0.921 9101
1089.508 118.743 0.921 9117
1089.387 118.783 0.922 9133
1089.307 118.823 0.921 9133
1089.227 118.863 0.921 9133
1089.107 118.902 0.922 9149
1089.027 118.942 0.922 9149
1088.947 118.982 0.921 9149
1088.866 119.022 0.921 9165
1088.786 119.062 0.921 9182
1088.746 119.101 0.921 9182
1088.706 119.101 0.922 9182
1088.626 119.141 0.921 9198
1088.546 119.141 0.922 9214
1088.466 119.221 0.922 9214
1088.426 119.221 0.922 9214
1088.346 119.261 0.922 9230
1088.265 119.300 0.922 9230
1088.225 119.300 0.922 9230
1088.145 119.340 0.922 9246
1088.065 119.380 0.922 9263
1087.985 119.380 0.921 9263
1087.945 119.420 0.922 9263
1087.865 119.460 0.922 9279
1087.785 119.460 0.921 9279
1087.745 119.499 0.922 9295
1087.664 119.539 0.922 9295
1087.624 119.539 0.922 9295
1087.584 119.539 0.922 9311
1087.544 119.579 0.922 9327
1087.504 119.579 0.922 9327
1087.424 119.579 0.922 9327
1087.384 119.619 0.922 9344
1087.344 119.619 0.922 9344
1087.264 119.619 0.922 9344
1087.184 119.659 0.922 9360
1087.063 119.698 0.923 9376
1086.943 119.778 0.923 9376
1086.743 119.858 0.921 9376
1086.543 119.977 0.913 9392
1086.262 120.176 0.892 9392
1085.942 120.455 0.859 9408
1085.621 120.813 0.818 9408
1085.260 121.331 0.764 9424
1084.780 122.007 0.680 9424
1084.259 122.724 0.562 9424
1083.658 123.440 0.417 9440
1082.856 124.197 0.211 9440

% x_coordinate y_coordinate pressure time
% shape 1, 286 points
1057.935 179.212 0.006 0
1057.815 179.212 0.035 0
1057.735 179.212 0.064 0
1057.654 179.212 0.088 16
1057.574 179.252 0.113 33
1057.494 179.252 0.145 33
1057.414 179.252 0.173 33
1057.334 179.252 0.196 49
1057.294 179.292 0.214 65
1057.254 179.292 0.237 65
1057.214 179.292 0.258 65
1057.174 179.331 0.279 81
1057.134 179.331 0.292 81
1057.094 179.371 0.297 97
1057.053 179.371 0.301 97
1057.053 179.451 0.306 97
1057.013 179.491 0.314 114
1056.973 179.530 0.325 114
1056.933 179.610 0.336 114
1056.933 179.690 0.347 130
1056.893 179.729 0.362 146
1056.853 179.769 0.374 146
1056.853 179.769 0.388 146
1056.813 179.809 0.404 162
1056.813 179.809 0.420 178
1056.853 179.809 0.434 178
1056.813 179.809 0.451 178
1056.853 179.809 0.467 195
1056.893 179.809 0.482 195
1056.893 179.809 0.497 195
1056.933 179.809 0.510 211
1056.973 179.809 0.523 211
1057.013 179.809 0.533 227
1057.094 179.809 0.542 227
1057.134 179.769 0.547 243
1057.254 179.690 0.552 243
1057.254 179.570 0.556 259
1057.414 179.451 0.560 259
1057.614 179.331 0.563 259
1057.895 179.172 0.568 275
1058.215 178.973 0.578 275
1058.576 178.734 0.588 291
1058.937 178.495 0.600 291
1059.337 178.257 0.609 307
1059.778 177.978 0.618 307
1060.179 177.779 0.624 307
1060.579 177.580 0.630 323
1060.940 177.421 0.633 340
1061.260 177.301 0.635 340
1061.581 177.222 0.637 340
1061.861 177.142 0.639 356
1062.142 177.142 0.639 356
1062.422 177.102 0.640 372
1062.743 177.102 0.640 372
1063.104 177.102 0.641 388
1063.504 177.102 0.641 388
1063.905 177.062 0.642 388
1064.265 177.062 0.643 404
1064.666 177.022 0.644 404
1065.107 176.943 0.645 420
1065.508 176.903 0.648 420
1065.908 176.823 0.650 437
1066.269 176.744 0.654 437
1066.669 176.704 0.657 453
1066.990 176.624 0.661 453
1067.270 176.624 0.664 453
1067.551 176.585 0.667 469
1067.791 176.585 0.669 469
1067.992 176.585 0.670 469
1068.232 176.585 0.670 485
1068.432 176.585 0.672 501
1068.633 176.585 0.671 501
1068.833 176.585 0.672 501
1069.073 176.585 0.673 517
1069.274 176.585 0.673 534
1069.514 176.545 0.674 534
1069.674 176.545 0.674 534
1069.875 176.505 0.676 550
1070.115 176.505 0.678 550
1070.276 176.465 0.679 550
1070.436 176.465 0.681 566
1070.556 176.465 0.683 582
1070.716 176.465 0.684 582
1070.876 176.465 0.686 582
1070.997 176.465 0.688 598
1071.157 176.465 0.691 598
1071.317 176.465 0.693 614
1071.478 176.465 0.694 614
1071.638 176.465 0.695 614
1071.798 176.465 0.696 631
1071.998 176.465 0.697 631
1072.199 176.465 0.698 631
1072.359 176.505 0.699 647
1072.559 176.545 0.700 663
1072.760 176.585 0.700 663
1072.960 176.624 0.701 663
1073.160 176.704 0.702 679
1073.361 176.784 0.703 695
1073.521 176.863 0.704 695
1073.681 176.943 0.706 695
1073.881 177.022 0.707 712
1074.042 177.102 0.708 712
1074.202 177.182 0.708 712
1074.362 177.301 0.710 728
1074.522 177.381 0.710 744
1074.683 177.460 0.711 744
1074.843 177.500 0.712 744
1075.003 177.580 0.713 760
1075.124 177.659 0.715 760
1075.324 177.699 0.717 776
1075.484 177.779 0.719 776
1075.644 177.858 0.722 776
1075.805 177.978 0.724 793
1075.965 178.057 0.726 793
1076.125 178.177 0.728 809
1076.326 178.296 0.729 809
1076.446 178.376 0.731 825
1076.606 178.495 0.731 825
1076.766 178.575 0.731 825
1076.927 178.694 0.732 841
1077.087 178.774 0.732 857
1077.207 178.893 0.734 857
1077.367 178.973 0.733 857
1077.527 179.053 0.735 874
1077.648 179.132 0.735 890
1077.808 179.212 0.735 890
1077.968 179.292 0.737 890
1078.089 179.371 0.738 906
1078.249 179.451 0.740 906
1078.369 179.530 0.741 906
1078.529 179.650 0.742 922
1078.730 179.729 0.743 922
1078.890 179.849 0.744 938
1079.050 179.928 0.743 938
1079.210 180.048 0.745 954
1079.411 180.207 0.745 954
1079.571 180.327 0.746 970
1079.771 180.446 0.747 970
1079.932 180.565 0.748 970
1080.092 180.685 0.749 986
1080.252 180.764 0.751 986
1080.412 180.884 0.752 986
1080.532 181.003 0.752 1003
1080.693 181.123 0.753 1019
1080.813 181.242 0.754 1019
1080.933 181.362 0.754 1019
1081.053 181.481 0.756 1035
1081.174 181.561 0.757 1052
1081.294 181.680 0.758 1052
1081.414 181.760 0.759 1052
1081.534 181.879 0.760 1068
1081.655 181.959 0.761 1068
1081.775 182.038 0.761 1068
1081.895 182.118 0.762 1084
1082.015 182.198 0.763 1084
1082.135 182.277 0.764 1100
1082.255 182.397 0.764 1100
1082.376 182.476 0.766 1116
1082.496 182.596 0.767 1116
1082.576 182.675 0.768 1132
1082.656 182.755 0.768 1132
1082.736 182.834 0.770 1132
1082.776 182.954 0.771 1149
1082.856 183.034 0.772 1149
1082.937 183.113 0.771 1149
1083.017 183.193 0.771 1165
1083.097 183.272 0.773 1181
1083.137 183.352 0.772 1181
1083.217 183.432 0.773 1181
1083.337 183.471 0.773 1197
1083.417 183.551 0.772 1213
1083.498 183.591 0.773 1213
1083.618 183.671 0.774 1213
1083.698 183.710 0.774 1229
1083.818 183.790 0.776 1229
1083.938 183.830 0.776 1229
1084.058 183.909 0.775 1246
1084.139 183.949 0.776 1262
1084.259 183.989 0.777 1262
1084.339 184.029 0.777 1262
1084.459 184.108 0.779 1278
1084.539 184.148 0.778 1278
1084.619 184.228 0.780 1294
1084.699 184.268 0.779 1294
1084.780 184.347 0.780 1310
1084.860 184.387 0.780 1310
1084.940 184.427 0.781 1310
1085.060 184.467 0.781 1326
1085.140 184.506 0.783 1326
1085.220 184.546 0.784 1342
1085.300 184.546 0.785 1342
1085.381 184.626 0.787 1358
1085.461 184.666 0.788 1358
1085.541 184.666 0.790 1374
1085.621 184.705 0.791 1374
1085.701 184.705 0.791 1374
1085.821 184.745 0.792 1390
1085.901 184.745 0.793 1390
1085.982 184.785 0.793 1407
1086.102 184.785 0.794 1407
1086.182 184.825 0.795 1423
1086.302 184.825 0.795 1423
1086.382 184.865 0.797 1423
1086.463 184.865 0.798 1439
1086.583 184.865 0.798 1455
1086.663 184.865 0.799 1455
1086.783 184.905 0.799 1455
1086.903 184.905 0.800 1471
1086.983 184.905 0.800 1471
1087.063 184.905 0.800 1471
1087.144 184.905 0.801 1487
1087.264 184.905 0.801 1504
1087.344 184.905 0.801 1504
1087.424 184.905 0.802 1504
1087.504 184.905 0.803 1520
1087.624 184.905 0.803 1520
1087.745 184.905 0.804 1536
1087.825 184.905 0.805 1536
1087.945 184.905 0.805 1536
1088.065 184.905 0.806 1552
1088.145 184.905 0.806 1568
1088.225 184.905 0.807 1568
1088.306 184.905 0.807 1568
1088.386 184.905 0.807 1584
1088.466 184.905 0.807 1584
1088.586 184.905 0.808 1584
1088.666 184.905 0.807 1601
1088.786 184.905 0.808 1617
1088.866 184.905 0.808 1617
1088.987 184.865 0.809 1617
1089.067 184.785 0.809 1633
1089.187 184.745 0.810 1633
1089.307 184.666 0.810 1649
1089.427 184.626 0.810 1649
1089.548 184.546 0.811 1666
1089.628 184.467 0.811 1666
1089.748 184.387 0.812 1682
1089.828 184.307 0.812 1682
1089.948 184.268 0.812 1682
1090.068 184.188 0.812 1698
1090.189 184.108 0.812 1698
1090.309 184.029 0.812 1698
1090.389 183.949 0.813 1714
1090.549 183.870 0.813 1730
1090.669 183.750 0.813 1730
1090.790 183.631 0.813 1730
1090.910 183.511 0.813 1746
1090.990 183.392 0.813 1746
1091.150 183.272 0.814 1762
1091.271 183.153 0.814 1762
1091.311 183.034 0.814 1778
1091.431 182.914 0.814 1778
1091.551 182.795 0.814 1794
1091.631 182.675 0.815 1794
1091.751 182.516 0.815 1794
1091.831 182.397 0.815 1810
1091.952 182.277 0.815 1810
1092.072 182.118 0.815 1826
1092.152 182.038 0.815 1826
1092.272 181.919 0.815 1842
1092.392 181.799 0.815 1842
1092.513 181.680 0.815 1842
1092.633 181.561 0.815 1859
1092.713 181.441 0.815 1875
1092.833 181.322 0.815 1875
1092.913 181.202 0.816 1875
1093.033 181.083 0.815 1891
1093.114 180.963 0.816 1891
1093.234 180.844 0.816 1891
1093.314 180.725 0.816 1907
1093.354 180.605 0.816 1923
1093.434 180.486 0.816 1923
1093.514 180.366 0.816 1923
1093.594 180.287 0.816 1939
1093.674 180.167 0.816 1956
1093.755 180.048 0.816 1956
1093.795 179.928 0.816 1956
1093.875 179.769 0.816 1972
1093.995 179.650 0.813 1972
1094.075 179.491 0.803 1972
1094.235 179.331 0.785 1988
1094.396 179.132 0.760 1988
1094.556 178.893 0.714 2004
1094.756 178.615 0.633 2004
1094.917 178.217 0.518 2020
1095.157 177.659 0.320 2020

