% x_coordinate y_coordinate pressure time
% shape 0, 260 points

818.536 289.879 0.466 291
818.736 289.839 0.470 291
818.977 289.799 0.473 308
819.217 289.720 0.477 324
819.457 289.680 0.479 324
819.698 289.600 0.482 324
819.938 289.561 0.485 340
820.179 289.521 0.486 340
820.379 289.481 0.487 356
820.539 289.441 0.487 356
820.699 289.441 0.488 356
820.860 289.401 0.488 372
821.020 289.362 0.490 388
821.140 289.362 0.491 388
821.300 289.322 0.492 388
821.421 289.322 0.493 404
821.581 289.282 0.494 404
821.701 289.242 0.495 404
821.861 289.202 0.496 420
822.022 289.163 0.497 437
822.222 289.083 0.498 437
822.382 289.043 0.498 437
822.583 288.924 0.499 453
822.783 288.844 0.499 469
822.943 288.764 0.500 469
823.104 288.685 0.500 469
823.264 288.605 0.500 485
823.464 288.526 0.500 485
823.584 288.446 0.500 485
823.704 288.406 0.500 501
823.865 288.366 0.500 501
823.945 288.327 0.500 517
824.065 288.287 0.500 517
824.225 288.247 0.500 517
824.386 288.207 0.500 533
824.506 288.167 0.500 549
824.666 288.128 0.500 549
824.826 288.048 0.500 549
824.987 288.008 0.500 566
825.187 287.929 0.500 582
825.307 287.849 0.500 582
825.467 287.769 0.501 582
825.588 287.690 0.501 598
825.708 287.650 0.501 598
825.868 287.570 0.501 598
825.988 287.530 0.501 614
826.109 287.451 0.501 630
826.229 287.411 0.501 630
826.389 287.331 0.500 630
826.509 287.252 0.500 647
826.589 287.172 0.500 647
826.710 287.132 0.500 663
826.790 287.053 0.500 663
826.870 286.973 0.499 663
826.950 286.933 0.499 679
827.030 286.854 0.499 679
827.110 286.774 0.499 695
827.190 286.694 0.499 695
827.310 286.575 0.499 711
827.391 286.495 0.499 711
827.471 286.416 0.499 711
827.551 286.376 0.499 727
827.631 286.336 0.499 743
827.711 286.257 0.499 743
827.751 286.217 0.499 743
827.831 286.177 0.498 760
827.911 286.097 0.499 760
827.992 286.057 0.499 760
828.112 285.978 0.499 776
828.192 285.898 0.498 792
828.272 285.819 0.498 792
828.352 285.779 0.498 792
828.432 285.699 0.499 808
828.513 285.620 0.498 808
828.593 285.540 0.498 824
828.633 285.500 0.499 824
828.713 285.421 0.498 840
828.793 285.341 0.499 840
828.873 285.261 0.498 840
828.913 285.182 0.499 856
828.993 285.142 0.498 856
829.033 285.062 0.499 872
829.114 284.983 0.499 872
829.154 284.903 0.499 889
829.234 284.823 0.499 889
829.314 284.784 0.498 905
829.354 284.704 0.498 905
829.434 284.664 0.499 905
829.474 284.585 0.499 921
829.554 284.545 0.499 921
829.594 284.465 0.499 921
829.674 284.425 0.499 937
829.715 284.346 0.499 953
829.795 284.226 0.499 953
829.835 284.147 0.499 953
829.915 284.067 0.499 969
829.955 283.987 0.499 986
829.995 283.908 0.499 986
830.075 283.788 0.499 986
830.115 283.709 0.499 1002
830.155 283.589 0.499 1002
830.195 283.510 0.499 1002
830.235 283.390 0.499 1018
830.275 283.351 0.499 1034
830.315 283.271 0.499 1034
830.356 283.231 0.499 1034
830.396 283.151 0.499 1051
830.436 283.112 0.499 1051
830.516 283.072 0.499 1067
830.556 282.992 0.499 1067
830.636 282.913 0.499 1067
830.676 282.833 0.499 1083
830.756 282.753 0.499 1083
830.836 282.634 0.499 1099
830.876 282.554 0.499 1099
830.917 282.515 0.499 1115
830.957 282.435 0.499 1115
830.997 282.355 0.499 1115
831.037 282.276 0.499 1132
831.077 282.196 0.499 1148
831.117 282.116 0.499 1148
831.157 282.037 0.499 1148
831.197 281.997 0.499 1164
831.237 281.878 0.499 1164
831.277 281.838 0.499 1180
831.317 281.798 0.499 1180
831.397 281.718 0.498 1197
831.477 281.679 0.498 1197
831.518 281.599 0.499 1197
831.598 281.519 0.499 1213
831.638 281.480 0.499 1213
831.678 281.400 0.499 1229
831.718 281.360 0.499 1229
831.798 281.320 0.499 1229
831.838 281.241 0.499 1245
831.878 281.201 0.498 1261
831.918 281.161 0.499 1261
831.958 281.081 0.499 1261
832.038 281.002 0.499 1278
832.078 280.962 0.499 1278
832.119 280.882 0.499 1278
832.199 280.803 0.499 1294
832.239 280.723 0.499 1310
832.319 280.683 0.499 1310
832.399 280.604 0.499 1310
832.439 280.524 0.499 1326
832.519 280.445 0.499 1342
832.599 280.365 0.499 1342
832.679 280.285 0.499 1342
832.719 280.206 0.499 1359
832.760 280.126 0.499 1359
832.800 280.046 0.499 1359
832.840 279.967 0.500 1375
832.880 279.887 0.499 1391
832.920 279.847 0.500 1391
832.960 279.728 0.499 1391
833.000 279.648 0.500 1407
833.040 279.529 0.500 1407
833.080 279.449 0.500 1423
833.160 279.370 0.500 1423
833.200 279.250 0.500 1423
833.240 279.171 0.500 1439
833.321 279.051 0.500 1439
833.361 278.932 0.500 1439
833.441 278.852 0.500 1455
833.521 278.773 0.501 1471
833.561 278.693 0.501 1471
833.641 278.613 0.502 1471
833.721 278.534 0.503 1487
833.761 278.454 0.504 1504
833.801 278.374 0.505 1504
833.881 278.295 0.505 1504
833.922 278.215 0.506 1520
834.002 278.136 0.506 1520
834.042 278.096 0.507 1536
834.122 278.016 0.507 1536
834.162 277.937 0.508 1536
834.202 277.857 0.508 1552
834.242 277.817 0.508 1552
834.282 277.738 0.509 1568
834.362 277.658 0.509 1568
834.402 277.578 0.510 1584
834.482 277.499 0.511 1584
834.523 277.419 0.512 1584
834.563 277.339 0.514 1601
834.603 277.220 0.515 1617
834.683 277.180 0.517 1617
834.723 277.101 0.518 1617
834.763 277.021 0.519 1633
834.843 276.941 0.519 1633
834.883 276.862 0.521 1633
834.963 276.782 0.522 1649
835.083 276.703 0.522 1665
835.124 276.623 0.523 1665
835.204 276.543 0.524 1665
835.244 276.424 0.525 1681
835.324 276.305 0.528 1681
835.364 276.145 0.530 1698
835.444 276.026 0.534 1698
835.524 275.906 0.539 1714
835.564 275.787 0.542 1714
835.644 275.668 0.543 1714
835.685 275.588 0.545 1730
835.765 275.508 0.546 1730
835.805 275.429 0.547 1746
835.845 275.349 0.547 1746
835.925 275.309 0.547 1746
835.965 275.230 0.548 1762
836.005 275.150 0.548 1779
836.005 275.110 0.548 1779
836.045 275.110 0.549 1779
836.045 275.070 0.549 1795
836.045 275.070 0.550 1795
836.045 275.070 0.549 1811
836.045 275.070 0.530 1827
836.045 275.070 0.463 1827
836.045 275.070 0.332 1827
836.045 275.070 0.041 1843

% x_coordinate y_coordinate pressure time
% shape 1, 681 points
855.678 256.002 0.002 0
855.678 256.002 0.013 0
855.678 256.002 0.034 16
855.678 256.002 0.057 16
855.678 256.002 0.078 16
855.678 256.002 0.109 32
855.678 256.002 0.136 48
855.678 256.002 0.159 48
855.678 256.042 0.178 48
855.678 256.042 0.194 65
855.678 256.082 0.206 81
855.678 256.122 0.215 81
855.678 256.122 0.223 81
855.678 256.161 0.232 97
855.678 256.161 0.242 97
855.678 256.161 0.260 97
855.678 256.161 0.283 113
855.678 256.161 0.303 113
855.678 256.161 0.323 129
855.678 256.161 0.345 129
855.678 256.201 0.367 145
855.678 256.201 0.382 145
855.638 256.201 0.396 162
855.558 256.201 0.409 162
855.477 256.201 0.417 162
855.357 256.201 0.423 178
855.237 256.201 0.429 178
855.077 256.241 0.434 178
854.876 256.321 0.439 194
854.676 256.361 0.443 210
854.476 256.440 0.447 210
854.276 256.480 0.453 210
854.035 256.520 0.457 226
853.795 256.560 0.463 242
853.514 256.599 0.467 242
853.274 256.639 0.473 242
853.033 256.679 0.480 258
852.793 256.719 0.488 258
852.553 256.719 0.495 258
852.352 256.759 0.501 275
852.112 256.798 0.508 291
851.871 256.838 0.512 291
851.631 256.918 0.514 291
851.431 256.997 0.515 307
851.190 257.077 0.517 307
850.990 257.196 0.517 323
850.750 257.316 0.518 323
850.549 257.435 0.518 339
850.309 257.555 0.518 339
850.109 257.674 0.519 339
849.948 257.794 0.519 355
849.788 257.873 0.520 355
849.668 257.953 0.521 371
849.508 257.993 0.522 371
849.347 258.072 0.525 371
849.187 258.112 0.529 388
849.027 258.192 0.533 404
848.866 258.271 0.537 404
848.666 258.351 0.539 404
848.466 258.431 0.541 420
848.305 258.590 0.542 420
848.145 258.749 0.543 420
847.945 258.868 0.543 436
847.825 259.028 0.543 452
847.664 259.147 0.543 452
847.504 259.267 0.543 452
847.344 259.386 0.544 468
847.224 259.466 0.544 485
847.104 259.585 0.544 485
846.983 259.665 0.545 485
846.863 259.744 0.546 501
846.743 259.824 0.546 501
846.623 259.903 0.547 517
846.503 260.023 0.547 517
846.382 260.142 0.548 517
846.222 260.262 0.549 533
846.102 260.381 0.550 533
845.982 260.501 0.550 533
845.821 260.620 0.551 549
845.661 260.739 0.552 565
845.541 260.899 0.554 565
845.381 261.058 0.555 565
845.220 261.177 0.556 581
845.100 261.337 0.557 598
844.940 261.496 0.558 598
844.740 261.615 0.558 598
844.539 261.774 0.559 614
844.379 261.934 0.560 614
844.219 262.053 0.560 614
844.058 262.212 0.562 630
843.938 262.372 0.563 646
843.778 262.531 0.564 646
843.658 262.690 0.565 646
843.497 262.849 0.567 662
843.337 263.009 0.568 662
843.217 263.168 0.569 678
843.057 263.367 0.569 678
842.896 263.526 0.570 678
842.736 263.685 0.571 695
842.616 263.844 0.571 711
842.456 264.004 0.571 711
842.336 264.163 0.571 711
842.215 264.282 0.571 727
842.095 264.442 0.572 727
841.975 264.561 0.572 727
841.815 264.720 0.572 743
841.694 264.840 0.573 759
841.574 264.999 0.574 759
841.454 265.118 0.574 759
841.334 265.238 0.575 776
841.214 265.397 0.575 792
841.094 265.556 0.576 792
841.013 265.715 0.576 792
840.893 265.875 0.576 808
840.813 265.994 0.576 808
840.733 266.114 0.577 808
840.653 266.233 0.576 824
840.613 266.352 0.577 824
840.533 266.432 0.577 840
840.452 266.551 0.577 840
840.412 266.711 0.577 857
840.332 266.870 0.577 857
840.252 267.029 0.577 873
840.132 267.188 0.578 873
840.052 267.348 0.577 873
839.972 267.507 0.578 889
839.851 267.666 0.578 889
839.771 267.865 0.578 889
839.691 268.064 0.578 905
839.571 268.184 0.578 921
839.491 268.303 0.578 921
839.371 268.422 0.579 921
839.331 268.542 0.579 937
839.290 268.621 0.579 953
839.250 268.701 0.579 953
839.210 268.781 0.579 953
839.170 268.860 0.579 970
839.130 268.940 0.580 970
839.050 269.020 0.580 970
839.010 269.139 0.581 986
838.970 269.219 0.581 1002
838.890 269.338 0.581 1002
838.850 269.457 0.582 1002
838.770 269.537 0.582 1018
838.730 269.656 0.582 1018
838.649 269.816 0.582 1034
838.609 269.935 0.583 1034
838.529 270.094 0.582 1050
838.489 270.214 0.583 1050
838.409 270.413 0.583 1050
838.369 270.532 0.584 1066
838.329 270.652 0.584 1066
838.249 270.811 0.584 1083
838.169 270.930 0.585 1083
838.129 271.010 0.585 1099
838.048 271.169 0.586 1099
837.968 271.289 0.586 1115
837.928 271.408 0.587 1115
837.848 271.527 0.587 1115
837.808 271.647 0.587 1131
837.768 271.766 0.587 1131
837.728 271.846 0.587 1131
837.688 271.926 0.588 1147
837.648 272.005 0.588 1163
837.648 272.125 0.589 1163
837.608 272.164 0.591 1163
837.608 272.284 0.591 1179
837.568 272.363 0.592 1195
837.528 272.443 0.592 1195
837.487 272.523 0.592 1195
837.447 272.682 0.593 1211
837.407 272.801 0.593 1211
837.367 272.881 0.593 1211
837.287 273.000 0.594 1228
837.247 273.120 0.595 1244
837.207 273.239 0.595 1244
837.127 273.359 0.596 1244
837.047 273.478 0.598 1260
837.007 273.597 0.598 1260
836.927 273.757 0.599 1276
836.886 273.876 0.600 1276
836.846 273.996 0.600 1276
836.766 274.115 0.602 1292
836.766 274.234 0.603 1292
836.726 274.354 0.604 1309
836.686 274.433 0.605 1309
836.646 274.553 0.606 1325
836.606 274.672 0.607 1325
836.566 274.752 0.608 1325
836.526 274.832 0.608 1341
836.446 274.911 0.608 1357
836.406 275.070 0.609 1357
836.366 275.190 0.609 1357
836.326 275.269 0.610 1373
836.285 275.389 0.611 1373
836.245 275.469 0.612 1373
836.205 275.588 0.613 1389
836.165 275.707 0.614 1406
836.085 275.787 0.616 1406
836.045 275.906 0.617 1406
836.005 276.066 0.618 1422
835.965 276.185 0.618 1438
835.965 276.344 0.619 1438
835.925 276.464 0.619 1438
835.885 276.623 0.620 1454
835.845 276.742 0.620 1454
835.805 276.902 0.620 1454
835.765 277.021 0.620 1470
835.725 277.140 0.621 1470
835.685 277.339 0.621 1486
835.644 277.459 0.621 1486
835.604 277.578 0.621 1503
835.564 277.738 0.621 1503
835.524 277.857 0.622 1519
835.484 277.976 0.622 1519
835.404 278.096 0.622 1519
835.364 278.215 0.622 1535
835.364 278.335 0.622 1535
835.324 278.454 0.622 1535
835.324 278.573 0.622 1551
835.324 278.693 0.621 1567
835.324 278.812 0.621 1567
835.324 278.932 0.621 1567
835.324 279.051 0.621 1583
835.284 279.211 0.621 1599
835.284 279.370 0.622 1599
835.284 279.529 0.622 1599
835.284 279.768 0.622 1616
835.244 279.927 0.622 1616
835.244 280.126 0.622 1616
835.204 280.245 0.623 1632
835.204 280.405 0.623 1648
835.204 280.524 0.623 1648
835.204 280.644 0.623 1648
835.204 280.763 0.622 1664
835.204 280.882 0.622 1664
835.204 281.002 0.622 1680
835.204 281.121 0.622 1680
835.204 281.241 0.622 1696
835.204 281.400 0.622 1696
835.204 281.519 0.622 1696
835.204 281.639 0.622 1713
835.204 281.798 0.622 1713
835.204 281.957 0.622 1729
835.204 282.077 0.622 1729
835.204 282.196 0.622 1729
835.204 282.315 0.622 1745
835.204 282.435 0.622 1761
835.204 282.554 0.622 1761
835.204 282.674 0.621 1761
835.204 282.833 0.621 1777
835.244 282.913 0.621 1794
835.324 283.032 0.621 1794
835.324 283.151 0.621 1794
835.364 283.231 0.622 1810
835.404 283.351 0.622 1810
835.404 283.430 0.622 1810
835.444 283.550 0.622 1826
835.444 283.629 0.623 1826
835.484 283.749 0.623 1842
835.524 283.828 0.623 1842
835.524 283.948 0.623 1842
835.564 284.067 0.624 1858
835.604 284.187 0.624 1875
835.604 284.306 0.624 1875
835.644 284.425 0.624 1875
835.644 284.505 0.624 1891
835.685 284.624 0.624 1891
835.725 284.704 0.624 1891
835.765 284.823 0.624 1907
835.845 284.943 0.624 1923
835.925 285.022 0.623 1923
835.965 285.142 0.623 1923
836.005 285.261 0.623 1939
836.085 285.381 0.624 1939
836.125 285.460 0.625 1955
836.165 285.580 0.625 1955
836.205 285.699 0.625 1972
836.285 285.819 0.626 1972
836.326 285.898 0.626 1988
836.406 286.018 0.626 1988
836.446 286.097 0.627 1988
836.486 286.217 0.626 2004
836.566 286.296 0.626 2004
836.646 286.376 0.627 2004
836.726 286.456 0.627 2020
836.766 286.575 0.628 2036
836.846 286.615 0.630 2036
836.927 286.734 0.630 2036
837.007 286.814 0.630 2052
837.087 286.893 0.630 2069
837.167 286.933 0.630 2069
837.247 287.013 0.631 2069
837.327 287.093 0.631 2085
837.407 287.132 0.631 2085
837.487 287.172 0.632 2085
837.568 287.212 0.633 2101
837.648 287.292 0.635 2117
837.688 287.331 0.636 2117
837.768 287.371 0.637 2117
837.848 287.451 0.639 2133
837.928 287.530 0.639 2133
838.008 287.610 0.640 2150
838.089 287.690 0.640 2150
838.129 287.769 0.641 2166
838.209 287.849 0.641 2166
838.249 287.889 0.641 2166
838.289 287.968 0.641 2182
838.369 288.008 0.641 2182
838.449 288.088 0.642 2198
838.529 288.128 0.642 2198
838.609 288.167 0.642 2198
838.730 288.247 0.642 2214
838.810 288.287 0.641 2230
838.930 288.327 0.642 2230
839.050 288.366 0.642 2230
839.130 288.406 0.643 2246
839.250 288.486 0.644 2246
839.290 288.526 0.645 2246
839.411 288.565 0.646 2263
839.491 288.645 0.647 2279
839.571 288.685 0.647 2279
839.651 288.725 0.647 2279
839.731 288.844 0.648 2295
839.851 288.884 0.648 2311
839.932 288.924 0.648 2311
840.052 288.964 0.648 2311
840.172 288.964 0.648 2327
840.252 289.003 0.649 2327
840.332 289.043 0.649 2327
840.452 289.083 0.649 2344
840.533 289.083 0.650 2360
840.613 289.123 0.649 2360
840.693 289.123 0.650 2360
840.813 289.163 0.649 2376
840.933 289.202 0.649 2376
841.053 289.242 0.649 2392
841.214 289.282 0.651 2392
841.374 289.322 0.652 2392
841.534 289.362 0.653 2408
841.694 289.441 0.654 2408
841.855 289.481 0.655 2424
841.975 289.561 0.655 2424
842.135 289.600 0.656 2441
842.255 289.680 0.656 2441
842.416 289.720 0.656 2441
842.536 289.760 0.657 2457
842.656 289.799 0.657 2473
842.776 289.839 0.657 2473
842.896 289.879 0.657 2473
843.017 289.919 0.657 2489
843.177 289.919 0.658 2489
843.297 289.959 0.658 2489
843.377 289.959 0.659 2506
843.457 289.959 0.659 2522
843.578 289.959 0.659 2522
843.658 289.959 0.660 2522
843.778 289.959 0.660 2538
843.858 289.959 0.661 2538
843.978 289.959 0.662 2554
844.099 289.959 0.662 2554
844.179 289.998 0.662 2570
844.299 289.998 0.663 2570
844.339 289.998 0.663 2570
844.459 289.998 0.663 2586
844.539 289.998 0.663 2586
844.700 289.998 0.663 2603
844.820 289.998 0.663 2603
844.940 289.998 0.664 2619
845.140 289.998 0.664 2619
845.301 289.998 0.665 2635
845.461 289.998 0.666 2635
845.621 289.998 0.666 2635
845.781 289.998 0.666 2651
845.982 289.998 0.667 2651
846.142 289.998 0.667 2651
846.262 289.998 0.667 2667
846.422 289.998 0.668 2683
846.623 289.998 0.668 2683
846.823 289.959 0.668 2683
846.983 289.879 0.669 2700
847.184 289.839 0.669 2716
847.344 289.799 0.669 2716
847.504 289.720 0.670 2716
847.664 289.680 0.670 2732
847.785 289.680 0.670 2732
847.905 289.640 0.670 2732
847.985 289.640 0.671 2748
848.105 289.600 0.671 2748
848.265 289.600 0.671 2764
848.386 289.561 0.671 2764
848.506 289.521 0.672 2780
848.666 289.521 0.672 2780
848.786 289.481 0.672 2796
848.947 289.441 0.672 2796
849.067 289.362 0.672 2796
849.227 289.322 0.673 2812
849.387 289.242 0.673 2812
849.508 289.163 0.673 2829
849.628 289.123 0.673 2829
849.788 289.043 0.673 2845
849.908 289.003 0.673 2845
849.988 288.924 0.674 2845
850.149 288.884 0.674 2861
850.269 288.804 0.674 2877
850.429 288.725 0.674 2877
850.549 288.605 0.674 2877
850.669 288.526 0.674 2894
850.790 288.406 0.674 2894
850.910 288.287 0.674 2894
851.030 288.167 0.674 2910
851.150 288.048 0.674 2927
851.270 287.929 0.674 2927
851.431 287.849 0.674 2927
851.591 287.729 0.674 2943
851.711 287.610 0.675 2959
851.871 287.530 0.675 2959
851.992 287.411 0.675 2959
852.112 287.331 0.675 2975
852.232 287.212 0.675 2975
852.352 287.132 0.675 2975
852.513 287.013 0.675 2991
852.633 286.893 0.675 2991
852.753 286.734 0.675 3007
852.873 286.615 0.675 3007
853.033 286.495 0.676 3024
853.114 286.376 0.676 3024
853.234 286.257 0.676 3040
853.314 286.137 0.676 3040
853.394 286.018 0.676 3040
853.554 285.898 0.676 3056
853.674 285.779 0.676 3056
853.795 285.659 0.676 3056
853.915 285.500 0.676 3073
854.035 285.381 0.675 3089
854.155 285.221 0.674 3089
854.276 285.062 0.674 3089
854.356 284.943 0.673 3105
854.476 284.784 0.672 3105
854.596 284.664 0.671 3121
854.716 284.545 0.670 3121
854.836 284.386 0.670 3137
854.957 284.266 0.670 3137
855.077 284.147 0.669 3137
855.157 283.948 0.670 3153
855.277 283.788 0.669 3153
855.357 283.669 0.670 3170
855.477 283.550 0.670 3170
855.638 283.390 0.670 3186
855.758 283.271 0.670 3186
855.838 283.151 0.670 3202
855.918 283.032 0.669 3202
855.998 282.952 0.669 3202
856.078 282.833 0.669 3218
856.119 282.753 0.669 3234
856.199 282.674 0.669 3234
856.279 282.554 0.669 3234
856.359 282.475 0.669 3250
856.439 282.355 0.669 3250
856.519 282.236 0.668 3250
856.599 282.156 0.668 3266
856.680 282.037 0.669 3283
856.760 281.917 0.668 3283
856.840 281.838 0.667 3283
856.920 281.758 0.667 3299
857.040 281.679 0.666 3299
857.080 281.519 0.665 3315
857.160 281.400 0.665 3315
857.240 281.320 0.664 3331
857.321 281.201 0.664 3331
857.361 281.121 0.664 3331
857.441 281.002 0.664 3347
857.521 280.882 0.664 3347
857.601 280.803 0.664 3363
857.641 280.723 0.663 3363
857.721 280.644 0.663 3363
857.801 280.564 0.663 3379
857.841 280.524 0.663 3395
857.881 280.405 0.663 3395
857.922 280.325 0.663 3395
858.002 280.245 0.663 3412
858.042 280.126 0.663 3412
858.122 280.007 0.662 3412
858.202 279.847 0.662 3428
858.242 279.768 0.662 3444
858.322 279.648 0.661 3444
858.362 279.569 0.661 3444
858.402 279.449 0.661 3460
858.482 279.290 0.660 3476
858.523 279.211 0.660 3476
858.563 279.091 0.659 3476
858.603 279.011 0.659 3492
858.643 278.892 0.658 3492
858.683 278.773 0.658 3492
858.723 278.693 0.657 3509
858.763 278.573 0.657 3509
858.803 278.454 0.657 3525
858.843 278.374 0.657 3525
858.883 278.255 0.657 3541
858.923 278.136 0.657 3541
858.963 277.976 0.657 3557
859.003 277.857 0.657 3557
859.043 277.738 0.657 3557
859.083 277.618 0.657 3573
859.124 277.499 0.657 3589
859.164 277.379 0.657 3589
859.204 277.300 0.657 3589
859.244 277.220 0.657 3605
859.324 277.101 0.657 3605
859.364 277.021 0.656 3605
859.404 276.902 0.656 3622
859.444 276.822 0.656 3638
859.484 276.742 0.656 3638
859.524 276.623 0.656 3638
859.564 276.543 0.656 3654
859.604 276.424 0.656 3654
859.644 276.344 0.656 3670
859.684 276.225 0.656 3670
859.725 276.145 0.656 3686
859.765 276.026 0.656 3686
859.805 275.946 0.656 3686
859.805 275.827 0.656 3703
859.845 275.747 0.656 3703
859.885 275.588 0.656 3719
859.925 275.469 0.656 3719
859.965 275.349 0.656 3735
859.965 275.230 0.656 3735
860.005 275.110 0.656 3751
860.085 274.991 0.657 3751
860.125 274.871 0.656 3751
860.165 274.712 0.656 3767
860.205 274.553 0.656 3767
860.245 274.433 0.656 3767
860.285 274.274 0.655 3783
860.366 274.155 0.656 3799
860.406 274.035 0.655 3799
860.406 273.916 0.656 3799
860.446 273.797 0.656 3815
860.486 273.677 0.655 3831
860.486 273.597 0.655 3831
860.486 273.478 0.655 3831
860.526 273.359 0.655 3847
860.526 273.239 0.655 3847
860.566 273.120 0.655 3847
860.566 272.961 0.655 3864
860.606 272.801 0.655 3880
860.606 272.642 0.654 3880
860.646 272.483 0.654 3880
860.646 272.284 0.654 3896
860.686 272.125 0.654 3896
860.686 271.965 0.654 3912
860.726 271.846 0.654 3912
860.766 271.647 0.654 3912
860.806 271.488 0.654 3928
860.846 271.328 0.654 3928
860.886 271.129 0.654 3944
860.927 270.930 0.653 3944
860.967 270.691 0.653 3961
861.007 270.492 0.653 3961
861.047 270.293 0.653 3961
861.087 270.134 0.654 3977
861.087 269.935 0.653 3993
861.087 269.776 0.654 3993
861.127 269.617 0.653 3993
861.127 269.457 0.653 4009
861.127 269.298 0.653 4009
861.127 269.139 0.653 4009
861.127 268.980 0.653 4025
861.127 268.820 0.653 4041
861.127 268.661 0.653 4041
861.127 268.502 0.653 4041
861.167 268.303 0.653 4058
861.167 268.144 0.653 4058
861.207 267.945 0.653 4074
861.207 267.785 0.653 4074
861.287 267.586 0.652 4090
861.327 267.427 0.652 4090
861.327 267.268 0.652 4106
861.327 267.109 0.652 4106
861.367 266.989 0.652 4106
861.367 266.830 0.652 4123
861.367 266.671 0.652 4123
861.367 266.551 0.652 4123
861.367 266.392 0.652 4139
861.367 266.193 0.652 4155
861.367 266.034 0.653 4155
861.367 265.835 0.652 4155
861.367 265.636 0.653 4171
861.367 265.357 0.653 4187
861.367 265.158 0.652 4187
861.367 264.959 0.652 4187
861.367 264.760 0.653 4203
861.367 264.561 0.652 4203
861.367 264.362 0.652 4220
861.367 264.203 0.652 4220
861.367 264.043 0.653 4220
861.367 263.884 0.653 4236
861.367 263.725 0.653 4236
861.367 263.566 0.653 4236
861.367 263.367 0.653 4252
861.327 263.247 0.653 4268
861.327 263.009 0.653 4268
861.287 262.849 0.653 4268
861.247 262.690 0.653 4284
861.247 262.571 0.653 4301
861.247 262.411 0.653 4301
861.207 262.252 0.653 4301
861.207 262.093 0.654 4317
861.167 261.973 0.653 4317
861.127 261.814 0.653 4317
861.087 261.695 0.654 4333
861.047 261.536 0.654 4349
860.967 261.416 0.654 4349
860.927 261.297 0.655 4349
860.846 261.177 0.655 4365
860.806 261.058 0.655 4365
860.766 260.938 0.656 4381
860.726 260.779 0.655 4381
860.646 260.660 0.655 4381
860.606 260.540 0.656 4398
860.566 260.381 0.655 4398
860.486 260.262 0.656 4414
860.446 260.142 0.656 4414
860.406 260.023 0.656 4430
860.326 259.903 0.656 4430
860.285 259.784 0.656 4430
860.245 259.665 0.656 4446
860.165 259.545 0.656 4462
860.125 259.386 0.656 4462
860.045 259.267 0.656 4462
859.965 259.107 0.656 4478
859.925 258.988 0.656 4478
859.845 258.829 0.656 4478
859.765 258.749 0.657 4495
859.725 258.630 0.657 4511
859.644 258.550 0.657 4511
859.604 258.431 0.658 4511
859.524 258.351 0.658 4527
859.444 258.271 0.659 4527
859.364 258.192 0.660 4543
859.244 258.112 0.660 4543
859.164 258.032 0.661 4559
859.043 257.953 0.663 4559
858.923 257.873 0.664 4559
858.843 257.794 0.666 4575
858.723 257.674 0.666 4575
858.643 257.595 0.668 4591
858.563 257.475 0.669 4591
858.482 257.396 0.670 4591
858.402 257.316 0.671 4608
858.322 257.236 0.672 4624
858.242 257.157 0.673 4624
858.162 257.037 0.674 4624
858.042 256.958 0.675 4640
857.962 256.878 0.677 4656
857.881 256.838 0.678 4656
857.801 256.759 0.679 4656
857.681 256.679 0.680 4673
857.601 256.639 0.682 4673
857.521 256.599 0.682 4673
857.361 256.520 0.684 4689
857.240 256.480 0.686 4705
857.120 256.440 0.687 4705
857.000 256.400 0.689 4705
856.840 256.361 0.693 4721
856.680 256.321 0.695 4721
856.519 256.281 0.698 4737
856.399 256.201 0.699 4737
856.239 256.161 0.700 4737
856.078 256.122 0.701 4753
855.918 256.122 0.702 4753
855.798 256.122 0.702 4770
855.638 256.122 0.703 4770
855.437 256.122 0.702 4786
855.197 256.122 0.702 4786
854.957 256.321 0.702 4786
854.636 256.560 0.695 4802
854.276 256.838 0.660 4818
853.835 257.117 0.590 4818
853.354 257.435 0.485 4818
852.833 257.674 0.320 4834

% x_coordinate y_coordinate pressure time
% shape 2, 695 points
868.499 255.286 0.068 0
868.499 255.246 0.118 0
868.539 255.166 0.151 0
868.539 255.126 0.182 16
868.539 255.126 0.214 16
868.539 255.087 0.249 16
868.539 255.087 0.283 32
868.539 255.087 0.318 49
868.539 255.087 0.344 49
868.539 255.087 0.367 49
868.539 255.087 0.383 65
868.539 255.087 0.399 65
868.539 255.087 0.412 81
868.539 255.087 0.422 81
868.539 255.087 0.433 81
868.539 255.166 0.445 97
868.539 255.246 0.458 113
868.539 255.365 0.469 113
868.459 255.485 0.480 113
868.419 255.604 0.490 129
868.339 255.724 0.500 129
868.299 255.883 0.510 129
868.179 256.002 0.518 145
868.139 256.201 0.527 161
868.058 256.361 0.534 161
867.938 256.560 0.542 161
867.858 256.759 0.549 177
867.738 256.997 0.558 177
867.658 257.276 0.564 193
867.497 257.555 0.570 193
867.337 257.873 0.575 210
867.217 258.192 0.578 210
867.097 258.590 0.581 210
866.977 258.908 0.584 226
866.856 259.227 0.587 226
866.776 259.545 0.588 242
866.656 259.864 0.591 242
866.536 260.182 0.593 242
866.456 260.501 0.595 258
866.336 260.859 0.598 274
866.135 261.177 0.599 274
866.015 261.496 0.601 274
865.855 261.814 0.604 291
865.735 262.133 0.607 291
865.574 262.411 0.609 291
865.414 262.730 0.612 307
865.294 263.088 0.615 323
865.134 263.367 0.618 323
864.973 263.685 0.620 323
864.773 264.043 0.623 339
864.613 264.402 0.624 355
864.452 264.760 0.625 355
864.332 265.118 0.625 355
864.172 265.516 0.626 371
864.012 265.875 0.626 371
863.932 266.193 0.626 371
863.811 266.472 0.626 387
863.731 266.750 0.626 403
863.651 266.989 0.626 403
863.571 267.228 0.626 403
863.491 267.467 0.627 420
863.411 267.746 0.627 420
863.331 268.024 0.628 436
863.210 268.263 0.628 436
863.130 268.542 0.629 436
863.010 268.781 0.630 452
862.890 269.059 0.630 452
862.770 269.378 0.630 468
862.609 269.656 0.631 468
862.449 269.975 0.633 484
862.329 270.373 0.634 484
862.129 270.691 0.636 484
861.968 271.010 0.638 500
861.848 271.328 0.640 517
861.728 271.567 0.642 517
861.648 271.846 0.643 517
861.568 272.085 0.643 533
861.487 272.284 0.644 549
861.367 272.563 0.645 549
861.287 272.762 0.645 549
861.167 273.000 0.646 565
861.047 273.199 0.646 565
860.967 273.438 0.647 565
860.846 273.637 0.647 581
860.726 273.876 0.647 581
860.646 274.115 0.648 597
860.566 274.354 0.648 597
860.486 274.553 0.648 614
860.406 274.832 0.649 614
860.366 275.031 0.649 630
860.285 275.230 0.650 630
860.165 275.429 0.649 630
860.085 275.628 0.650 646
860.005 275.827 0.651 646
859.925 276.026 0.652 646
859.845 276.225 0.653 662
859.765 276.464 0.654 678
859.684 276.663 0.655 678
859.604 276.862 0.657 678
859.524 277.140 0.657 694
859.444 277.339 0.659 710
859.364 277.539 0.659 710
859.284 277.738 0.659 710
859.204 277.937 0.660 726
859.124 278.136 0.661 726
859.043 278.335 0.661 726
858.963 278.534 0.662 743
858.883 278.733 0.664 759
858.803 278.932 0.665 759
858.723 279.131 0.667 759
858.643 279.370 0.668 775
858.563 279.569 0.669 775
858.482 279.728 0.670 791
858.442 279.887 0.670 791
858.362 280.046 0.671 791
858.322 280.245 0.671 807
858.242 280.365 0.671 823
858.162 280.564 0.672 823
858.082 280.723 0.673 823
858.002 280.882 0.673 839
857.922 281.081 0.674 839
857.841 281.241 0.674 839
857.721 281.440 0.674 856
857.641 281.679 0.674 872
857.561 281.878 0.675 872
857.481 282.077 0.675 872
857.441 282.315 0.676 888
857.361 282.515 0.676 888
857.280 282.714 0.676 904
857.200 282.913 0.676 904
857.160 283.112 0.676 920
857.080 283.271 0.676 920
857.000 283.430 0.676 920
856.960 283.589 0.676 937
856.880 283.788 0.677 937
856.800 283.948 0.677 953
856.760 284.147 0.677 953
856.639 284.346 0.678 953
856.559 284.545 0.678 969
856.479 284.744 0.678 985
856.399 284.983 0.679 985
856.319 285.182 0.678 985
856.199 285.381 0.678 1001
856.119 285.580 0.678 1001
856.038 285.739 0.679 1001
855.958 285.898 0.679 1017
855.918 286.057 0.678 1033
855.878 286.217 0.678 1033
855.838 286.456 0.679 1033
855.758 286.615 0.679 1049
855.718 286.774 0.679 1066
855.678 286.973 0.679 1066
855.598 287.132 0.679 1066
855.558 287.331 0.679 1082
855.477 287.491 0.680 1082
855.437 287.650 0.679 1082
855.357 287.809 0.679 1098
855.317 287.968 0.680 1114
855.277 288.128 0.680 1114
855.197 288.327 0.680 1114
855.117 288.486 0.680 1130
855.037 288.685 0.680 1130
854.957 288.884 0.680 1146
854.876 289.043 0.680 1146
854.796 289.282 0.681 1146
854.716 289.481 0.681 1162
854.636 289.720 0.681 1178
854.556 289.919 0.681 1178
854.516 290.158 0.681 1178
854.436 290.357 0.681 1195
854.396 290.516 0.681 1195
854.276 290.715 0.681 1195
854.235 290.874 0.681 1211
854.155 291.073 0.682 1227
854.115 291.272 0.682 1227
854.035 291.432 0.682 1227
853.995 291.631 0.682 1243
853.955 291.790 0.682 1260
853.875 291.989 0.682 1260
853.835 292.188 0.682 1260
853.755 292.387 0.682 1276
853.715 292.586 0.682 1276
853.674 292.785 0.682 1276
853.594 292.984 0.682 1292
853.554 293.183 0.682 1292
853.514 293.422 0.683 1308
853.434 293.581 0.682 1308
853.354 293.780 0.683 1308
853.274 293.979 0.683 1324
853.234 294.178 0.683 1340
853.114 294.417 0.683 1340
853.033 294.616 0.684 1340
852.953 294.855 0.684 1357
852.873 295.094 0.684 1357
852.793 295.333 0.685 1357
852.713 295.532 0.685 1373
852.633 295.811 0.686 1389
852.593 296.010 0.686 1389
852.472 296.209 0.686 1389
852.392 296.408 0.687 1405
852.352 296.607 0.687 1405
852.232 296.806 0.687 1421
852.152 297.005 0.687 1421
852.032 297.204 0.687 1437
851.952 297.403 0.687 1437
851.871 297.562 0.687 1453
851.791 297.761 0.687 1453
851.711 297.920 0.688 1453
851.631 298.159 0.688 1469
851.551 298.318 0.687 1469
851.511 298.478 0.688 1469
851.431 298.637 0.688 1486
851.351 298.796 0.688 1502
851.270 298.955 0.689 1502
851.190 299.115 0.688 1502
851.110 299.314 0.689 1518
851.030 299.513 0.689 1534
850.910 299.672 0.689 1534
850.830 299.911 0.689 1534
850.750 300.110 0.690 1550
850.669 300.309 0.689 1550
850.589 300.548 0.690 1550
850.509 300.747 0.689 1566
850.429 300.946 0.689 1583
850.349 301.145 0.690 1583
850.269 301.344 0.690 1583
850.229 301.543 0.690 1599
850.149 301.742 0.690 1599
850.068 301.941 0.690 1615
850.028 302.140 0.690 1615
849.988 302.339 0.690 1615
849.948 302.578 0.690 1631
849.868 302.817 0.690 1631
849.828 303.016 0.691 1647
849.748 303.215 0.690 1647
849.668 303.454 0.691 1663
849.628 303.653 0.691 1663
849.548 303.852 0.690 1663
849.508 304.051 0.691 1679
849.427 304.250 0.691 1696
849.387 304.409 0.690 1696
849.307 304.608 0.691 1696
849.267 304.807 0.691 1712
849.227 304.966 0.691 1712
849.147 305.165 0.691 1712
849.067 305.325 0.691 1728
849.027 305.484 0.691 1744
848.947 305.643 0.691 1744
848.866 305.802 0.691 1744
848.826 305.962 0.691 1761
848.746 306.121 0.691 1777
848.706 306.240 0.691 1777
848.626 306.400 0.691 1777
848.586 306.519 0.691 1793
848.546 306.678 0.691 1793
848.506 306.798 0.691 1793
848.466 306.957 0.691 1809
848.426 307.116 0.691 1809
848.346 307.236 0.691 1826
848.305 307.435 0.691 1826
848.265 307.554 0.691 1842
848.225 307.713 0.691 1842
848.225 307.872 0.691 1858
848.185 308.032 0.691 1858
848.145 308.151 0.691 1858
848.105 308.350 0.691 1874
848.065 308.509 0.691 1874
848.025 308.669 0.691 1874
847.945 308.868 0.691 1890
847.905 309.027 0.691 1906
847.865 309.226 0.691 1906
847.825 309.385 0.691 1906
847.785 309.544 0.691 1922
847.745 309.743 0.691 1939
847.705 309.903 0.691 1939
847.624 310.102 0.692 1939
847.584 310.261 0.691 1955
847.544 310.460 0.691 1955
847.464 310.619 0.691 1955
847.424 310.778 0.691 1971
847.384 310.977 0.692 1987
847.304 311.137 0.691 1987
847.264 311.336 0.691 1987
847.184 311.535 0.692 2003
847.104 311.774 0.691 2003
847.023 311.973 0.691 2019
846.903 312.251 0.691 2019
846.823 312.490 0.691 2036
846.743 312.689 0.692 2036
846.703 312.849 0.692 2036
846.623 313.048 0.691 2052
846.583 313.207 0.692 2052
846.543 313.326 0.692 2068
846.543 313.485 0.692 2068
846.503 313.605 0.691 2068
846.462 313.764 0.692 2084
846.422 313.923 0.692 2100
846.342 314.083 0.692 2100
846.302 314.202 0.692 2100
846.222 314.361 0.692 2117
846.182 314.560 0.692 2117
846.102 314.680 0.692 2117
846.062 314.839 0.692 2133
845.982 314.998 0.692 2149
845.901 315.157 0.692 2149
845.821 315.317 0.692 2149
845.781 315.476 0.692 2165
845.701 315.635 0.692 2181
845.661 315.794 0.692 2181
845.581 315.914 0.692 2181
845.541 316.073 0.692 2197
845.501 316.232 0.692 2197
845.421 316.391 0.692 2213
845.341 316.511 0.692 2213
845.301 316.670 0.692 2213
845.220 316.869 0.692 2229
845.180 317.028 0.692 2229
845.100 317.148 0.692 2245
845.060 317.307 0.692 2245
844.980 317.466 0.692 2262
844.900 317.586 0.692 2262
844.820 317.745 0.692 2262
844.740 317.904 0.692 2278
844.700 318.063 0.692 2294
844.619 318.223 0.692 2294
844.539 318.382 0.692 2294
844.499 318.581 0.692 2310
844.419 318.740 0.692 2310
844.379 318.860 0.692 2310
844.339 319.019 0.692 2326
844.259 319.218 0.692 2342
844.219 319.377 0.692 2342
844.139 319.496 0.692 2342
844.099 319.656 0.692 2359
844.018 319.775 0.692 2375
843.978 319.934 0.692 2375
843.938 320.014 0.692 2375
843.898 320.133 0.692 2391
843.818 320.253 0.692 2391
843.778 320.372 0.692 2391
843.738 320.452 0.692 2407
843.698 320.571 0.692 2407
843.658 320.691 0.692 2423
843.578 320.770 0.693 2423
843.538 320.890 0.692 2439
843.457 321.009 0.693 2439
843.377 321.129 0.693 2456
843.297 321.208 0.693 2456
843.217 321.328 0.693 2456
843.137 321.527 0.692 2472
843.097 321.646 0.692 2472
843.017 321.766 0.693 2488
842.977 321.925 0.692 2488
842.856 322.044 0.693 2504
842.776 322.203 0.693 2504
842.696 322.323 0.693 2504
842.656 322.482 0.693 2520
842.576 322.602 0.693 2536
842.536 322.761 0.692 2536
842.496 322.880 0.693 2536
842.416 323.039 0.693 2552
842.336 323.159 0.692 2552
842.296 323.318 0.693 2552
842.215 323.438 0.693 2569
842.135 323.557 0.693 2585
842.095 323.676 0.693 2585
842.015 323.836 0.693 2585
841.975 323.955 0.693 2601
841.935 324.074 0.693 2617
841.855 324.154 0.693 2617
841.775 324.313 0.693 2617
841.735 324.393 0.693 2633
841.694 324.472 0.693 2633
841.694 324.512 0.693 2633
841.654 324.552 0.693 2650
841.654 324.592 0.693 2650
841.654 324.711 0.693 2666
841.654 324.672 0.692 2666
841.654 324.672 0.691 2683
841.654 324.632 0.691 2699
841.654 324.552 0.691 2699
841.654 324.472 0.690 2715
841.654 324.353 0.691 2715
841.775 324.313 0.691 2715
841.855 324.154 0.691 2731
841.975 323.955 0.691 2747
842.135 323.676 0.691 2747
842.255 323.477 0.692 2747
842.456 323.238 0.692 2764
842.616 323.000 0.692 2764
842.776 322.761 0.692 2764
842.977 322.482 0.693 2780
843.177 322.243 0.692 2796
843.417 321.965 0.692 2796
843.578 321.686 0.693 2796
843.778 321.407 0.693 2812
843.938 321.169 0.693 2828
844.099 321.009 0.693 2828
844.219 320.810 0.693 2828
844.339 320.691 0.693 2844
844.459 320.611 0.693 2844
844.619 320.531 0.693 2861
844.780 320.452 0.693 2861
844.940 320.412 0.693 2861
845.100 320.412 0.692 2877
845.260 320.372 0.693 2877
845.421 320.372 0.692 2877
845.581 320.253 0.692 2893
845.741 320.253 0.692 2909
845.861 320.253 0.692 2909
845.982 320.253 0.692 2909
846.142 320.253 0.693 2925
846.222 320.213 0.692 2941
846.342 320.213 0.692 2941
846.382 320.173 0.692 2941
846.503 320.133 0.693 2957
846.583 320.094 0.693 2957
846.663 320.054 0.693 2957
846.783 320.054 0.693 2974
846.863 320.014 0.693 2990
846.943 319.974 0.693 2990
847.063 320.014 0.692 2990
847.184 320.014 0.693 3006
847.304 320.054 0.692 3006
847.464 320.094 0.692 3022
847.584 320.173 0.693 3022
847.705 320.213 0.692 3038
847.825 320.253 0.693 3038
847.945 320.293 0.693 3038
848.025 320.332 0.692 3055
848.145 320.372 0.692 3055
848.225 320.372 0.693 3071
848.346 320.412 0.692 3071
848.426 320.412 0.693 3071
848.506 320.412 0.693 3087
848.586 320.452 0.693 3103
848.626 320.452 0.693 3103
848.706 320.492 0.693 3103
848.786 320.531 0.693 3119
848.826 320.571 0.694 3119
848.906 320.611 0.693 3119
848.947 320.651 0.694 3135
849.027 320.691 0.694 3151
849.067 320.731 0.694 3151
849.147 320.770 0.694 3151
849.227 320.850 0.695 3167
849.267 320.890 0.695 3183
849.347 320.930 0.696 3183
849.427 320.969 0.696 3183
849.508 321.009 0.696 3199
849.588 321.049 0.697 3199
849.668 321.129 0.698 3216
849.788 321.169 0.699 3216
849.868 321.248 0.701 3216
849.908 321.328 0.701 3232
849.988 321.407 0.703 3232
850.068 321.487 0.704 3232
850.149 321.567 0.704 3248
850.269 321.646 0.704 3264
850.349 321.686 0.705 3264
850.429 321.766 0.705 3264
850.509 321.845 0.705 3280
850.589 321.885 0.706 3297
850.669 321.965 0.705 3297
850.709 322.004 0.707 3297
850.790 322.044 0.707 3313
850.870 322.084 0.708 3313
850.950 322.164 0.709 3313
851.030 322.243 0.710 3329
851.110 322.283 0.711 3345
851.190 322.363 0.711 3345
851.270 322.403 0.712 3345
851.351 322.482 0.713 3361
851.431 322.482 0.714 3361
851.511 322.522 0.714 3377
851.591 322.562 0.714 3377
851.631 322.602 0.715 3393
851.711 322.641 0.716 3393
851.791 322.681 0.716 3393
851.871 322.721 0.717 3410
851.912 322.721 0.717 3410
851.992 322.761 0.719 3426
852.072 322.801 0.721 3426
852.152 322.840 0.722 3426
852.232 322.920 0.724 3442
852.312 322.960 0.725 3458
852.392 323.039 0.725 3458
852.513 323.079 0.726 3458
852.633 323.119 0.726 3474
852.753 323.159 0.727 3474
852.873 323.199 0.727 3474
852.993 323.238 0.727 3490
853.073 323.238 0.728 3507
853.154 323.278 0.729 3507
853.234 323.278 0.729 3507
853.314 323.278 0.730 3523
853.434 323.318 0.730 3523
853.514 323.358 0.730 3539
853.554 323.398 0.731 3539
853.634 323.438 0.732 3555
853.715 323.477 0.732 3555
853.795 323.557 0.733 3555
853.875 323.597 0.733 3572
853.955 323.716 0.733 3572
853.995 323.756 0.734 3588
854.075 323.756 0.734 3588
854.155 323.796 0.734 3588
854.235 323.836 0.734 3604
854.276 323.836 0.734 3620
854.316 323.836 0.735 3620
854.396 323.875 0.735 3620
854.436 323.875 0.735 3636
854.476 323.875 0.735 3636
854.556 323.915 0.735 3636
854.596 323.915 0.735 3652
854.676 323.955 0.735 3669
854.796 323.995 0.735 3669
854.876 323.995 0.735 3669
854.957 324.035 0.736 3685
855.077 324.074 0.735 3701
855.157 324.114 0.735 3701
855.237 324.114 0.736 3701
855.317 324.154 0.736 3717
855.437 324.154 0.736 3717
855.518 324.154 0.737 3717
855.598 324.194 0.737 3733
855.678 324.194 0.738 3733
855.798 324.234 0.738 3749
855.878 324.273 0.739 3749
855.958 324.313 0.739 3765
856.038 324.353 0.740 3765
856.119 324.393 0.740 3782
856.239 324.393 0.740 3782
856.279 324.433 0.740 3782
856.359 324.433 0.740 3798
856.439 324.433 0.741 3814
856.519 324.433 0.741 3814
856.599 324.433 0.741 3814
856.680 324.433 0.742 3830
856.760 324.472 0.742 3830
856.840 324.472 0.743 3830
856.880 324.472 0.743 3846
856.960 324.472 0.743 3862
857.040 324.512 0.744 3862
857.120 324.512 0.744 3862
857.240 324.552 0.744 3878
857.361 324.552 0.745 3878
857.441 324.552 0.744 3894
857.561 324.552 0.745 3894
857.641 324.552 0.745 3911
857.761 324.552 0.745 3911
857.841 324.552 0.746 3927
857.962 324.552 0.747 3927
858.082 324.552 0.748 3927
858.202 324.552 0.750 3943
858.322 324.592 0.750 3943
858.402 324.592 0.751 3959
858.523 324.592 0.752 3959
858.643 324.592 0.752 3975
858.803 324.632 0.753 3975
858.883 324.632 0.753 3975
858.963 324.632 0.753 3991
859.083 324.632 0.753 4007
859.164 324.632 0.754 4007
859.284 324.632 0.754 4007
859.364 324.592 0.754 4023
859.444 324.592 0.755 4023
859.564 324.552 0.755 4023
859.604 324.552 0.756 4039
859.725 324.552 0.756 4056
859.805 324.512 0.757 4056
859.885 324.512 0.758 4056
859.965 324.472 0.759 4072
860.085 324.472 0.759 4072
860.205 324.433 0.759 4088
860.285 324.433 0.760 4088
860.406 324.393 0.760 4104
860.526 324.393 0.760 4104
860.606 324.353 0.761 4104
860.726 324.353 0.761 4120
860.806 324.353 0.761 4120
860.886 324.313 0.761 4137
861.007 324.313 0.761 4137
861.087 324.313 0.761 4137
861.167 324.313 0.761 4153
861.287 324.313 0.761 4169
861.367 324.273 0.761 4169
861.447 324.273 0.761 4169
861.568 324.234 0.761 4185
861.648 324.194 0.761 4185
861.728 324.154 0.762 4185
861.808 324.114 0.762 4201
861.888 324.114 0.762 4217
861.968 324.074 0.763 4217
862.089 324.074 0.763 4217
862.169 324.074 0.763 4234
862.329 324.074 0.764 4250
862.449 324.074 0.764 4250
862.529 324.074 0.763 4250
862.649 324.074 0.764 4266
862.770 324.074 0.764 4266
862.890 324.074 0.764 4266
862.970 324.074 0.765 4282
863.090 324.035 0.764 4282
863.170 324.035 0.764 4298
863.291 323.995 0.765 4298
863.371 323.995 0.765 4314
863.451 323.955 0.765 4314
863.531 323.955 0.766 4330
863.651 323.915 0.765 4330
863.731 323.875 0.766 4330
863.811 323.836 0.766 4346
863.932 323.756 0.765 4346
864.012 323.676 0.766 4346
864.132 323.557 0.766 4363
864.292 323.477 0.767 4379
864.372 323.398 0.766 4379
864.492 323.278 0.767 4379
864.613 323.199 0.767 4395
864.733 323.079 0.767 4411
864.853 323.000 0.768 4411
864.973 322.920 0.767 4411
865.093 322.801 0.768 4427
865.214 322.721 0.767 4427
865.334 322.641 0.767 4427
865.494 322.522 0.768 4443
865.574 322.482 0.768 4459
865.695 322.403 0.768 4459
865.775 322.363 0.768 4459
865.855 322.283 0.768 4476
865.935 322.243 0.769 4476
866.015 322.164 0.768 4492
866.095 322.084 0.768 4492
866.175 322.004 0.769 4508
866.295 321.925 0.769 4508
866.416 321.845 0.769 4508
866.536 321.766 0.770 4524
866.656 321.686 0.768 4524
866.776 321.606 0.768 4540
866.856 321.527 0.769 4540
866.977 321.447 0.768 4540
867.057 321.328 0.769 4556
867.177 321.248 0.770 4573
867.297 321.129 0.769 4573
867.377 321.009 0.770 4573
867.497 320.930 0.770 4589
867.578 320.850 0.769 4589
867.658 320.770 0.770 4589
867.778 320.691 0.770 4605
867.818 320.611 0.770 4621
867.898 320.571 0.770 4621
867.978 320.452 0.770 4621
868.058 320.332 0.770 4637
868.099 320.213 0.770 4653
868.179 320.094 0.770 4653
868.299 319.974 0.770 4653
868.379 319.855 0.770 4670
868.459 319.775 0.770 4670
868.539 319.656 0.770 4670

