% x_coordinate y_coordinate pressure time
% shape 0, 774 points
491.791 326.423 0.035 0
491.791 326.383 0.071 16
491.831 326.383 0.098 16
491.831 326.344 0.125 32
491.831 326.344 0.155 32
491.831 326.344 0.179 33
491.831 326.344 0.195 48
491.831 326.344 0.206 64
491.831 326.344 0.214 64
491.831 326.304 0.218 64
491.831 326.304 0.221 80
491.831 326.304 0.226 80
491.831 326.304 0.236 80
491.831 326.304 0.245 96
491.831 326.264 0.258 112
491.831 326.304 0.270 112
491.831 326.264 0.279 112
491.831 326.264 0.285 128
491.831 326.304 0.292 128
491.831 326.304 0.300 144
491.831 326.344 0.309 144
491.831 326.383 0.318 160
491.831 326.463 0.328 160
491.791 326.582 0.340 160
491.711 326.662 0.352 176
491.631 326.702 0.362 176
491.591 326.821 0.369 192
491.511 326.941 0.373 192
491.431 327.060 0.378 192
491.431 327.219 0.381 208
491.391 327.418 0.384 224
491.351 327.617 0.387 224
491.310 327.777 0.389 224
491.270 327.976 0.391 240
491.190 328.175 0.393 240
491.150 328.374 0.397 240
491.070 328.533 0.401 256
490.990 328.772 0.407 273
490.870 329.011 0.411 273
490.750 329.250 0.415 273
490.629 329.528 0.418 289
490.509 329.847 0.420 305
490.389 330.125 0.422 305
490.269 330.364 0.424 305
490.189 330.643 0.423 321
490.109 330.922 0.424 321
489.988 331.160 0.424 321
489.948 331.399 0.425 337
489.868 331.598 0.425 353
489.788 331.797 0.425 353
489.708 332.036 0.425 353
489.668 332.195 0.426 370
489.628 332.394 0.425 370
489.588 332.554 0.425 386
489.548 332.753 0.425 386
489.467 332.952 0.425 386
489.467 333.151 0.425 402
489.387 333.350 0.425 418
489.347 333.549 0.425 418
489.267 333.788 0.426 418
489.187 333.987 0.426 434
489.107 334.226 0.427 434
489.027 334.464 0.427 434
488.947 334.624 0.427 450
488.826 334.823 0.427 466
488.746 335.022 0.428 466
488.706 335.221 0.428 466
488.626 335.380 0.428 482
488.626 335.539 0.428 499
488.586 335.698 0.428 499
488.586 335.858 0.427 499
488.586 336.017 0.427 515
488.586 336.176 0.426 515
488.586 336.335 0.427 515
488.586 336.495 0.427 531
488.586 336.694 0.428 531
488.586 336.813 0.429 547
488.546 336.972 0.430 547
488.466 337.132 0.433 564
488.386 337.291 0.436 564
488.306 337.450 0.438 580
488.225 337.609 0.441 580
488.145 337.768 0.442 580
488.105 337.888 0.444 596
488.025 338.007 0.446 596
487.985 338.127 0.447 596
487.945 338.246 0.448 612
487.905 338.366 0.448 628
487.865 338.485 0.449 628
487.825 338.565 0.449 628
487.785 338.724 0.450 645
487.745 338.843 0.450 661
487.664 338.963 0.449 661
487.624 339.162 0.450 661
487.584 339.321 0.450 677
487.464 339.480 0.451 677
487.384 339.600 0.451 677
487.344 339.759 0.451 693
487.264 339.878 0.451 709
487.224 339.998 0.452 709
487.184 340.117 0.451 709
487.104 340.237 0.452 725
487.104 340.356 0.452 725
487.063 340.476 0.452 741
487.023 340.555 0.453 741
486.983 340.675 0.452 741
486.943 340.754 0.453 757
486.903 340.874 0.453 757
486.863 340.993 0.453 774
486.823 341.073 0.453 774
486.823 341.192 0.454 790
486.743 341.351 0.454 790
486.703 341.431 0.454 790
486.663 341.550 0.455 806
486.623 341.670 0.454 822
486.583 341.789 0.455 822
486.543 341.948 0.455 822
486.502 342.028 0.455 838
486.462 342.147 0.455 838
486.422 342.267 0.455 838
486.342 342.346 0.454 854
486.302 342.426 0.455 871
486.262 342.545 0.455 871
486.222 342.625 0.455 871
486.222 342.705 0.455 887
486.142 342.784 0.455 903
486.142 342.864 0.455 903
486.102 342.983 0.456 903
486.022 343.063 0.456 919
485.982 343.143 0.457 919
485.942 343.262 0.457 919
485.861 343.342 0.457 935
485.781 343.461 0.458 951
485.701 343.581 0.458 951
485.621 343.740 0.458 951
485.541 343.819 0.459 967
485.461 343.939 0.459 967
485.421 344.058 0.459 983
485.381 344.138 0.458 983
485.301 344.257 0.459 983
485.260 344.337 0.459 999
485.260 344.417 0.459 999
485.180 344.496 0.459 1016
485.140 344.576 0.458 1016
485.140 344.655 0.459 1032
485.100 344.735 0.460 1032
485.020 344.815 0.461 1032
484.980 344.894 0.462 1048
484.940 345.014 0.463 1064
484.900 345.093 0.464 1064
484.820 345.173 0.465 1064
484.820 345.292 0.465 1080
484.780 345.372 0.465 1080
484.740 345.491 0.465 1080
484.700 345.611 0.465 1096
484.659 345.730 0.467 1112
484.619 345.850 0.467 1112
484.579 345.969 0.468 1112
484.499 346.088 0.468 1128
484.459 346.208 0.469 1145
484.379 346.327 0.470 1145
484.299 346.447 0.471 1145
484.219 346.566 0.472 1161
484.179 346.686 0.472 1161
484.139 346.805 0.472 1161
484.098 346.885 0.473 1177
484.058 347.004 0.473 1193
484.018 347.123 0.474 1193
483.978 347.243 0.473 1193
483.938 347.362 0.474 1209
483.858 347.482 0.474 1209
483.818 347.641 0.474 1225
483.738 347.760 0.474 1225
483.698 347.880 0.474 1241
483.618 348.039 0.475 1241
483.538 348.159 0.475 1241
483.457 348.278 0.475 1257
483.417 348.477 0.475 1257
483.377 348.636 0.475 1273
483.297 348.756 0.475 1273
483.257 348.915 0.475 1273
483.257 349.034 0.475 1289
483.217 349.194 0.475 1306
483.177 349.313 0.475 1306
483.177 349.432 0.475 1306
483.137 349.592 0.475 1322
483.097 349.711 0.475 1338
483.057 349.870 0.475 1338
482.977 349.990 0.475 1338
482.937 350.149 0.475 1354
482.897 350.308 0.475 1354
482.816 350.428 0.476 1354
482.776 350.587 0.476 1370
482.736 350.786 0.476 1370
482.696 350.905 0.477 1387
482.616 351.064 0.477 1387
482.576 351.184 0.477 1403
482.496 351.303 0.478 1403
482.456 351.423 0.478 1419
482.416 351.542 0.478 1419
482.376 351.701 0.479 1419
482.336 351.821 0.479 1435
482.255 351.940 0.480 1435
482.215 352.060 0.479 1451
482.175 352.179 0.479 1451
482.175 352.299 0.479 1467
482.135 352.418 0.479 1467
482.095 352.537 0.479 1467
482.055 352.697 0.480 1483
482.015 352.816 0.480 1499
481.975 352.975 0.480 1499
481.895 353.174 0.480 1499
481.855 353.334 0.480 1516
481.815 353.493 0.480 1516
481.735 353.652 0.481 1516
481.654 353.811 0.482 1532
481.574 353.971 0.481 1548
481.534 354.130 0.482 1548
481.454 354.249 0.482 1548
481.414 354.369 0.482 1564
481.374 354.488 0.483 1564
481.334 354.607 0.482 1580
481.294 354.767 0.482 1580
481.294 354.886 0.482 1596
481.214 355.006 0.482 1596
481.214 355.165 0.482 1596
481.174 355.324 0.482 1612
481.134 355.483 0.483 1612
481.094 355.642 0.484 1628
481.053 355.802 0.485 1628
481.013 355.961 0.485 1628
480.933 356.080 0.485 1644
480.933 356.240 0.485 1661
480.853 356.399 0.486 1661
480.813 356.558 0.486 1661
480.773 356.757 0.486 1677
480.693 356.916 0.486 1677
480.653 357.076 0.486 1677
480.613 357.195 0.486 1693
480.573 357.354 0.487 1709
480.533 357.474 0.486 1709
480.492 357.593 0.487 1709
480.452 357.792 0.487 1725
480.412 357.912 0.487 1741
480.372 358.031 0.487 1741
480.332 358.111 0.487 1741
480.292 358.230 0.487 1757
480.212 358.349 0.487 1757
480.172 358.509 0.488 1774
480.132 358.628 0.487 1774
480.092 358.748 0.488 1774
480.012 358.907 0.488 1790
479.932 359.026 0.488 1790
479.891 359.146 0.488 1806
479.851 359.265 0.488 1806
479.811 359.345 0.488 1822
479.771 359.464 0.488 1822
479.731 359.544 0.487 1822
479.731 359.663 0.487 1838
479.691 359.743 0.487 1854
479.691 359.862 0.486 1854
479.651 359.942 0.487 1854
479.611 360.101 0.488 1870
479.611 360.220 0.488 1870
479.571 360.300 0.488 1870
479.491 360.419 0.489 1886
479.411 360.539 0.489 1903
479.371 360.658 0.490 1903
479.290 360.778 0.490 1903
479.210 360.897 0.491 1919
479.170 361.056 0.492 1919
479.130 361.176 0.493 1935
479.050 361.295 0.494 1935
479.010 361.375 0.494 1951
478.930 361.494 0.495 1951
478.890 361.614 0.496 1951
478.850 361.693 0.496 1967
478.770 361.813 0.496 1967
478.730 361.892 0.496 1983
478.689 362.012 0.497 1983
478.689 362.091 0.497 1999
478.649 362.171 0.497 1999
478.609 362.290 0.498 2015
478.569 362.370 0.498 2015
478.529 362.529 0.499 2015
478.489 362.649 0.500 2032
478.409 362.768 0.500 2032
478.369 362.927 0.501 2032
478.329 363.047 0.501 2048
478.249 363.166 0.501 2064
478.209 363.326 0.502 2064
478.129 363.445 0.502 2064
478.089 363.564 0.502 2080
478.048 363.684 0.502 2096
478.008 363.763 0.502 2096
477.968 363.883 0.502 2096
477.888 364.002 0.503 2113
477.888 364.082 0.503 2113
477.808 364.201 0.503 2113
477.768 364.321 0.503 2129
477.728 364.440 0.503 2145
477.688 364.560 0.504 2145
477.648 364.639 0.504 2145
477.568 364.759 0.504 2161
477.487 364.918 0.505 2161
477.447 365.037 0.505 2177
477.367 365.157 0.505 2177
477.327 365.276 0.506 2177
477.287 365.395 0.505 2193
477.247 365.515 0.506 2193
477.207 365.634 0.506 2210
477.167 365.754 0.506 2210
477.167 365.913 0.506 2226
477.127 365.993 0.506 2226
477.087 366.112 0.506 2226
477.047 366.231 0.506 2242
477.007 366.351 0.506 2258
476.927 366.470 0.506 2258
476.886 366.590 0.508 2258
476.806 366.709 0.508 2274
476.766 366.829 0.508 2274
476.686 366.948 0.509 2274
476.646 367.028 0.509 2291
476.526 367.187 0.509 2307
476.486 367.306 0.509 2307
476.446 367.426 0.510 2307
476.366 367.585 0.510 2323
476.326 367.704 0.510 2339
476.285 367.864 0.510 2339
476.245 368.023 0.510 2339
476.205 368.142 0.511 2355
476.125 368.302 0.510 2355
476.085 368.461 0.511 2355
476.045 368.620 0.511 2371
476.005 368.779 0.511 2371
475.965 368.938 0.512 2387
475.925 369.098 0.513 2387
475.885 369.257 0.513 2403
475.845 369.376 0.514 2403
475.805 369.575 0.514 2420
475.765 369.695 0.514 2420
475.725 369.854 0.515 2420
475.644 369.973 0.516 2436
475.604 370.133 0.517 2436
475.524 370.292 0.518 2436
475.484 370.491 0.519 2452
475.404 370.610 0.520 2468
475.364 370.770 0.521 2468
475.284 370.929 0.521 2468
475.244 371.048 0.522 2484
475.164 371.168 0.522 2500
475.124 371.327 0.523 2500
475.083 371.486 0.524 2500
475.043 371.606 0.524 2516
475.003 371.725 0.525 2516
474.963 371.924 0.526 2533
474.963 372.044 0.526 2533
474.923 372.163 0.526 2549
474.923 372.282 0.527 2549
474.883 372.362 0.526 2549
474.843 372.521 0.527 2565
474.843 372.641 0.527 2565
474.803 372.760 0.527 2581
474.763 372.919 0.528 2581
474.723 373.078 0.528 2581
474.683 373.238 0.528 2597
474.603 373.397 0.529 2613
474.523 373.556 0.529 2613
474.482 373.676 0.529 2613
474.402 373.835 0.529 2629
474.362 373.954 0.529 2629
474.322 374.074 0.529 2629
474.322 374.233 0.529 2646
474.282 374.352 0.529 2662
474.202 374.472 0.529 2662
474.162 374.591 0.530 2662
474.122 374.711 0.530 2678
474.042 374.830 0.530 2694
473.962 374.950 0.530 2694
473.922 375.069 0.530 2694
473.841 375.188 0.530 2710
473.801 375.348 0.530 2710
473.761 375.467 0.530 2710
473.681 375.586 0.531 2726
473.641 375.746 0.531 2742
473.561 375.865 0.531 2742
473.521 376.024 0.531 2742
473.441 376.144 0.531 2759
473.401 376.303 0.531 2759
473.361 376.422 0.531 2775
473.280 376.542 0.531 2775
473.240 376.701 0.531 2775
473.200 376.860 0.532 2791
473.160 376.980 0.531 2791
473.080 377.139 0.532 2807
473.040 377.258 0.532 2807
473.040 377.418 0.532 2823
472.960 377.537 0.532 2823
472.920 377.656 0.532 2823
472.880 377.776 0.533 2839
472.840 377.895 0.534 2856
472.760 378.015 0.534 2856
472.720 378.134 0.535 2856
472.679 378.254 0.537 2872
472.639 378.413 0.537 2872
472.559 378.532 0.538 2872
472.519 378.691 0.539 2888
472.479 378.851 0.539 2904
472.399 379.050 0.540 2904
472.319 379.169 0.540 2904
472.239 379.328 0.541 2921
472.199 379.448 0.541 2921
472.159 379.527 0.541 2937
472.119 379.647 0.541 2937
472.078 379.727 0.541 2953
472.038 379.806 0.541 2953
471.998 379.926 0.541 2953
471.998 380.045 0.542 2969
471.958 380.164 0.542 2969
471.918 380.284 0.542 2985
471.878 380.403 0.542 2985
471.838 380.523 0.542 2985
471.798 380.642 0.543 3001
471.758 380.762 0.543 3018
471.718 380.881 0.543 3018
471.638 380.961 0.543 3018
471.598 381.080 0.543 3034
471.558 381.160 0.543 3034
471.518 381.319 0.543 3034
471.477 381.398 0.543 3050
471.437 381.478 0.543 3066
471.437 381.558 0.543 3066
471.397 381.637 0.543 3066
471.357 381.717 0.543 3082
471.277 381.797 0.544 3099
471.237 381.876 0.545 3099
471.197 381.956 0.546 3099
471.157 382.035 0.546 3115
471.117 382.115 0.547 3115
471.037 382.234 0.547 3115
470.997 382.314 0.548 3131
470.917 382.433 0.547 3147
470.836 382.553 0.548 3147
470.756 382.633 0.548 3147
470.676 382.752 0.548 3163
470.636 382.871 0.549 3163
470.556 382.991 0.549 3179
470.476 383.070 0.549 3179
470.436 383.190 0.550 3179
470.396 383.309 0.551 3196
470.316 383.429 0.552 3196
470.235 383.508 0.553 3212
470.195 383.628 0.554 3212
470.155 383.747 0.554 3228
470.115 383.867 0.555 3228
470.035 383.946 0.555 3228
469.955 384.066 0.555 3244
469.915 384.145 0.556 3260
469.875 384.225 0.556 3260
469.795 384.344 0.557 3260
469.755 384.424 0.558 3276
469.674 384.503 0.558 3276
469.594 384.623 0.559 3276
469.514 384.703 0.560 3293
469.474 384.822 0.561 3309
469.394 384.941 0.561 3309
469.314 385.061 0.561 3309
469.234 385.140 0.562 3325
469.154 385.260 0.562 3341
469.073 385.379 0.562 3341
469.033 385.499 0.563 3341
468.953 385.578 0.563 3357
468.913 385.698 0.563 3357
468.873 385.777 0.563 3357
468.833 385.897 0.563 3373
468.793 386.056 0.563 3373
468.753 386.175 0.564 3389
468.673 386.295 0.564 3389
468.593 386.414 0.564 3405
468.513 386.534 0.564 3405
468.432 386.693 0.564 3421
468.352 386.812 0.565 3421
468.272 386.932 0.565 3421
468.192 387.091 0.566 3438
468.112 387.171 0.566 3454
468.032 387.290 0.566 3454
467.952 387.370 0.567 3454
467.912 387.489 0.567 3470
467.831 387.569 0.567 3470
467.751 387.688 0.567 3470
467.711 387.808 0.568 3486
467.631 387.887 0.568 3502
467.551 388.007 0.568 3502
467.471 388.126 0.567 3502
467.351 388.206 0.568 3518
467.270 388.325 0.568 3518
467.190 388.484 0.568 3534
467.110 388.604 0.569 3534
466.990 388.683 0.570 3551
466.910 388.803 0.571 3551
466.830 388.882 0.571 3567
466.750 389.002 0.572 3567
466.669 389.081 0.572 3567
466.589 389.161 0.572 3583
466.509 389.241 0.573 3583
466.429 389.320 0.573 3583
466.349 389.400 0.574 3599
466.269 389.519 0.574 3615
466.149 389.599 0.575 3615
466.068 389.679 0.575 3615
465.948 389.758 0.576 3631
465.868 389.838 0.576 3647
465.748 389.957 0.576 3647
465.708 390.037 0.576 3647
465.628 390.156 0.577 3664
465.548 390.236 0.577 3664
465.467 390.355 0.577 3664
465.387 390.435 0.577 3680
465.307 390.515 0.578 3696
465.267 390.634 0.578 3696
465.187 390.714 0.579 3696
465.147 390.873 0.579 3713
465.067 390.992 0.579 3713
464.947 391.072 0.580 3729
464.866 391.191 0.580 3729
464.786 391.311 0.580 3729
464.666 391.430 0.581 3745
464.506 391.550 0.581 3745
464.426 391.629 0.581 3761
464.306 391.709 0.581 3761
464.225 391.828 0.582 3777
464.105 391.908 0.581 3777
464.025 391.987 0.582 3777
463.945 392.027 0.582 3793
463.865 392.107 0.583 3810
463.785 392.186 0.583 3810
463.704 392.226 0.584 3810
463.624 392.306 0.584 3826
463.544 392.385 0.584 3826
463.464 392.465 0.584 3826
463.384 392.585 0.585 3842
463.304 392.664 0.585 3858
463.224 392.744 0.585 3858
463.103 392.823 0.585 3858
463.023 392.903 0.585 3874
462.943 392.983 0.585 3890
462.903 393.022 0.585 3890
462.823 393.062 0.585 3890
462.783 393.102 0.586 3906
462.743 393.182 0.587 3906
462.703 393.301 0.587 3906
462.623 393.341 0.588 3923
462.543 393.381 0.591 3923
462.462 393.381 0.592 3939
462.382 393.421 0.594 3939
462.302 393.500 0.594 3955
462.182 393.540 0.594 3955
462.062 393.620 0.595 3971
461.982 393.659 0.595 3971
461.901 393.739 0.595 3971
461.781 393.779 0.595 3987
461.701 393.819 0.595 4003
461.581 393.898 0.595 4003
461.541 393.898 0.596 4003
461.461 393.898 0.595 4020
461.381 393.938 0.596 4020
461.301 393.938 0.597 4020
461.220 393.938 0.597 4036
461.100 393.938 0.597 4036
460.980 393.978 0.598 4052
460.860 393.978 0.598 4052
460.699 393.978 0.599 4068
460.579 394.018 0.599 4068
460.459 394.058 0.600 4084
460.379 394.097 0.600 4084
460.259 394.137 0.600 4084
460.179 394.177 0.600 4100
460.099 394.257 0.600 4100
460.018 394.296 0.601 4100
459.978 394.336 0.600 4116
459.898 394.376 0.601 4133
459.818 394.416 0.601 4133
459.738 394.416 0.601 4133
459.658 394.456 0.601 4149
459.538 394.495 0.602 4165
459.457 394.535 0.602 4165
459.337 394.575 0.603 4165
459.257 394.615 0.603 4181
459.137 394.655 0.603 4197
459.017 394.694 0.603 4197
458.937 394.774 0.603 4197
458.816 394.814 0.604 4213
458.696 394.854 0.604 4213
458.616 394.893 0.604 4213
458.496 394.893 0.605 4229
458.376 394.933 0.605 4229
458.295 394.933 0.605 4246
458.135 394.933 0.607 4246
458.055 394.933 0.608 4246
457.975 394.933 0.610 4262
457.895 394.933 0.611 4278
457.815 394.933 0.612 4278
457.735 394.933 0.614 4278
457.654 394.933 0.616 4294
457.574 394.933 0.617 4294
457.454 394.933 0.618 4294
457.334 394.973 0.619 4310
457.214 394.973 0.619 4327
457.134 395.013 0.620 4327
457.013 395.013 0.620 4327
456.893 395.013 0.620 4343
456.813 395.013 0.621 4343
456.733 394.973 0.622 4359
456.653 394.973 0.623 4359
456.573 394.973 0.625 4375
456.492 394.933 0.627 4375
456.452 394.933 0.629 4391
456.372 394.893 0.630 4391
456.292 394.893 0.630 4391
456.212 394.854 0.631 4407
456.132 394.854 0.632 4407
456.052 394.814 0.632 4424
455.932 394.774 0.633 4424
455.851 394.774 0.634 4440
455.731 394.734 0.635 4440
455.651 394.734 0.635 4440
455.531 394.694 0.635 4456
455.411 394.694 0.636 4472
455.331 394.655 0.636 4472
455.210 394.655 0.636 4472
455.090 394.615 0.637 4488
454.970 394.575 0.638 4488
454.850 394.495 0.639 4488
454.730 394.456 0.641 4505
454.649 394.416 0.642 4521
454.489 394.416 0.643 4521
454.369 394.376 0.644 4521
454.289 394.376 0.645 4537
454.169 394.376 0.645 4553
454.048 394.376 0.647 4553
453.968 394.416 0.647 4553
453.888 394.416 0.647 4569
453.808 394.416 0.647 4569
453.728 394.416 0.647 4569
453.648 394.376 0.648 4586
453.568 394.376 0.648 4586
453.528 394.336 0.649 4602
453.447 394.296 0.651 4602
453.367 394.257 0.653 4602
453.287 394.217 0.655 4618
453.207 394.177 0.658 4634
453.167 394.097 0.659 4634
453.087 394.058 0.661 4634
453.007 394.018 0.662 4650
452.927 394.018 0.662 4650
452.846 393.978 0.662 4650
452.766 393.978 0.663 4666
452.686 393.938 0.663 4683
452.566 393.938 0.663 4683
452.486 393.898 0.663 4683
452.406 393.819 0.663 4699
452.326 393.779 0.664 4715
452.245 393.699 0.664 4715
452.205 393.620 0.665 4715
452.125 393.580 0.666 4731
452.045 393.500 0.666 4731
451.965 393.460 0.667 4747
451.885 393.381 0.668 4747
451.805 393.341 0.668 4747
451.765 393.301 0.668 4763
451.684 393.261 0.669 4763
451.564 393.182 0.669 4780
451.524 393.142 0.669 4780
451.444 393.102 0.669 4796
451.324 393.022 0.669 4796
451.244 392.983 0.669 4796
451.204 392.903 0.669 4812
451.124 392.823 0.669 4828
451.043 392.704 0.669 4828
450.963 392.624 0.670 4828
450.883 392.545 0.670 4844
450.803 392.465 0.671 4844
450.723 392.385 0.671 4844
450.683 392.346 0.671 4860
450.603 392.266 0.672 4877
450.523 392.186 0.671 4877
450.482 392.147 0.672 4877
450.402 392.067 0.672 4893
450.282 392.027 0.672 4909
450.242 391.948 0.672 4909
450.162 391.908 0.672 4909
450.122 391.868 0.672 4925
450.042 391.788 0.672 4925
450.002 391.709 0.672 4925
449.922 391.669 0.672 4941
449.881 391.629 0.672 4941
449.801 391.550 0.672 4957
449.761 391.510 0.672 4957
449.721 391.430 0.673 4974
449.681 391.390 0.672 4974
449.641 391.311 0.673 4990
449.561 391.231 0.673 4990
449.521 391.191 0.672 4990
449.481 391.112 0.672 5006
449.441 391.032 0.672 5006
449.401 390.952 0.671 5022
449.361 390.833 0.671 5022
449.321 390.753 0.672 5038
449.240 390.674 0.672 5038
449.200 390.594 0.672 5038
449.120 390.515 0.672 5054
449.040 390.435 0.672 5071
449.000 390.355 0.673 5071
448.920 390.276 0.672 5071
448.840 390.196 0.673 5087
448.800 390.117 0.673 5087
448.760 390.037 0.673 5087
448.720 389.957 0.673 5103
448.679 389.917 0.673 5120
448.639 389.838 0.672 5120
448.599 389.798 0.672 5120
448.559 389.718 0.672 5136
448.519 389.639 0.672 5136
448.479 389.559 0.672 5152
448.439 389.440 0.671 5152
448.399 389.360 0.671 5168
448.319 389.280 0.672 5168
448.279 389.201 0.672 5168
448.239 389.161 0.672 5184
448.199 389.081 0.672 5184
448.159 389.042 0.672 5201
448.159 388.962 0.672 5201
448.119 388.922 0.672 5201
448.078 388.843 0.671 5217
448.078 388.803 0.672 5233
448.038 388.723 0.672 5233
448.038 388.683 0.671 5233
447.998 388.604 0.672 5249
447.998 388.484 0.672 5249
447.958 388.445 0.671 5249
447.958 388.365 0.672 5265
447.918 388.285 0.672 5282
447.878 388.206 0.671 5282
447.798 388.166 0.672 5282
447.798 388.086 0.672 5298
447.718 388.007 0.672 5314
447.678 387.927 0.672 5314
447.638 387.847 0.672 5314
447.598 387.768 0.672 5330
447.558 387.688 0.672 5330
447.518 387.569 0.672 5330
447.477 387.489 0.672 5346
447.437 387.409 0.672 5346
447.397 387.290 0.672 5363
447.357 387.171 0.672 5363
447.317 387.091 0.672 5379
447.277 386.972 0.671 5379
447.237 386.852 0.672 5395
447.197 386.733 0.671 5395
447.197 386.613 0.671 5395
447.157 386.613 0.670 5411
447.117 386.454 0.670 5411
447.077 386.335 0.670 5411
447.077 386.136 0.670 5427
447.037 385.976 0.669 5443
447.037 385.777 0.667 5443
447.037 385.539 0.662 5443
447.037 385.300 0.653 5460
447.037 384.981 0.642 5476
447.037 384.543 0.624 5476
447.077 384.026 0.587 5476
447.317 383.349 0.525 5492
447.598 382.553 0.413 5492
447.958 381.558 0.211 5508

% x_coordinate y_coordinate pressure time
% shape 1, 1279 points
463.504 337.848 0.056 0
463.544 337.808 0.110 16
463.544 337.808 0.150 16
463.544 337.768 0.182 17
463.544 337.768 0.206 32
463.544 337.768 0.227 32
463.544 337.768 0.246 33
463.544 337.729 0.262 48
463.504 337.729 0.277 64
463.464 337.729 0.293 64
463.464 337.729 0.310 65
463.464 337.689 0.325 80
463.464 337.649 0.338 96
463.464 337.609 0.349 96
463.464 337.569 0.360 97
463.464 337.490 0.368 112
463.464 337.410 0.372 112
463.464 337.291 0.377 113
463.464 337.211 0.382 128
463.464 337.092 0.387 144
463.464 337.012 0.393 144
463.504 336.853 0.400 145
463.504 336.773 0.405 160
463.544 336.654 0.409 160
463.544 336.574 0.412 176
463.584 336.455 0.414 177
463.624 336.335 0.417 178
463.664 336.296 0.421 193
463.745 336.176 0.424 193
463.785 336.017 0.427 209
463.905 335.858 0.429 209
463.985 335.698 0.431 225
464.065 335.499 0.434 225
464.185 335.340 0.436 225
464.306 335.181 0.437 241
464.426 335.022 0.439 258
464.546 334.902 0.439 258
464.706 334.743 0.440 258
464.826 334.624 0.440 274
464.947 334.464 0.440 274
465.067 334.345 0.440 274
465.227 334.186 0.440 290
465.347 334.027 0.440 306
465.508 333.907 0.441 306
465.668 333.748 0.441 306
465.828 333.589 0.441 322
465.988 333.429 0.443 338
466.189 333.270 0.444 338
466.309 333.151 0.445 338
466.469 333.031 0.446 354
466.629 332.912 0.447 354
466.750 332.753 0.448 354
466.870 332.633 0.449 370
466.990 332.514 0.450 370
467.110 332.355 0.453 386
467.230 332.156 0.454 386
467.311 331.996 0.455 403
467.431 331.837 0.456 403
467.551 331.678 0.457 419
467.751 331.519 0.457 419
467.871 331.359 0.457 419
467.992 331.200 0.458 435
468.152 331.041 0.458 435
468.272 330.882 0.459 451
468.432 330.722 0.460 451
468.593 330.563 0.463 467
468.753 330.404 0.466 467
468.913 330.285 0.469 467
469.073 330.165 0.471 483
469.234 330.046 0.474 500
469.394 329.926 0.475 500
469.554 329.767 0.476 500
469.715 329.687 0.477 516
469.875 329.568 0.477 516
470.035 329.488 0.477 516
470.195 329.369 0.478 532
470.356 329.289 0.478 548
470.476 329.170 0.478 548
470.636 329.090 0.478 548
470.836 329.011 0.478 564
470.957 328.891 0.478 580
471.077 328.812 0.479 580
471.237 328.732 0.479 580
471.357 328.652 0.480 596
471.518 328.613 0.481 596
471.678 328.533 0.481 596
471.838 328.453 0.482 613
472.038 328.414 0.482 613
472.199 328.334 0.482 629
472.359 328.294 0.482 629
472.559 328.214 0.482 645
472.720 328.175 0.482 645
472.920 328.095 0.482 661
473.080 328.055 0.482 661
473.240 328.015 0.483 661
473.401 327.976 0.482 677
473.561 327.936 0.483 677
473.681 327.896 0.483 677
473.881 327.896 0.483 693
474.042 327.816 0.483 709
474.202 327.777 0.483 709
474.362 327.737 0.483 709
474.563 327.697 0.484 726
474.723 327.697 0.483 742
474.883 327.617 0.484 742
475.043 327.617 0.484 742
475.204 327.538 0.484 758
475.364 327.458 0.484 758
475.524 327.418 0.485 758
475.685 327.379 0.486 774
475.845 327.339 0.487 790
476.005 327.299 0.489 790
476.165 327.259 0.491 790
476.285 327.219 0.494 806
476.446 327.180 0.495 806
476.566 327.180 0.496 823
476.726 327.140 0.497 823
476.846 327.140 0.498 839
476.967 327.100 0.498 839
477.087 327.100 0.498 839
477.207 326.980 0.498 855
477.367 326.980 0.498 855
477.487 326.980 0.499 871
477.608 326.980 0.498 871
477.728 326.980 0.499 887
477.848 326.980 0.499 887
477.968 327.020 0.499 903
478.089 327.020 0.499 903
478.209 327.020 0.500 903
478.369 327.020 0.500 919
478.489 327.020 0.500 935
478.609 327.020 0.500 935
478.770 327.020 0.500 935
478.890 326.980 0.500 952
479.050 326.980 0.501 952
479.170 326.941 0.501 952
479.331 326.941 0.501 968
479.451 326.941 0.501 984
479.571 326.941 0.502 984
479.691 326.941 0.502 984
479.811 326.941 0.502 1000
479.932 326.980 0.502 1000
480.052 326.980 0.502 1016
480.212 326.980 0.502 1016
480.332 326.941 0.502 1016
480.492 326.941 0.502 1032
480.653 326.901 0.503 1032
480.813 326.861 0.503 1048
481.013 326.821 0.504 1048
481.174 326.821 0.505 1064
481.334 326.781 0.506 1064
481.454 326.781 0.506 1064
481.574 326.781 0.507 1081
481.694 326.781 0.508 1097
481.815 326.781 0.508 1097
481.935 326.781 0.508 1097
482.055 326.781 0.508 1113
482.175 326.781 0.508 1113
482.336 326.742 0.509 1113
482.496 326.742 0.509 1129
482.656 326.702 0.509 1146
482.816 326.662 0.509 1146
482.977 326.622 0.510 1146
483.137 326.582 0.510 1162
483.297 326.543 0.512 1178
483.417 326.503 0.512 1178
483.578 326.503 0.512 1178
483.658 326.503 0.514 1194
483.818 326.503 0.513 1194
483.938 326.503 0.514 1194
484.058 326.503 0.514 1210
484.219 326.503 0.514 1210
484.379 326.503 0.515 1226
484.539 326.503 0.515 1226
484.659 326.503 0.514 1243
484.820 326.503 0.515 1243
484.940 326.463 0.516 1259
485.100 326.463 0.516 1259
485.220 326.423 0.516 1259
485.381 326.423 0.516 1275
485.501 326.423 0.517 1275
485.661 326.423 0.517 1275
485.821 326.423 0.517 1291
485.942 326.423 0.518 1307
486.062 326.463 0.518 1307
486.222 326.463 0.518 1307
486.382 326.503 0.519 1323
486.543 326.503 0.519 1340
486.703 326.503 0.519 1340
486.903 326.503 0.519 1340
487.063 326.463 0.519 1356
487.224 326.423 0.520 1356
487.384 326.383 0.520 1356
487.544 326.383 0.522 1372
487.705 326.344 0.523 1388
487.785 326.344 0.525 1388
487.945 326.344 0.527 1388
488.065 326.344 0.528 1404
488.145 326.344 0.529 1404
488.265 326.383 0.529 1420
488.346 326.423 0.530 1420
488.466 326.463 0.530 1436
488.586 326.503 0.530 1436
488.706 326.503 0.531 1453
488.826 326.543 0.530 1453
488.947 326.543 0.531 1453
489.067 326.503 0.531 1469
489.187 326.503 0.532 1469
489.347 326.463 0.532 1469
489.427 326.463 0.533 1485
489.548 326.463 0.534 1501
489.668 326.423 0.535 1501
489.788 326.423 0.537 1501
489.868 326.423 0.538 1517
489.948 326.423 0.538 1534
490.028 326.423 0.539 1534
490.109 326.463 0.538 1534
490.229 326.463 0.539 1550
490.309 326.463 0.540 1550
490.429 326.503 0.539 1550
490.549 326.503 0.540 1566
490.669 326.503 0.540 1582
490.790 326.503 0.540 1582
490.910 326.503 0.540 1582
491.030 326.503 0.540 1598
491.110 326.463 0.541 1598
491.230 326.463 0.542 1614
491.310 326.463 0.541 1614
491.431 326.503 0.541 1614
491.551 326.503 0.542 1630
491.671 326.503 0.541 1630
491.751 326.503 0.542 1630
491.871 326.503 0.543 1646
491.992 326.543 0.543 1663
492.112 326.543 0.542 1663
492.232 326.543 0.543 1663
492.352 326.543 0.543 1679
492.432 326.582 0.543 1695
492.553 326.582 0.543 1695
492.673 326.582 0.543 1695
492.793 326.582 0.543 1711
492.913 326.582 0.543 1711
493.033 326.582 0.543 1711
493.154 326.582 0.544 1727
493.234 326.582 0.544 1743
493.354 326.622 0.545 1743
493.474 326.622 0.546 1743
493.594 326.622 0.546 1760
493.674 326.662 0.546 1760
493.795 326.662 0.547 1776
493.915 326.702 0.547 1776
493.995 326.702 0.547 1792
494.115 326.742 0.548 1792
494.235 326.742 0.548 1792
494.356 326.742 0.549 1808
494.476 326.781 0.549 1808
494.596 326.781 0.549 1824
494.716 326.781 0.550 1824
494.836 326.742 0.551 1824
494.957 326.742 0.552 1840
495.077 326.781 0.554 1857
495.197 326.781 0.555 1857
495.317 326.781 0.556 1857
495.397 326.821 0.557 1873
495.477 326.861 0.557 1873
495.598 326.901 0.557 1873
495.678 326.901 0.558 1889
495.798 326.941 0.558 1905
495.918 326.980 0.558 1905
495.998 327.020 0.558 1905
496.119 327.060 0.559 1922
496.199 327.100 0.559 1938
496.319 327.140 0.559 1938
496.399 327.180 0.559 1938
496.519 327.180 0.559 1954
496.599 327.219 0.559 1954
496.720 327.299 0.559 1970
496.800 327.339 0.559 1970
496.920 327.379 0.559 1970
497.040 327.418 0.559 1986
497.120 327.458 0.559 1986
497.240 327.538 0.559 2002
497.361 327.578 0.559 2002
497.481 327.657 0.559 2018
497.601 327.697 0.559 2018
497.721 327.777 0.559 2018
497.841 327.816 0.560 2035
497.962 327.896 0.560 2051
498.122 327.936 0.560 2051
498.242 327.976 0.560 2051
498.362 328.015 0.559 2067
498.482 328.095 0.560 2067
498.643 328.135 0.560 2067
498.763 328.214 0.560 2083
498.883 328.254 0.560 2099
499.003 328.334 0.560 2099
499.204 328.374 0.560 2099
499.324 328.453 0.560 2116
499.484 328.493 0.560 2116
499.604 328.573 0.560 2132
499.765 328.613 0.560 2132
499.925 328.692 0.561 2148
500.045 328.732 0.561 2148
500.205 328.812 0.561 2148
500.326 328.891 0.561 2164
500.486 328.971 0.561 2164
500.606 329.011 0.561 2180
500.766 329.090 0.561 2180
500.887 329.170 0.561 2180
501.047 329.250 0.561 2196
501.167 329.329 0.562 2213
501.287 329.369 0.562 2213
501.407 329.449 0.562 2213
501.528 329.528 0.562 2229
501.648 329.687 0.562 2229
501.768 329.767 0.562 2229
501.888 329.847 0.563 2245
502.008 329.926 0.563 2261
502.088 330.006 0.564 2261
502.249 330.125 0.564 2261
502.329 330.205 0.564 2277
502.449 330.285 0.564 2293
502.569 330.364 0.564 2293
502.730 330.484 0.564 2293
502.850 330.563 0.564 2310
503.010 330.643 0.564 2310
503.130 330.722 0.564 2310
503.250 330.802 0.565 2326
503.451 330.882 0.565 2342
503.571 330.961 0.565 2342
503.651 331.041 0.565 2342
503.771 331.160 0.565 2358
503.891 331.240 0.566 2358
503.972 331.359 0.566 2374
504.092 331.439 0.567 2374
504.212 331.519 0.567 2390
504.332 331.638 0.567 2390
504.452 331.718 0.567 2390
504.573 331.797 0.568 2406
504.693 331.917 0.569 2406
504.853 331.996 0.569 2423
504.973 332.076 0.570 2423
505.093 332.156 0.570 2423
505.254 332.275 0.570 2439
505.374 332.355 0.571 2455
505.494 332.474 0.571 2455
505.614 332.593 0.572 2455
505.735 332.713 0.572 2471
505.855 332.713 0.573 2471
505.935 332.832 0.574 2471
506.055 332.952 0.574 2487
506.215 333.071 0.575 2503
506.295 333.191 0.575 2503
506.416 333.310 0.576 2503
506.536 333.429 0.576 2519
506.656 333.509 0.577 2519
506.776 333.628 0.577 2535
506.856 333.708 0.577 2535
506.977 333.828 0.578 2552
507.057 333.947 0.578 2552
507.177 334.066 0.579 2552
507.257 334.226 0.580 2568
507.337 334.345 0.581 2568
507.417 334.504 0.583 2584
507.497 334.624 0.584 2584
507.578 334.783 0.584 2600
507.698 334.902 0.585 2600
507.778 335.022 0.585 2616
507.858 335.181 0.586 2616
507.938 335.300 0.586 2616
508.099 335.420 0.586 2632
508.179 335.579 0.586 2632
508.259 335.698 0.587 2632
508.379 335.818 0.587 2649
508.459 335.977 0.587 2665
508.539 336.136 0.587 2665
508.579 336.256 0.587 2665
508.659 336.415 0.587 2681
508.740 336.614 0.587 2697
508.820 336.734 0.588 2697
508.860 336.893 0.588 2697
508.940 337.012 0.589 2714
509.020 337.171 0.589 2714
509.060 337.331 0.589 2714
509.140 337.490 0.589 2730
509.180 337.649 0.590 2746
509.220 337.808 0.591 2746
509.300 337.968 0.591 2746
509.381 338.127 0.591 2762
509.421 338.246 0.591 2762
509.501 338.366 0.591 2778
509.541 338.445 0.592 2778
509.581 338.565 0.592 2778
509.661 338.684 0.592 2794
509.701 338.804 0.592 2794
509.781 338.923 0.592 2811
509.821 339.042 0.592 2811
509.901 339.162 0.592 2827
509.982 339.281 0.593 2827
509.982 339.440 0.592 2827
510.022 339.560 0.593 2843
510.102 339.719 0.593 2859
510.142 339.839 0.593 2859
510.182 339.998 0.593 2859
510.222 340.117 0.593 2875
510.262 340.237 0.593 2875
510.302 340.356 0.594 2875
510.342 340.476 0.593 2891
510.382 340.595 0.594 2907
510.422 340.675 0.594 2907
510.462 340.794 0.594 2907
510.503 340.874 0.594 2923
510.543 340.993 0.594 2939
510.543 341.073 0.594 2939
510.583 341.232 0.594 2939
510.583 341.311 0.594 2955
510.623 341.431 0.594 2955
510.623 341.550 0.594 2972
510.623 341.670 0.594 2972
510.663 341.789 0.594 2973
510.663 341.909 0.595 2988
510.703 341.988 0.595 2988
510.703 342.108 0.595 3004
510.703 342.227 0.595 3004
510.743 342.307 0.595 3020
510.743 342.426 0.595 3020
510.783 342.545 0.595 3020
510.823 342.625 0.595 3036
510.823 342.745 0.595 3052
510.823 342.864 0.595 3052
510.823 342.983 0.595 3052
510.823 343.143 0.596 3068
510.823 343.262 0.596 3068
510.823 343.381 0.596 3068
510.823 343.541 0.597 3084
510.823 343.700 0.597 3100
510.823 343.819 0.597 3100
510.823 343.939 0.597 3100
510.823 344.058 0.597 3116
510.823 344.138 0.597 3132
510.823 344.257 0.597 3132
510.823 344.377 0.597 3132
510.823 344.496 0.597 3148
510.783 344.616 0.597 3148
510.743 344.775 0.597 3148
510.703 344.894 0.597 3164
510.703 345.053 0.598 3164
510.663 345.213 0.597 3180
510.583 345.332 0.598 3180
510.583 345.452 0.598 3196
510.543 345.611 0.598 3196
510.503 345.730 0.598 3212
510.462 345.889 0.598 3212
510.422 346.009 0.598 3212
510.422 346.128 0.598 3228
510.382 346.287 0.598 3228
510.342 346.407 0.599 3228
510.302 346.526 0.599 3245
510.302 346.686 0.598 3261
510.262 346.845 0.599 3261
510.222 346.964 0.599 3261
510.182 347.123 0.598 3277
510.142 347.283 0.599 3293
510.062 347.442 0.599 3293
510.022 347.561 0.599 3293
509.942 347.721 0.599 3309
509.901 347.880 0.599 3309
509.861 348.039 0.599 3325
509.781 348.198 0.599 3325
509.701 348.358 0.599 3341
509.621 348.517 0.600 3341
509.581 348.676 0.600 3341
509.501 348.835 0.600 3357
509.421 348.955 0.600 3357
509.381 349.114 0.600 3373
509.300 349.273 0.600 3373
509.260 349.432 0.600 3373
509.180 349.592 0.600 3389
509.100 349.711 0.600 3405
509.020 349.870 0.600 3405
508.980 350.029 0.600 3406
508.900 350.189 0.600 3421
508.820 350.308 0.600 3421
508.780 350.428 0.600 3421
508.700 350.587 0.600 3437
508.619 350.706 0.600 3453
508.539 350.826 0.600 3453
508.419 350.945 0.600 3453
508.339 351.064 0.601 3469
508.259 351.184 0.600 3485
508.179 351.343 0.600 3485
508.099 351.463 0.601 3485
507.978 351.622 0.600 3501
507.898 351.741 0.601 3501
507.818 351.901 0.601 3518
507.778 352.020 0.601 3518
507.698 352.179 0.601 3518
507.618 352.299 0.601 3534
507.578 352.418 0.601 3534
507.497 352.537 0.601 3550
507.417 352.657 0.601 3550
507.377 352.736 0.601 3566
507.297 352.896 0.601 3566
507.217 352.975 0.601 3566
507.137 353.095 0.601 3582
507.097 353.214 0.601 3598
506.977 353.294 0.601 3598
506.896 353.413 0.601 3598
506.816 353.493 0.601 3614
506.696 353.572 0.601 3631
506.616 353.692 0.601 3631
506.496 353.771 0.601 3631
506.416 353.891 0.601 3647
506.336 354.010 0.601 3647
506.255 354.170 0.601 3647
506.135 354.289 0.601 3663
506.055 354.448 0.601 3663
505.935 354.568 0.601 3679
505.855 354.727 0.601 3679
505.735 354.846 0.601 3695
505.654 354.966 0.601 3695
505.574 355.085 0.601 3711
505.494 355.205 0.601 3711
505.374 355.324 0.601 3711
505.294 355.443 0.601 3727
505.214 355.563 0.601 3727
505.093 355.722 0.601 3727
505.013 355.802 0.601 3743
504.933 355.921 0.601 3760
504.853 356.041 0.601 3760
504.733 356.160 0.601 3760
504.653 356.240 0.601 3776
504.533 356.359 0.601 3792
504.452 356.439 0.602 3792
504.372 356.558 0.601 3792
504.252 356.638 0.602 3808
504.132 356.757 0.601 3808
504.012 356.877 0.601 3808
503.891 356.956 0.601 3824
503.771 357.076 0.602 3824
503.691 357.195 0.601 3840
503.571 357.314 0.602 3840
503.451 357.394 0.602 3857
503.331 357.553 0.601 3857
503.210 357.633 0.602 3873
503.090 357.713 0.601 3873
502.930 357.832 0.602 3873
502.810 357.912 0.602 3889
502.730 357.991 0.602 3889
502.569 358.071 0.602 3889
502.449 358.150 0.602 3905
502.289 358.230 0.601 3921
502.169 358.310 0.602 3921
502.008 358.389 0.602 3921
501.848 358.429 0.602 3938
501.688 358.509 0.602 3954
501.528 358.588 0.602 3954
501.407 358.628 0.602 3954
501.247 358.708 0.602 3970
501.087 358.787 0.602 3970
500.927 358.827 0.602 3970
500.766 358.907 0.602 3986
500.606 358.947 0.602 4002
500.406 359.026 0.602 4002
500.245 359.106 0.602 4002
500.045 359.225 0.602 4019
499.885 359.305 0.602 4019
499.644 359.424 0.602 4035
499.484 359.504 0.602 4035
499.284 359.583 0.602 4035
499.083 359.703 0.602 4051
498.923 359.743 0.602 4067
498.723 359.822 0.602 4067
498.563 359.982 0.602 4067
498.322 360.021 0.602 4083
498.162 360.141 0.602 4083
497.962 360.220 0.602 4083
497.761 360.300 0.602 4099
497.561 360.380 0.603 4115
497.321 360.499 0.602 4115
497.120 360.579 0.602 4115
496.960 360.658 0.602 4132
496.760 360.778 0.602 4148
496.519 360.857 0.602 4148
496.359 360.937 0.602 4148
496.159 361.017 0.602 4164
495.998 361.056 0.603 4164
495.798 361.136 0.602 4164
495.678 361.176 0.602 4180
495.477 361.216 0.603 4180
495.317 361.295 0.602 4196
495.197 361.335 0.603 4196
495.037 361.375 0.603 4213
494.876 361.454 0.603 4213
494.676 361.494 0.603 4229
494.556 361.574 0.603 4229
494.356 361.654 0.602 4229
494.235 361.693 0.602 4245
494.075 361.733 0.603 4245
493.915 361.813 0.603 4245
493.795 361.853 0.603 4261
493.674 361.892 0.603 4277
493.514 361.932 0.603 4277
493.394 362.012 0.603 4277
493.194 362.052 0.603 4293
493.033 362.131 0.603 4310
492.913 362.171 0.603 4310
492.753 362.211 0.603 4310
492.633 362.330 0.603 4326
492.513 362.370 0.603 4326
492.392 362.410 0.603 4326
492.232 362.450 0.603 4342
492.112 362.490 0.603 4358
491.992 362.529 0.603 4358
491.831 362.609 0.603 4358
491.711 362.649 0.603 4374
491.591 362.689 0.603 4374
491.471 362.728 0.603 4390
491.351 362.728 0.603 4390
491.230 362.768 0.603 4390
491.070 362.888 0.603 4407
490.950 362.927 0.603 4423
490.830 362.967 0.603 4423
490.669 362.967 0.603 4423
490.509 363.007 0.603 4439
490.389 363.047 0.603 4439
490.269 363.126 0.603 4439
490.149 363.166 0.603 4455
489.948 363.206 0.604 4471
489.828 363.246 0.603 4471
489.668 363.286 0.603 4471
489.548 363.326 0.603 4487
489.387 363.365 0.603 4487
489.227 363.405 0.604 4504
489.067 363.485 0.604 4504
488.906 363.525 0.603 4520
488.786 363.564 0.603 4520
488.666 363.604 0.603 4520
488.506 363.644 0.603 4536
488.386 363.684 0.604 4536
488.265 363.724 0.604 4552
488.145 363.763 0.603 4552
488.065 363.763 0.604 4552
487.945 363.803 0.603 4568
487.825 363.843 0.604 4584
487.705 363.883 0.603 4584
487.584 363.923 0.604 4584
487.464 363.962 0.604 4601
487.344 364.042 0.604 4601
487.184 364.082 0.604 4601
487.023 364.161 0.604 4617
486.903 364.201 0.604 4633
486.743 364.241 0.604 4633
486.543 364.281 0.604 4633
486.382 364.321 0.604 4649
486.222 364.360 0.604 4665
486.062 364.360 0.604 4665
485.861 364.360 0.605 4665
485.661 364.360 0.605 4682
485.461 364.400 0.605 4682
485.260 364.400 0.605 4682
485.100 364.400 0.605 4698
484.900 364.440 0.605 4714
484.740 364.440 0.605 4714
484.539 364.440 0.605 4714
484.379 364.440 0.606 4730
484.219 364.440 0.606 4730
484.018 364.440 0.606 4746
483.858 364.440 0.607 4746
483.658 364.440 0.606 4746
483.497 364.400 0.607 4763
483.337 364.400 0.608 4763
483.177 364.400 0.608 4779
482.937 364.360 0.608 4779
482.736 364.360 0.608 4795
482.536 364.321 0.609 4795
482.376 364.281 0.609 4795
482.175 364.241 0.610 4811
481.975 364.201 0.609 4827
481.775 364.201 0.610 4827
481.574 364.161 0.610 4827
481.414 364.161 0.610 4843
481.214 364.122 0.610 4843
481.013 364.122 0.610 4843
480.813 364.122 0.610 4860
480.573 364.122 0.610 4876
480.332 364.082 0.610 4876
480.092 364.082 0.611 4876
479.851 364.042 0.611 4892
479.651 364.002 0.611 4908
479.411 364.002 0.611 4908
479.170 363.962 0.612 4908
478.970 363.923 0.612 4924
478.770 363.883 0.613 4924
478.609 363.843 0.613 4924
478.409 363.803 0.614 4940
478.209 363.724 0.615 4940
478.008 363.684 0.616 4956
477.808 363.604 0.616 4956
477.608 363.564 0.617 4973
477.407 363.485 0.617 4973
477.207 363.445 0.617 4989
477.047 363.365 0.617 4989
476.886 363.326 0.617 4989
476.726 363.246 0.618 5005
476.566 363.206 0.618 5005
476.406 363.126 0.618 5005
476.245 363.047 0.619 5021
476.125 363.007 0.619 5037
475.965 362.927 0.619 5037
475.845 362.888 0.620 5037
475.725 362.808 0.621 5053
475.604 362.728 0.622 5070
475.484 362.649 0.623 5070
475.324 362.569 0.622 5070
475.204 362.490 0.623 5086
475.083 362.370 0.623 5086
474.963 362.290 0.623 5086
474.843 362.171 0.623 5102
474.723 362.052 0.624 5118
474.603 362.052 0.624 5118
474.482 361.932 0.624 5118
474.322 361.813 0.624 5134
474.202 361.693 0.624 5134
474.082 361.574 0.624 5150
473.962 361.454 0.625 5150
473.881 361.335 0.625 5167
473.761 361.216 0.625 5167
473.681 361.096 0.625 5167
473.641 360.977 0.626 5183
473.561 360.897 0.626 5183
473.521 360.778 0.626 5199
473.441 360.658 0.626 5199
473.401 360.539 0.626 5199
473.361 360.419 0.626 5215
473.321 360.340 0.626 5231
473.321 360.220 0.626 5231
473.321 360.061 0.626 5231
473.321 359.942 0.626 5248
473.321 359.822 0.626 5248
473.321 359.703 0.625 5248
473.321 359.583 0.625 5264
473.321 359.464 0.625 5280
473.321 359.384 0.624 5280
473.401 359.265 0.624 5280
473.481 359.185 0.624 5296
473.561 359.066 0.624 5312
473.681 358.986 0.624 5312
473.801 358.907 0.624 5312
473.922 358.827 0.624 5328
474.042 358.748 0.624 5328
474.162 358.708 0.624 5328
474.322 358.628 0.624 5344
474.482 358.588 0.624 5344
474.643 358.548 0.623 5361
474.843 358.509 0.624 5361
475.043 358.469 0.623 5377
475.244 358.429 0.623 5377
475.444 358.389 0.623 5393
475.685 358.389 0.623 5393
475.885 358.270 0.623 5393
476.085 358.230 0.623 5409
476.326 358.230 0.623 5409
476.566 358.190 0.623 5425
476.806 358.190 0.623 5425
477.007 358.150 0.623 5441
477.207 358.150 0.623 5441
477.407 358.150 0.623 5441
477.608 358.150 0.622 5457
477.808 358.190 0.623 5474
478.048 358.230 0.622 5474
478.289 358.270 0.622 5474
478.529 358.349 0.622 5490
478.770 358.389 0.622 5490
478.970 358.469 0.622 5506
479.210 358.509 0.622 5506
479.491 358.588 0.622 5522
479.771 358.668 0.622 5522
480.052 358.748 0.622 5522
480.332 358.827 0.622 5538
480.613 358.867 0.622 5538
480.893 358.947 0.622 5554
481.174 359.026 0.622 5554
481.414 359.066 0.622 5554
481.654 359.146 0.622 5571
481.935 359.225 0.622 5587
482.175 359.305 0.622 5587
482.416 359.345 0.622 5587
482.616 359.424 0.622 5603
482.897 359.504 0.622 5603
483.137 359.544 0.622 5603
483.417 359.623 0.622 5619
483.698 359.663 0.622 5635
483.978 359.743 0.622 5635
484.259 359.783 0.622 5635
484.499 359.822 0.623 5651
484.740 359.862 0.623 5668
484.980 359.942 0.622 5668
485.220 359.982 0.623 5668
485.461 360.061 0.623 5684
485.741 360.101 0.623 5684
485.982 360.141 0.622 5684
486.222 360.220 0.623 5700
486.422 360.260 0.623 5716
486.663 360.340 0.622 5716
486.863 360.419 0.622 5716
487.063 360.499 0.623 5732
487.224 360.579 0.622 5732
487.424 360.658 0.622 5748
487.584 360.738 0.623 5748
487.745 360.818 0.623 5748
487.905 360.897 0.623 5765
488.105 360.977 0.623 5765
488.265 361.056 0.623 5781
488.426 361.136 0.623 5781
488.586 361.216 0.623 5797
488.746 361.295 0.622 5797
488.906 361.375 0.623 5797
489.067 361.494 0.622 5813
489.227 361.574 0.623 5829
489.347 361.693 0.623 5829
489.508 361.813 0.623 5829
489.628 361.892 0.623 5846
489.788 362.012 0.623 5846
489.948 362.091 0.623 5846
490.068 362.211 0.622 5862
490.189 362.290 0.623 5879
490.349 362.410 0.623 5879
490.469 362.490 0.622 5879
490.629 362.569 0.622 5895
490.750 362.609 0.623 5895
490.870 362.689 0.622 5911
490.990 362.768 0.622 5911
491.110 362.848 0.622 5927
491.230 362.927 0.622 5927
491.310 363.047 0.622 5927
491.431 363.126 0.623 5943
491.511 363.206 0.623 5943
491.631 363.326 0.623 5959
491.751 363.405 0.622 5959
491.831 363.445 0.623 5959
491.912 363.525 0.623 5975
492.032 363.564 0.623 5992
492.112 363.644 0.623 5992
492.232 363.684 0.623 5992
492.352 363.763 0.623 6008
492.432 363.803 0.623 6008
492.513 363.883 0.623 6008
492.633 364.002 0.623 6024
492.713 364.082 0.623 6040
492.793 364.201 0.623 6040
492.873 364.321 0.624 6040
492.993 364.400 0.623 6056
493.073 364.520 0.624 6072
493.194 364.560 0.624 6072
493.274 364.679 0.624 6072
493.394 364.759 0.624 6089
493.514 364.798 0.624 6089
493.594 364.878 0.624 6089
493.715 364.958 0.624 6105
493.835 365.077 0.624 6121
493.915 365.157 0.624 6121
493.955 365.276 0.625 6121
494.035 365.316 0.625 6137
494.115 365.435 0.625 6137
494.235 365.555 0.625 6154
494.275 365.634 0.626 6154
494.396 365.754 0.626 6154
494.436 365.873 0.626 6170
494.516 365.953 0.626 6170
494.596 366.032 0.626 6186
494.676 366.112 0.626 6186
494.756 366.231 0.626 6202
494.836 366.351 0.626 6202
494.917 366.470 0.626 6202
494.997 366.630 0.626 6218
495.077 366.749 0.627 6234
495.117 366.908 0.627 6234
495.237 367.147 0.627 6234
495.317 367.267 0.627 6251
495.397 367.426 0.627 6251
495.518 367.585 0.627 6251
495.598 367.704 0.628 6267
495.718 367.824 0.627 6283
495.798 367.983 0.628 6283
495.918 368.102 0.628 6283
496.038 368.222 0.628 6299
496.119 368.341 0.628 6299
496.239 368.501 0.628 6315
496.279 368.620 0.629 6315
496.359 368.739 0.629 6331
496.439 368.899 0.629 6331
496.479 369.018 0.629 6331
496.559 369.137 0.630 6348
496.599 369.257 0.630 6348
496.639 369.416 0.630 6364
496.679 369.536 0.631 6364
496.720 369.655 0.631 6364
496.760 369.774 0.631 6380
496.840 369.854 0.631 6396
496.880 369.973 0.631 6396
496.880 370.053 0.632 6396
496.960 370.133 0.632 6413
497.000 370.252 0.632 6413
497.040 370.372 0.632 6413
497.080 370.491 0.632 6429
497.120 370.610 0.632 6445
497.200 370.730 0.632 6445
497.280 370.849 0.632 6445
497.321 370.969 0.632 6461
497.361 371.088 0.633 6477
497.401 371.208 0.633 6477
497.441 371.367 0.633 6477
497.481 371.486 0.633 6494
497.521 371.685 0.633 6494
497.561 371.805 0.634 6494
497.601 371.924 0.634 6510
497.681 372.004 0.634 6526
497.721 372.123 0.634 6526
497.761 372.203 0.634 6526
497.761 372.322 0.634 6542
497.801 372.402 0.634 6542
497.841 372.521 0.634 6558
497.881 372.641 0.635 6558
497.922 372.760 0.635 6558
497.922 372.919 0.636 6574
497.962 373.039 0.636 6574
497.962 373.198 0.636 6590
498.002 373.317 0.636 6590
498.002 373.437 0.637 6607
498.042 373.596 0.637 6607
498.042 373.715 0.637 6607
498.082 373.875 0.637 6623
498.082 374.034 0.637 6639
498.122 374.193 0.637 6639
498.162 374.313 0.637 6639
498.162 374.432 0.637 6655
498.162 374.551 0.637 6655
498.162 374.711 0.638 6655
498.162 374.830 0.638 6671
498.162 374.989 0.638 6687
498.162 375.109 0.639 6687
498.162 375.268 0.639 6687
498.162 375.427 0.639 6704
498.162 375.547 0.639 6704
498.162 375.706 0.639 6720
498.162 375.865 0.640 6720
498.162 375.985 0.640 6736
498.162 376.104 0.639 6736
498.162 376.263 0.640 6736
498.162 376.422 0.640 6752
498.162 376.582 0.640 6752
498.162 376.701 0.640 6768
498.162 376.860 0.640 6768
498.162 376.980 0.640 6768
498.162 377.139 0.640 6784
498.122 377.298 0.640 6801
498.122 377.418 0.640 6801
498.082 377.577 0.640 6801
498.042 377.696 0.640 6817
498.042 377.855 0.640 6817
498.042 377.975 0.641 6817
498.002 378.094 0.640 6833
498.002 378.214 0.641 6849
497.962 378.333 0.641 6849
497.922 378.492 0.641 6849
497.881 378.612 0.641 6865
497.841 378.811 0.641 6881
497.841 378.970 0.641 6881
497.801 379.090 0.641 6881
497.761 379.209 0.641 6897
497.681 379.368 0.641 6897
497.641 379.488 0.641 6897
497.601 379.607 0.641 6914
497.601 379.766 0.641 6930
497.561 379.926 0.641 6930
497.481 380.085 0.641 6930
497.441 380.244 0.642 6946
497.401 380.403 0.642 6946
497.321 380.523 0.642 6962
497.280 380.682 0.641 6962
497.240 380.801 0.642 6962
497.200 380.921 0.642 6978
497.120 381.000 0.642 6994
497.080 381.160 0.642 6994
497.040 381.279 0.642 6994
497.000 381.398 0.642 7010
496.960 381.558 0.642 7010
496.920 381.677 0.642 7010
496.880 381.797 0.642 7026
496.800 381.956 0.642 7043
496.760 382.075 0.642 7043
496.720 382.195 0.642 7043
496.639 382.314 0.642 7059
496.599 382.473 0.642 7075
496.519 382.633 0.642 7075
496.479 382.752 0.642 7075
496.399 382.911 0.642 7091
496.359 383.031 0.642 7091
496.319 383.190 0.642 7091
496.239 383.309 0.642 7107
496.199 383.468 0.642 7107
496.159 383.628 0.642 7124
496.119 383.747 0.642 7124
496.078 383.867 0.642 7140
496.078 383.986 0.642 7140
496.038 384.105 0.643 7156
496.038 384.225 0.642 7156
495.998 384.344 0.642 7156
495.958 384.464 0.642 7172
495.918 384.583 0.642 7172
495.878 384.703 0.642 7172
495.838 384.862 0.642 7188
495.758 384.981 0.642 7204
495.718 385.101 0.643 7204
495.678 385.220 0.642 7204
495.598 385.339 0.642 7220
495.558 385.419 0.643 7237
495.518 385.539 0.642 7237
495.477 385.618 0.642 7237
495.437 385.738 0.643 7253
495.397 385.897 0.642 7253
495.357 385.976 0.643 7253
495.317 386.096 0.643 7269
495.317 386.175 0.643 7285
495.277 386.295 0.643 7285
495.237 386.375 0.643 7285
495.237 386.494 0.643 7302
495.237 386.574 0.643 7302
495.197 386.693 0.643 7318
495.197 386.773 0.642 7318
495.197 386.892 0.643 7318
495.157 386.972 0.643 7334
495.157 387.091 0.642 7334
495.117 387.171 0.643 7350
495.117 387.290 0.643 7350
495.077 387.409 0.643 7366
495.077 387.529 0.644 7366
495.037 387.609 0.643 7366
495.037 387.728 0.644 7382
495.037 387.847 0.644 7398
495.037 387.927 0.644 7398
495.037 388.046 0.644 7398
495.037 388.206 0.644 7415
495.037 388.285 0.644 7415
495.037 388.405 0.644 7415
495.037 388.524 0.644 7431
495.037 388.604 0.644 7447
495.037 388.723 0.645 7447
495.037 388.803 0.645 7447
495.037 388.882 0.646 7463
495.037 389.002 0.648 7479
495.037 389.081 0.648 7479
495.037 389.161 0.649 7479
495.037 389.241 0.651 7496
495.037 389.360 0.651 7496
495.037 389.480 0.652 7496
495.037 389.599 0.653 7512
495.037 389.679 0.654 7512
495.037 389.798 0.655 7528
495.037 389.917 0.655 7528
495.037 390.037 0.656 7544
495.037 390.117 0.656 7544
495.037 390.236 0.657 7560
495.037 390.316 0.658 7560
495.037 390.435 0.658 7560
495.037 390.554 0.659 7576
495.037 390.634 0.659 7576
495.077 390.714 0.660 7576
495.077 390.793 0.661 7593
495.077 390.873 0.662 7609
495.117 390.952 0.662 7609
495.157 391.032 0.663 7609
495.197 391.151 0.664 7625
495.197 391.231 0.664 7641
495.237 391.311 0.665 7641
495.317 391.430 0.666 7641
495.317 391.510 0.666 7657
495.357 391.589 0.667 7657
495.397 391.629 0.667 7657
495.437 391.709 0.668 7673
495.477 391.788 0.668 7689
495.518 391.868 0.669 7689
495.598 391.908 0.669 7689
495.638 391.987 0.669 7705
495.718 392.067 0.670 7705
495.758 392.107 0.670 7721
495.838 392.186 0.670 7721
495.918 392.266 0.670 7721
495.958 392.346 0.671 7738
496.038 392.425 0.671 7754
496.119 392.505 0.671 7754
496.199 392.624 0.671 7754
496.239 392.704 0.672 7770
496.279 392.744 0.672 7770
496.359 392.823 0.672 7770
496.439 392.863 0.673 7786
496.519 392.943 0.673 7802
496.559 392.983 0.674 7802
496.679 393.022 0.674 7802
496.760 393.022 0.675 7818
496.840 393.062 0.676 7835
496.920 393.102 0.677 7835
497.000 393.142 0.677 7835
497.120 393.182 0.678 7851
497.200 393.261 0.679 7851
497.321 393.301 0.679 7851
497.401 393.341 0.680 7867
497.521 393.421 0.680 7883
497.601 393.460 0.680 7883
497.681 393.540 0.680 7883
497.841 393.620 0.681 7899
497.922 393.659 0.681 7899
498.042 393.739 0.681 7915
498.122 393.819 0.681 7915
498.202 393.859 0.681 7915
498.322 393.898 0.682 7932
498.442 393.938 0.682 7932
498.563 393.978 0.682 7948
498.643 393.978 0.682 7948
498.763 394.018 0.682 7964
498.923 394.018 0.683 7964
499.043 394.058 0.683 7964
499.164 394.097 0.683 7980
499.284 394.137 0.683 7996
499.404 394.177 0.683 7996
499.524 394.257 0.683 7996
499.644 394.296 0.683 8013
499.765 394.336 0.683 8013
499.885 394.376 0.683 8013
500.005 394.376 0.684 8029
500.165 394.416 0.684 8045
500.326 394.495 0.684 8045
500.446 394.495 0.684 8045
500.606 394.456 0.684 8061
500.766 394.416 0.685 8077
500.927 394.416 0.685 8077
501.047 394.376 0.685 8077
501.167 394.376 0.686 8093
501.287 394.376 0.687 8093
501.407 394.376 0.687 8093
501.528 394.416 0.688 8109
501.688 394.416 0.689 8125
501.808 394.456 0.689 8125
501.968 394.495 0.689 8125
502.088 394.535 0.689 8142
502.249 394.535 0.690 8142
502.369 394.575 0.690 8158
502.529 394.535 0.690 8158
502.689 394.535 0.691 8158
502.890 394.535 0.691 8174
503.050 394.535 0.691 8174
503.250 394.495 0.691 8190
503.451 394.495 0.691 8190
503.611 394.495 0.691 8206
503.771 394.495 0.692 8206
503.932 394.535 0.691 8206
504.132 394.495 0.691 8222
504.292 394.495 0.692 8238
504.452 394.495 0.691 8238
504.613 394.495 0.692 8238
504.773 394.456 0.692 8255
504.933 394.416 0.692 8255
505.093 394.416 0.692 8255
505.334 394.336 0.692 8271
505.534 394.296 0.692 8287
505.695 394.257 0.692 8287
505.895 394.177 0.693 8287
506.095 394.097 0.692 8303
506.255 394.058 0.693 8319
506.416 394.018 0.693 8319
506.576 393.978 0.693 8319
506.736 393.938 0.693 8336
506.937 393.938 0.693 8336
507.097 393.898 0.693 8336
507.257 393.859 0.693 8352
507.417 393.819 0.693 8352
507.618 393.779 0.693 8368
507.778 393.739 0.693 8368
507.978 393.659 0.693 8384
508.139 393.580 0.693 8384
508.339 393.500 0.694 8400
508.499 393.460 0.693 8400
508.700 393.381 0.694 8400
508.820 393.341 0.694 8417
508.980 393.301 0.693 8417
509.100 393.222 0.694 8417
509.220 393.182 0.694 8433
509.381 393.142 0.694 8449
509.541 393.062 0.694 8449
509.701 393.022 0.694 8449
509.901 392.903 0.694 8465
510.062 392.823 0.694 8481
510.262 392.664 0.694 8481
510.422 392.624 0.694 8481
510.623 392.545 0.694 8497
510.783 392.425 0.694 8497
510.943 392.306 0.694 8497
511.104 392.226 0.695 8514
511.224 392.186 0.694 8530
511.384 392.107 0.695 8530
511.544 392.067 0.695 8530
511.664 391.987 0.694 8546
511.825 391.948 0.695 8546
512.025 391.868 0.695 8562
512.185 391.828 0.695 8562
512.306 391.749 0.695 8562
512.466 391.669 0.695 8578
512.626 391.589 0.695 8578
512.786 391.510 0.695 8595
512.906 391.430 0.695 8595
513.067 391.311 0.695 8611
513.227 391.231 0.695 8611
513.347 391.151 0.695 8611
513.508 391.072 0.695 8627
513.628 390.992 0.695 8643
513.748 390.873 0.695 8643
513.908 390.793 0.696 8643
514.028 390.714 0.695 8659
514.189 390.594 0.695 8659
514.309 390.475 0.696 8659
514.469 390.316 0.696 8675
514.589 390.236 0.696 8691
514.710 390.117 0.696 8691
514.830 389.997 0.696 8691
515.030 389.878 0.696 8708
515.150 389.758 0.696 8708
515.270 389.639 0.696 8724
515.391 389.519 0.696 8724
515.511 389.440 0.696 8724
515.671 389.320 0.696 8740
515.791 389.241 0.696 8756
515.871 389.121 0.696 8756
515.992 389.042 0.696 8756
516.112 388.922 0.696 8772
516.232 388.803 0.696 8772
516.352 388.683 0.696 8772
516.513 388.564 0.696 8788
516.633 388.445 0.696 8804
516.793 388.325 0.696 8804
516.913 388.206 0.696 8804
517.033 388.086 0.696 8821
517.154 387.967 0.697 8837
517.274 387.847 0.696 8837
517.394 387.728 0.696 8837
517.514 387.609 0.697 8853
517.594 387.449 0.697 8853
517.715 387.290 0.697 8853
517.835 387.131 0.697 8869
517.955 386.932 0.697 8869
518.075 386.773 0.697 8885
518.195 386.574 0.697 8885
518.356 386.375 0.697 8901
518.476 386.215 0.697 8901
518.596 386.016 0.697 8918
518.716 385.857 0.697 8918
518.796 385.698 0.697 8918
518.917 385.499 0.697 8934
518.997 385.339 0.697 8934
519.117 385.140 0.697 8950
519.197 384.981 0.697 8950
519.317 384.782 0.696 8966
519.437 384.623 0.695 8966
519.518 384.384 0.694 8966
519.638 384.185 0.693 8982
519.678 383.986 0.692 8998
519.798 383.787 0.692 8998
519.838 383.588 0.691 8998
519.918 383.389 0.690 9014
519.998 383.150 0.687 9014
520.038 382.951 0.683 9014
520.159 382.712 0.671 9030
520.239 382.473 0.650 9047
520.399 382.195 0.621 9047
520.519 381.916 0.582 9047
520.720 381.597 0.529 9063
520.920 381.279 0.456 9063
521.160 380.921 0.365 9079
521.441 380.443 0.222 9079

