% x_coordinate y_coordinate pressure time
% shape 0, 1285 points

891.818 289.919 0.324 289
891.978 289.839 0.325 305
892.179 289.760 0.325 305
892.299 289.680 0.326 305
892.459 289.640 0.326 321
892.579 289.600 0.327 337
892.740 289.561 0.327 337
892.940 289.481 0.327 337
893.100 289.401 0.327 353
893.301 289.322 0.328 353
893.541 289.202 0.328 353
893.741 289.083 0.328 369
893.942 288.964 0.329 369
894.142 288.844 0.329 385
894.382 288.725 0.329 385
894.543 288.645 0.330 401
894.703 288.565 0.329 401
894.823 288.526 0.329 417
894.903 288.486 0.330 417
895.023 288.486 0.330 417
895.103 288.486 0.330 433
895.184 288.486 0.330 449
895.304 288.486 0.330 449
895.424 288.446 0.330 449
895.584 288.406 0.330 466
895.745 288.327 0.330 466
895.905 288.287 0.331 466
896.065 288.128 0.331 483
896.225 288.048 0.331 483
896.386 287.929 0.331 499
896.546 287.809 0.331 499
896.666 287.690 0.331 515
896.786 287.610 0.331 515
896.866 287.530 0.331 531
896.987 287.491 0.331 531
897.067 287.411 0.332 531
897.147 287.371 0.333 547
897.227 287.331 0.333 547
897.347 287.292 0.333 563
897.508 287.252 0.333 563
897.628 287.172 0.333 579
897.788 287.132 0.333 579
897.908 287.053 0.334 579
898.068 286.973 0.334 595
898.229 286.933 0.334 612
898.349 286.854 0.334 612
898.509 286.774 0.334 612
898.669 286.694 0.334 628
898.790 286.655 0.334 628
898.950 286.575 0.335 628
899.070 286.456 0.334 644
899.230 286.376 0.334 660
899.391 286.296 0.335 660
899.511 286.177 0.335 660
899.671 286.097 0.335 676
899.831 285.978 0.335 676
899.992 285.858 0.335 692
900.112 285.739 0.337 692
900.272 285.620 0.336 692
900.432 285.540 0.336 708
900.593 285.421 0.337 724
900.753 285.301 0.336 724
900.873 285.221 0.337 724
901.033 285.142 0.337 740
901.194 285.062 0.337 740
901.314 284.943 0.337 740
901.514 284.863 0.337 757
901.674 284.784 0.337 773
901.835 284.664 0.337 773
902.035 284.545 0.337 773
902.195 284.425 0.337 789
902.356 284.306 0.337 805
902.516 284.226 0.338 805
902.676 284.107 0.338 805
902.836 284.027 0.337 821
902.957 283.908 0.338 821
903.077 283.788 0.337 821
903.237 283.709 0.338 837
903.357 283.589 0.338 837
903.558 283.390 0.338 853
903.678 283.271 0.338 853
903.798 283.112 0.338 870
903.918 282.992 0.339 870
904.038 282.833 0.341 886
904.159 282.674 0.343 886
904.279 282.554 0.345 886
904.399 282.395 0.347 902
904.559 282.276 0.348 918
904.679 282.196 0.351 918
904.760 282.116 0.352 918
904.880 282.037 0.354 934
904.960 281.957 0.355 934
905.080 281.917 0.356 934
905.200 281.798 0.357 950
905.280 281.758 0.358 966
905.401 281.639 0.358 966
905.521 281.519 0.359 966
905.641 281.440 0.360 982
905.761 281.320 0.360 998
905.841 281.201 0.361 998
905.962 281.002 0.361 998
906.042 280.882 0.361 1014
906.162 280.763 0.363 1014
906.282 280.644 0.364 1014
906.362 280.524 0.365 1030
906.442 280.445 0.367 1030
906.523 280.325 0.368 1046
906.563 280.206 0.370 1046
906.643 280.086 0.370 1063
906.723 279.967 0.372 1063
906.763 279.887 0.374 1079
906.843 279.768 0.376 1079
906.883 279.609 0.379 1079
906.963 279.489 0.383 1095
907.003 279.370 0.386 1095
907.083 279.250 0.388 1095
907.164 279.131 0.389 1111
907.244 279.011 0.391 1127
907.324 278.932 0.392 1127
907.404 278.812 0.393 1127
907.444 278.693 0.393 1143
907.524 278.613 0.394 1159
907.604 278.534 0.395 1159
907.644 278.454 0.395 1159
907.725 278.374 0.396 1175
907.765 278.295 0.397 1175
907.805 278.215 0.397 1175
907.885 278.136 0.399 1191
907.925 278.056 0.399 1207
907.965 277.976 0.400 1207
908.005 277.897 0.401 1207
908.045 277.817 0.401 1223
908.085 277.738 0.402 1223
908.165 277.658 0.402 1239
908.205 277.578 0.402 1239
908.285 277.499 0.402 1239
908.326 277.459 0.402 1255
908.406 277.379 0.403 1271
908.446 277.300 0.402 1271
908.526 277.220 0.403 1271
908.566 277.140 0.403 1288
908.606 277.061 0.403 1288
908.686 276.981 0.403 1288
908.766 276.902 0.404 1305
908.806 276.822 0.404 1321
908.846 276.742 0.404 1321
908.886 276.663 0.405 1321
908.967 276.583 0.407 1337
909.007 276.504 0.408 1353
909.087 276.384 0.409 1353
909.127 276.305 0.410 1353
909.167 276.225 0.411 1369
909.247 276.145 0.412 1369
909.287 276.105 0.412 1369
909.327 276.026 0.413 1385
909.367 275.986 0.413 1385
909.407 275.906 0.413 1401
909.407 275.867 0.413 1401
909.447 275.787 0.414 1401
909.487 275.747 0.415 1417
909.528 275.668 0.416 1433
909.528 275.588 0.417 1433
909.568 275.548 0.419 1433
909.608 275.469 0.420 1449
909.648 275.389 0.422 1466
909.728 275.309 0.424 1466
909.768 275.230 0.425 1466
909.848 275.150 0.427 1482
909.888 275.070 0.427 1482
909.968 274.991 0.429 1482
910.048 274.911 0.430 1498
910.089 274.792 0.431 1514
910.169 274.712 0.433 1514
910.209 274.633 0.434 1514
910.289 274.553 0.434 1531
910.369 274.473 0.435 1531
910.409 274.394 0.435 1547
910.489 274.314 0.436 1547
910.529 274.234 0.436 1547
910.609 274.115 0.437 1563
910.649 273.996 0.437 1563
910.689 273.916 0.437 1579
910.730 273.836 0.437 1579
910.810 273.717 0.437 1595
910.850 273.637 0.438 1595
910.890 273.558 0.438 1595
910.970 273.438 0.438 1611
911.050 273.319 0.438 1627
911.090 273.199 0.438 1627
911.130 273.080 0.438 1627
911.210 272.961 0.439 1644
911.250 272.801 0.440 1644
911.331 272.682 0.441 1644
911.371 272.563 0.443 1660
911.411 272.403 0.444 1676
911.451 272.284 0.445 1676
911.491 272.164 0.446 1676
911.531 272.005 0.447 1692
911.531 271.846 0.447 1708
911.571 271.647 0.448 1708
911.611 271.488 0.448 1708
911.651 271.328 0.449 1724
911.691 271.169 0.450 1724
911.731 271.010 0.451 1724
911.811 270.891 0.452 1741
911.851 270.731 0.454 1741
911.932 270.572 0.456 1757
912.012 270.413 0.457 1757
912.052 270.214 0.459 1773
912.132 270.055 0.461 1773
912.172 269.895 0.463 1789
912.212 269.776 0.465 1789
912.292 269.617 0.466 1789
912.332 269.457 0.467 1805
912.412 269.298 0.468 1805
912.452 269.139 0.468 1805
912.533 269.020 0.468 1821
912.573 268.900 0.469 1837
912.653 268.781 0.469 1837
912.693 268.621 0.469 1837
912.733 268.502 0.469 1854
912.773 268.383 0.469 1870
912.893 268.223 0.469 1870
912.933 268.064 0.470 1870
912.973 267.905 0.470 1886
913.013 267.746 0.470 1886
913.053 267.586 0.470 1886
913.134 267.427 0.470 1902
913.174 267.308 0.471 1902
913.214 267.149 0.471 1918
913.254 266.949 0.470 1918
913.294 266.790 0.471 1935
913.334 266.631 0.471 1935
913.374 266.472 0.471 1951
913.454 266.313 0.472 1951
913.534 266.153 0.472 1951
913.614 265.994 0.472 1967
913.694 265.875 0.472 1983
913.735 265.715 0.472 1983
913.855 265.596 0.472 1983
913.935 265.437 0.473 1999
914.015 265.278 0.473 1999
914.095 265.118 0.472 1999
914.135 264.959 0.472 2016
914.215 264.800 0.473 2032
914.296 264.601 0.473 2032
914.376 264.442 0.473 2032
914.416 264.243 0.472 2048
914.496 264.083 0.473 2048
914.576 263.884 0.473 2064
914.616 263.685 0.474 2064
914.696 263.486 0.474 2080
914.736 263.287 0.475 2080
914.856 263.088 0.475 2080
914.937 262.889 0.477 2096
915.017 262.690 0.478 2096
915.097 262.491 0.479 2112
915.177 262.252 0.481 2112
915.257 262.053 0.482 2112
915.377 261.854 0.481 2129
915.457 261.695 0.482 2145
915.538 261.496 0.481 2145
915.618 261.297 0.482 2145
915.738 261.098 0.482 2161
915.818 260.938 0.482 2161
915.898 260.739 0.482 2161
915.938 260.540 0.482 2177
916.018 260.381 0.482 2193
916.099 260.182 0.482 2193
916.139 259.983 0.482 2193
916.219 259.824 0.482 2209
916.259 259.665 0.483 2225
916.339 259.505 0.484 2225
916.379 259.346 0.484 2225
916.459 259.187 0.484 2241
916.499 259.028 0.484 2241
916.579 258.908 0.484 2241
916.659 258.749 0.485 2258
916.740 258.590 0.485 2258
916.820 258.431 0.485 2274
916.900 258.271 0.485 2274
916.980 258.112 0.485 2290
917.060 257.953 0.485 2290
917.140 257.754 0.485 2306
917.180 257.595 0.485 2306
917.260 257.435 0.486 2306
917.300 257.276 0.486 2322
917.381 257.117 0.486 2338
917.421 256.997 0.486 2338
917.461 256.878 0.487 2338
917.541 256.759 0.487 2355
917.581 256.639 0.488 2355
917.621 256.520 0.488 2355
917.701 256.400 0.488 2371
917.741 256.281 0.489 2387
917.781 256.161 0.488 2387
917.861 256.002 0.488 2387
917.901 255.843 0.489 2403
917.942 255.684 0.489 2403
917.982 255.525 0.490 2419
917.982 255.365 0.491 2419
918.022 255.206 0.492 2435
918.022 255.047 0.495 2435
918.062 254.927 0.498 2435
918.062 254.808 0.501 2451
918.102 254.649 0.504 2451
918.102 254.529 0.506 2468
918.142 254.410 0.508 2468
918.182 254.290 0.509 2484
918.222 254.131 0.510 2484
918.262 254.052 0.510 2500
918.302 253.892 0.511 2500
918.302 253.813 0.511 2500
918.342 253.693 0.511 2516
918.342 253.574 0.512 2516
918.382 253.415 0.512 2516
918.422 253.295 0.514 2532
918.422 253.096 0.515 2548
918.503 252.937 0.516 2548
918.543 252.778 0.518 2548
918.543 252.618 0.519 2565
918.583 252.499 0.520 2581
918.583 252.300 0.522 2581
918.583 252.141 0.522 2581
918.623 251.982 0.523 2597
918.623 251.783 0.523 2597
918.623 251.623 0.524 2597
918.623 251.464 0.524 2613
918.623 251.305 0.525 2629
918.623 251.146 0.525 2629
918.623 250.986 0.526 2629
918.623 250.787 0.526 2645
918.623 250.588 0.526 2645
918.623 250.389 0.527 2662
918.623 250.190 0.527 2662
918.623 250.031 0.528 2662
918.663 249.872 0.528 2678
918.663 249.673 0.529 2678
918.663 249.513 0.529 2694
918.703 249.394 0.530 2694
918.703 249.235 0.530 2710
918.703 249.115 0.530 2710
918.703 248.956 0.530 2710
918.703 248.797 0.530 2726
918.703 248.638 0.531 2742
918.703 248.478 0.531 2742
918.703 248.319 0.531 2742
918.703 248.160 0.532 2758
918.703 248.001 0.532 2758
918.703 247.881 0.532 2758
918.703 247.722 0.532 2774
918.703 247.603 0.532 2790
918.703 247.443 0.532 2790
918.703 247.324 0.533 2790
918.703 247.165 0.533 2806
918.703 247.045 0.533 2806
918.703 246.926 0.533 2823
918.703 246.767 0.533 2823
918.703 246.647 0.534 2839
918.663 246.568 0.534 2839
918.623 246.408 0.534 2839
918.583 246.329 0.535 2855
918.543 246.130 0.535 2855
918.462 246.010 0.535 2871
918.422 245.891 0.536 2871
918.382 245.732 0.536 2887
918.342 245.612 0.536 2887
918.262 245.453 0.536 2903
918.262 245.334 0.537 2903
918.182 245.214 0.537 2903
918.182 245.095 0.537 2919
918.142 244.975 0.538 2919
918.102 244.856 0.538 2919
918.062 244.776 0.539 2936
917.982 244.697 0.539 2952
917.942 244.617 0.540 2952
917.861 244.498 0.540 2952
917.781 244.418 0.541 2968
917.741 244.338 0.541 2984
917.661 244.259 0.542 2984
917.541 244.139 0.542 2984
917.461 244.020 0.542 3000
917.381 243.861 0.543 3000
917.260 243.741 0.542 3016
917.180 243.582 0.543 3016
917.100 243.423 0.542 3032
916.980 243.264 0.542 3032
916.900 243.104 0.543 3032
916.740 242.945 0.542 3048
916.659 242.826 0.543 3048
916.539 242.666 0.543 3064
916.419 242.547 0.543 3064
916.299 242.428 0.543 3064
916.179 242.308 0.543 3081
916.058 242.189 0.544 3097
915.938 242.069 0.546 3097
915.818 241.990 0.546 3097
915.658 241.910 0.547 3113
915.538 241.791 0.548 3113
915.417 241.751 0.548 3113
915.257 241.631 0.549 3129
915.137 241.552 0.549 3145
914.977 241.472 0.549 3145
914.856 241.432 0.549 3145
914.736 241.432 0.549 3162
914.576 241.393 0.549 3178
914.456 241.353 0.549 3178
914.296 241.353 0.549 3178
914.175 241.353 0.549 3194
914.095 241.353 0.550 3194
914.015 241.353 0.549 3194
913.895 241.353 0.550 3210
913.815 241.353 0.549 3227
913.735 241.353 0.549 3227
913.654 241.353 0.549 3227
913.534 241.353 0.549 3243
913.454 241.353 0.548 3243
913.374 241.353 0.549 3259
913.294 241.393 0.548 3259
913.174 241.432 0.549 3259
913.094 241.472 0.549 3275
913.013 241.512 0.549 3275
912.973 241.592 0.549 3291
912.893 241.631 0.549 3291
912.813 241.711 0.549 3307
912.733 241.830 0.549 3307
912.653 241.910 0.548 3307
912.613 241.990 0.548 3323
912.533 242.069 0.549 3340
912.452 242.189 0.549 3340
912.372 242.268 0.548 3340
912.332 242.348 0.548 3356
912.252 242.467 0.549 3356
912.172 242.547 0.548 3356
912.132 242.627 0.549 3372
912.052 242.746 0.549 3388
912.012 242.865 0.548 3388
911.972 242.945 0.548 3388
911.932 243.065 0.548 3404
911.932 243.184 0.548 3420
911.891 243.264 0.548 3420
911.851 243.383 0.548 3420
911.811 243.502 0.547 3436
911.771 243.622 0.548 3436
911.731 243.741 0.547 3436
911.691 243.900 0.548 3452
911.691 244.100 0.548 3452
911.611 244.259 0.548 3468
911.571 244.418 0.548 3468
911.491 244.577 0.548 3468
911.491 244.736 0.548 3484
911.451 244.896 0.548 3501
911.451 245.055 0.547 3501
911.451 245.254 0.547 3501
911.451 245.413 0.548 3517
911.451 245.572 0.548 3533
911.451 245.771 0.548 3533
911.451 245.931 0.548 3533
911.451 246.090 0.548 3549
911.451 246.249 0.548 3549
911.451 246.448 0.548 3549
911.451 246.607 0.548 3565
911.451 246.767 0.548 3582
911.451 246.926 0.548 3582
911.451 247.085 0.548 3582
911.451 247.244 0.549 3598
911.451 247.404 0.549 3598
911.451 247.563 0.549 3614
911.451 247.722 0.550 3614
911.491 247.881 0.550 3614
911.491 248.041 0.550 3630
911.531 248.200 0.550 3646
911.571 248.359 0.550 3646
911.571 248.478 0.551 3646
911.611 248.638 0.552 3662
911.611 248.797 0.551 3662
911.651 248.956 0.551 3662
911.691 249.076 0.552 3679
911.731 249.195 0.553 3695
911.771 249.314 0.554 3695
911.851 249.434 0.556 3695
911.891 249.553 0.557 3711
911.972 249.673 0.557 3711
912.052 249.832 0.559 3727
912.092 249.951 0.559 3727
912.172 250.111 0.560 3727
912.252 250.270 0.560 3743
912.332 250.389 0.562 3743
912.412 250.548 0.562 3743
912.492 250.668 0.562 3759
912.573 250.827 0.564 3776
912.653 251.026 0.566 3776
912.733 251.185 0.567 3776
912.853 251.305 0.569 3792
912.933 251.464 0.572 3808
913.053 251.623 0.572 3808
913.174 251.783 0.573 3808
913.294 251.942 0.575 3824
913.414 252.061 0.575 3824
913.534 252.181 0.576 3824
913.614 252.300 0.577 3840
913.735 252.459 0.578 3856
913.815 252.579 0.578 3856
913.935 252.658 0.578 3856
914.015 252.778 0.578 3873
914.095 252.857 0.579 3873
914.215 252.977 0.579 3889
914.296 253.056 0.579 3889
914.416 253.136 0.580 3905
914.496 253.295 0.581 3905
914.616 253.375 0.581 3921
914.776 253.454 0.582 3921
914.896 253.534 0.584 3921
915.097 253.614 0.586 3937
915.217 253.733 0.587 3937
915.337 253.813 0.587 3937
915.457 253.892 0.588 3954
915.578 254.012 0.589 3970
915.698 254.091 0.590 3970
915.818 254.211 0.591 3970
915.938 254.290 0.591 3986
916.058 254.370 0.591 4002
916.139 254.410 0.591 4002
916.259 254.490 0.591 4002
916.379 254.529 0.591 4018
916.539 254.569 0.592 4018
916.700 254.609 0.592 4018
916.820 254.649 0.592 4035
916.980 254.689 0.592 4051
917.140 254.689 0.593 4051
917.300 254.689 0.594 4051
917.461 254.728 0.594 4067
917.621 254.728 0.595 4067
917.741 254.728 0.596 4083
917.861 254.728 0.596 4083
917.942 254.768 0.597 4083
918.022 254.808 0.597 4099
918.102 254.808 0.597 4099
918.182 254.848 0.597 4116
918.262 254.888 0.598 4116
918.382 254.927 0.597 4132
918.462 254.967 0.598 4132
918.583 255.007 0.598 4132
918.703 255.007 0.598 4148
918.823 255.007 0.598 4165
918.943 255.007 0.598 4165
919.063 255.007 0.599 4165
919.184 255.007 0.599 4181
919.344 255.007 0.599 4181
919.464 255.007 0.599 4181
919.584 255.007 0.600 4197
919.664 255.007 0.599 4214
919.745 255.007 0.600 4214
919.865 255.007 0.600 4214
919.945 255.007 0.599 4230
920.025 255.007 0.600 4230
920.105 255.007 0.599 4230
920.185 255.007 0.600 4246
920.305 255.007 0.600 4262
920.426 255.007 0.600 4262
920.546 255.007 0.600 4262
920.706 255.007 0.600 4278
920.866 255.007 0.600 4278
921.027 255.007 0.600 4294
921.147 255.007 0.600 4294
921.307 255.007 0.600 4294
921.427 255.007 0.600 4311
921.548 255.007 0.601 4327
921.668 255.007 0.600 4327
921.748 255.007 0.600 4327
921.828 255.007 0.601 4343
921.948 255.007 0.600 4343
922.068 255.007 0.600 4343
922.189 255.007 0.601 4359
922.309 255.007 0.600 4375
922.469 255.007 0.601 4375
922.589 254.967 0.601 4375
922.750 254.967 0.601 4391
922.910 254.927 0.601 4408
923.070 254.927 0.601 4408
923.230 254.888 0.601 4408
923.391 254.888 0.601 4424
923.511 254.848 0.601 4424
923.671 254.848 0.601 4424
923.791 254.848 0.601 4440
923.911 254.848 0.601 4440
924.032 254.848 0.601 4456
924.192 254.848 0.601 4456
924.312 254.848 0.601 4472
924.432 254.848 0.601 4472
924.553 254.808 0.601 4489
924.673 254.808 0.601 4489
924.793 254.768 0.601 4489
924.913 254.768 0.601 4505
925.033 254.768 0.601 4505
925.154 254.728 0.601 4521
925.274 254.689 0.601 4521
925.434 254.689 0.601 4537
925.554 254.689 0.601 4537
925.715 254.649 0.601 4537
925.835 254.649 0.601 4554
925.995 254.649 0.601 4570
926.115 254.649 0.601 4570
926.275 254.649 0.601 4570
926.396 254.649 0.601 4586
926.556 254.649 0.601 4586
926.676 254.649 0.601 4586
926.796 254.649 0.601 4602
926.917 254.649 0.601 4618
927.037 254.649 0.601 4618
927.157 254.649 0.601 4618
927.317 254.649 0.601 4634
927.477 254.609 0.601 4634
927.638 254.609 0.601 4650
927.798 254.609 0.601 4650
927.958 254.609 0.601 4667
928.078 254.569 0.601 4667
928.239 254.569 0.601 4667
928.359 254.569 0.601 4683
928.479 254.569 0.601 4683
928.599 254.569 0.601 4699
928.720 254.569 0.601 4699
928.880 254.569 0.601 4699
929.000 254.569 0.601 4715
929.160 254.569 0.601 4731
929.280 254.569 0.601 4731
929.441 254.529 0.601 4731
929.561 254.529 0.601 4747
929.681 254.529 0.601 4747
929.841 254.529 0.601 4747
929.962 254.529 0.601 4763
930.162 254.529 0.601 4780
930.282 254.529 0.601 4780
930.442 254.529 0.601 4780
930.563 254.490 0.601 4796
930.683 254.490 0.601 4812
930.803 254.490 0.601 4812
930.923 254.490 0.601 4812
931.003 254.490 0.601 4828
931.124 254.490 0.601 4828
931.204 254.490 0.601 4828
931.324 254.490 0.601 4845
931.404 254.490 0.601 4845
931.524 254.490 0.602 4861
931.604 254.490 0.601 4861
931.684 254.490 0.601 4877
931.805 254.490 0.601 4877
931.885 254.490 0.601 4893
932.005 254.490 0.601 4893
932.085 254.490 0.601 4893
932.205 254.490 0.601 4909
932.326 254.450 0.601 4909
932.406 254.450 0.601 4909
932.526 254.450 0.601 4925
932.646 254.410 0.601 4941
932.766 254.410 0.601 4941
932.846 254.410 0.601 4941
932.967 254.370 0.602 4958
933.047 254.370 0.601 4974
933.167 254.370 0.601 4974
933.247 254.370 0.601 4974
933.367 254.370 0.601 4990
933.447 254.370 0.601 4990
933.568 254.370 0.601 4990
933.648 254.370 0.601 5006
933.808 254.370 0.601 5022
933.928 254.370 0.601 5022
934.008 254.370 0.601 5022
934.129 254.370 0.602 5038
934.249 254.370 0.601 5038
934.369 254.330 0.601 5054
934.449 254.330 0.601 5054
934.569 254.330 0.601 5071
934.649 254.290 0.601 5071
934.730 254.290 0.602 5071
934.850 254.290 0.601 5087
934.930 254.290 0.601 5087
935.010 254.290 0.602 5103
935.090 254.290 0.601 5103
935.210 254.290 0.601 5103
935.291 254.290 0.601 5119
935.371 254.290 0.601 5135
935.491 254.290 0.602 5135
935.571 254.290 0.601 5135
935.651 254.290 0.601 5152
935.771 254.290 0.601 5152
935.851 254.290 0.601 5152
935.972 254.290 0.601 5168
936.052 254.290 0.601 5184
936.172 254.290 0.601 5184
936.292 254.290 0.601 5184
936.412 254.290 0.601 5200
936.492 254.290 0.601 5216
936.613 254.290 0.601 5216
936.733 254.290 0.601 5216
936.853 254.290 0.601 5232
936.933 254.290 0.601 5232
937.013 254.290 0.601 5232
937.134 254.290 0.601 5248
937.214 254.290 0.601 5248
937.294 254.290 0.601 5264
937.454 254.290 0.601 5264
937.534 254.290 0.601 5281
937.614 254.290 0.601 5281
937.695 254.290 0.601 5297
937.815 254.290 0.601 5297
937.895 254.290 0.601 5297
937.975 254.290 0.601 5313
938.055 254.290 0.601 5313
938.135 254.290 0.601 5313
938.215 254.290 0.601 5329
938.295 254.290 0.601 5346
938.336 254.290 0.601 5346
938.416 254.290 0.601 5346
938.496 254.290 0.601 5362
938.536 254.290 0.601 5378
938.616 254.290 0.601 5378
938.696 254.290 0.601 5378
938.736 254.290 0.601 5394
938.856 254.290 0.601 5410
938.937 254.290 0.601 5410
939.017 254.290 0.601 5410
939.137 254.330 0.601 5426
939.217 254.330 0.601 5426
939.297 254.330 0.601 5426
939.377 254.330 0.601 5442
939.457 254.330 0.601 5442
939.497 254.330 0.601 5459
939.578 254.370 0.601 5459
939.618 254.370 0.601 5475
939.698 254.370 0.601 5475
939.738 254.410 0.601 5491
939.818 254.450 0.601 5491
939.858 254.450 0.601 5491
939.938 254.490 0.601 5507
939.978 254.490 0.601 5507
940.018 254.529 0.601 5507
940.099 254.569 0.601 5523
940.139 254.569 0.601 5539
940.179 254.609 0.601 5539
940.259 254.649 0.601 5539
940.299 254.689 0.601 5555
940.339 254.728 0.601 5572
940.419 254.768 0.601 5572
940.459 254.848 0.601 5572
940.499 254.888 0.602 5588
940.539 254.927 0.601 5588
940.619 255.007 0.601 5588
940.659 255.047 0.601 5604
940.699 255.126 0.601 5620
940.740 255.166 0.602 5620
940.820 255.286 0.601 5620
940.860 255.365 0.602 5636
940.940 255.445 0.602 5636
940.980 255.525 0.601 5653
941.020 255.644 0.601 5653
941.100 255.724 0.601 5653
941.140 255.803 0.602 5669
941.180 255.883 0.602 5669
941.180 255.962 0.602 5685
941.220 256.042 0.602 5685
941.220 256.122 0.602 5701
941.260 256.201 0.602 5701
941.300 256.281 0.603 5701
941.300 256.361 0.603 5717
941.341 256.400 0.603 5734
941.381 256.480 0.603 5734
941.381 256.520 0.603 5734
941.381 256.599 0.603 5750
941.421 256.679 0.603 5750
941.461 256.759 0.603 5750
941.461 256.878 0.603 5766
941.461 256.958 0.603 5782
941.461 257.037 0.604 5782
941.461 257.157 0.604 5782
941.461 257.276 0.605 5798
941.461 257.396 0.605 5798
941.461 257.555 0.605 5814
941.461 257.674 0.606 5814
941.461 257.833 0.605 5830
941.461 257.953 0.606 5830
941.461 258.072 0.606 5830
941.461 258.192 0.606 5847
941.461 258.311 0.606 5847
941.461 258.431 0.606 5863
941.461 258.550 0.606 5863
941.461 258.709 0.606 5879
941.461 258.829 0.606 5879
941.461 258.988 0.606 5895
941.421 259.147 0.607 5895
941.421 259.306 0.607 5895
941.381 259.466 0.607 5911
941.341 259.625 0.607 5911
941.300 259.744 0.608 5911
941.260 259.943 0.608 5927
941.220 260.102 0.608 5943
941.140 260.262 0.608 5943
941.100 260.421 0.608 5943
941.060 260.580 0.608 5959
940.980 260.739 0.608 5976
940.940 260.899 0.608 5976
940.860 261.058 0.608 5976
940.820 261.177 0.608 5992
940.780 261.337 0.608 5992
940.740 261.496 0.608 5992
940.699 261.655 0.608 6008
940.659 261.814 0.609 6024
940.619 261.973 0.608 6024
940.579 262.172 0.608 6024
940.539 262.332 0.608 6041
940.499 262.491 0.608 6041
940.459 262.650 0.608 6057
940.379 262.809 0.609 6057
940.339 262.969 0.608 6057
940.259 263.128 0.608 6074
940.179 263.287 0.609 6074
940.139 263.486 0.609 6090
940.058 263.645 0.609 6090
939.978 263.805 0.609 6106
939.938 264.004 0.609 6106
939.858 264.203 0.609 6106
939.778 264.362 0.609 6122
939.698 264.601 0.609 6139
939.618 264.800 0.609 6139
939.538 264.959 0.609 6139
939.457 265.158 0.609 6155
939.377 265.317 0.609 6155
939.337 265.516 0.609 6155
939.257 265.676 0.609 6171
939.177 265.835 0.610 6187
939.137 265.994 0.609 6187
939.057 266.153 0.609 6187
939.017 266.313 0.609 6203
938.937 266.472 0.609 6203
938.896 266.591 0.609 6220
938.856 266.750 0.609 6220
938.776 266.910 0.609 6220
938.736 267.029 0.610 6236
938.656 267.149 0.609 6252
938.616 267.268 0.609 6252
938.576 267.427 0.609 6252
938.496 267.547 0.610 6268
938.376 267.706 0.610 6268
938.336 267.825 0.610 6268
938.295 267.985 0.610 6284
938.215 268.104 0.610 6300
938.135 268.263 0.610 6300
938.095 268.383 0.610 6300
938.055 268.502 0.610 6317
938.015 268.621 0.610 6317
937.975 268.741 0.610 6333
937.935 268.860 0.610 6333
937.895 268.980 0.610 6349
937.855 269.099 0.610 6349
937.775 269.298 0.610 6349
937.735 269.378 0.610 6365
937.695 269.537 0.610 6365
937.614 269.617 0.610 6381
937.614 269.736 0.610 6381
937.534 269.856 0.610 6381
937.494 270.015 0.610 6397
937.454 270.134 0.610 6414
937.374 270.293 0.610 6414
937.334 270.453 0.610 6414
937.254 270.612 0.610 6430
937.174 270.771 0.610 6430
937.134 270.891 0.610 6430
937.053 271.050 0.610 6446
936.973 271.169 0.610 6462
936.933 271.328 0.610 6462
936.853 271.527 0.610 6462
936.813 271.647 0.610 6478
936.773 271.806 0.610 6495
936.693 271.965 0.610 6495
936.653 272.085 0.610 6495
936.613 272.244 0.610 6511
936.573 272.403 0.610 6511
936.452 272.563 0.610 6511
936.412 272.722 0.610 6527
936.372 272.841 0.610 6543
936.292 273.000 0.610 6543
936.252 273.120 0.610 6543
936.212 273.239 0.610 6559
936.172 273.359 0.610 6559
936.132 273.478 0.610 6575
936.092 273.597 0.610 6575
936.092 273.717 0.610 6575
936.052 273.876 0.610 6591
936.012 273.996 0.610 6591
935.972 274.155 0.610 6607
935.891 274.274 0.610 6607
935.851 274.433 0.611 6624
935.811 274.553 0.610 6624
935.771 274.712 0.610 6624
935.691 274.832 0.610 6640
935.651 274.991 0.610 6656
935.611 275.110 0.610 6656
935.531 275.230 0.610 6656
935.491 275.309 0.610 6672
935.451 275.429 0.611 6672
935.411 275.508 0.611 6672
935.411 275.588 0.611 6688
935.371 275.668 0.611 6704
935.331 275.787 0.611 6704
935.291 275.867 0.613 6704
935.291 275.986 0.614 6720
935.250 276.145 0.615 6737
935.210 276.225 0.617 6737
935.170 276.344 0.618 6737
935.130 276.464 0.620 6753
935.090 276.583 0.621 6753
935.050 276.663 0.623 6753
935.050 276.782 0.624 6769
935.010 276.902 0.625 6785
934.970 277.021 0.626 6785
934.970 277.140 0.626 6785
934.890 277.260 0.627 6801
934.890 277.379 0.628 6801
934.850 277.499 0.629 6818
934.770 277.618 0.630 6818
934.730 277.738 0.630 6818
934.690 277.857 0.631 6834
934.690 277.976 0.631 6834
934.649 278.096 0.632 6850
934.649 278.215 0.632 6850
934.609 278.295 0.632 6866
934.609 278.414 0.632 6866
934.569 278.573 0.633 6866
934.569 278.693 0.633 6882
934.569 278.773 0.634 6899
934.529 278.892 0.634 6899
934.529 279.011 0.635 6899
934.489 279.131 0.636 6915
934.489 279.250 0.636 6915
934.449 279.370 0.637 6931
934.449 279.489 0.638 6931
934.409 279.609 0.640 6947
934.369 279.768 0.641 6947
934.329 279.887 0.642 6947
934.289 280.007 0.643 6963
934.289 280.126 0.643 6963
934.249 280.245 0.643 6979
934.249 280.405 0.644 6979
934.209 280.524 0.643 6979
934.209 280.644 0.644 6995
934.209 280.803 0.644 7011
934.209 280.922 0.644 7011
934.209 281.042 0.644 7011
934.209 281.161 0.644 7027
934.209 281.281 0.644 7027
934.209 281.360 0.645 7027
934.209 281.480 0.645 7044
934.209 281.559 0.645 7060
934.209 281.679 0.646 7060
934.209 281.758 0.647 7060
934.209 281.878 0.648 7076
934.209 281.997 0.648 7092
934.209 282.156 0.649 7092
934.209 282.276 0.649 7092
934.209 282.395 0.650 7108
934.209 282.515 0.650 7108
934.209 282.674 0.651 7125
934.209 282.753 0.651 7125
934.209 282.873 0.652 7125
934.209 282.992 0.652 7141
934.209 283.151 0.652 7141
934.209 283.271 0.653 7141
934.209 283.390 0.654 7157
934.209 283.510 0.655 7173
934.209 283.629 0.657 7173
934.209 283.709 0.658 7173
934.249 283.828 0.659 7189
934.249 283.948 0.661 7206
934.249 284.027 0.662 7206
934.289 284.147 0.663 7206
934.329 284.226 0.664 7222
934.369 284.346 0.664 7222
934.369 284.425 0.664 7222
934.449 284.545 0.665 7238
934.449 284.664 0.665 7254
934.489 284.744 0.665 7254
934.529 284.863 0.666 7254
934.569 284.943 0.665 7270
934.609 285.062 0.666 7270
934.649 285.142 0.666 7286
934.690 285.221 0.666 7286
934.730 285.341 0.666 7286
934.770 285.460 0.666 7303
934.810 285.580 0.666 7303
934.850 285.659 0.667 7319
934.850 285.739 0.667 7319
934.890 285.819 0.667 7335
934.930 285.938 0.667 7335
934.970 285.978 0.667 7335
935.010 286.057 0.667 7351
935.010 286.137 0.667 7367
935.050 286.177 0.667 7367
935.130 286.257 0.667 7367
935.130 286.296 0.667 7384
935.210 286.376 0.667 7384
935.250 286.416 0.668 7384
935.291 286.495 0.668 7400
935.371 286.575 0.669 7416
935.411 286.615 0.670 7416
935.451 286.694 0.670 7416
935.491 286.774 0.671 7432
935.571 286.854 0.672 7432
935.611 286.933 0.672 7448
935.651 287.013 0.672 7448
935.691 287.053 0.673 7448
935.771 287.132 0.673 7464
935.811 287.252 0.673 7480
935.851 287.292 0.674 7480
935.891 287.371 0.673 7480
935.972 287.451 0.674 7497
936.012 287.530 0.674 7497
936.052 287.610 0.674 7497
936.132 287.650 0.674 7514
936.212 287.690 0.674 7530
936.252 287.769 0.674 7530
936.332 287.809 0.674 7530
936.372 287.849 0.674 7546
936.452 287.889 0.674 7562
936.492 287.929 0.674 7562
936.533 287.968 0.674 7562
936.613 288.008 0.674 7578
936.653 288.008 0.675 7578
936.733 288.048 0.675 7578
936.813 288.088 0.675 7595
936.853 288.088 0.675 7595
936.893 288.128 0.675 7611
936.973 288.167 0.675 7611
937.013 288.207 0.676 7627
937.094 288.247 0.675 7627
937.174 288.287 0.676 7643
937.214 288.327 0.676 7643
937.294 288.366 0.676 7643
937.334 288.406 0.676 7659
937.414 288.446 0.676 7659
937.454 288.486 0.676 7659
937.494 288.486 0.676 7676
937.574 288.526 0.676 7692
937.614 288.565 0.676 7692
937.695 288.605 0.676 7692
937.735 288.645 0.676 7708
937.815 288.645 0.676 7724
937.895 288.685 0.677 7724
937.935 288.725 0.676 7724
938.015 288.764 0.677 7740
938.095 288.764 0.677 7740
938.175 288.804 0.677 7756
938.215 288.804 0.677 7756
938.295 288.844 0.678 7756
938.376 288.884 0.678 7772
938.456 288.884 0.678 7772
938.536 288.924 0.679 7772
938.576 288.964 0.679 7788
938.656 289.003 0.679 7805
938.776 289.003 0.679 7805
938.816 289.043 0.679 7805
938.977 289.043 0.680 7821
939.057 289.083 0.680 7837
939.177 289.083 0.680 7837
939.257 289.083 0.681 7837
939.337 289.083 0.681 7853
939.457 289.123 0.682 7853
939.538 289.123 0.683 7853
939.658 289.123 0.683 7870
939.738 289.123 0.684 7886
939.858 289.163 0.684 7886
939.938 289.163 0.684 7886
940.018 289.163 0.684 7902
940.099 289.163 0.684 7902
940.179 289.202 0.684 7918
940.259 289.202 0.684 7918
940.299 289.202 0.684 7934
940.419 289.242 0.685 7934
940.499 289.242 0.685 7934
940.619 289.242 0.684 7950
940.699 289.242 0.685 7950
940.820 289.242 0.685 7966
940.900 289.242 0.685 7966
941.020 289.242 0.686 7966
941.140 289.242 0.685 7983
941.220 289.242 0.685 7999
941.341 289.242 0.686 7999
941.461 289.242 0.686 7999
941.581 289.242 0.686 8015
941.661 289.242 0.686 8015
941.781 289.242 0.686 8015
941.901 289.242 0.686 8031
942.022 289.202 0.686 8047
942.142 289.163 0.686 8047
942.262 289.123 0.686 8047
942.422 289.043 0.686 8063
942.623 289.003 0.687 8079
942.743 288.924 0.687 8079
942.903 288.844 0.687 8079
943.063 288.764 0.687 8095
943.184 288.725 0.687 8095
943.344 288.685 0.687 8095
943.464 288.605 0.687 8112
943.584 288.565 0.687 8128
943.664 288.526 0.687 8128
943.785 288.526 0.687 8128
943.865 288.486 0.687 8144
943.985 288.446 0.687 8144
944.065 288.406 0.687 8160
944.185 288.406 0.687 8160
944.306 288.327 0.687 8160
944.426 288.287 0.688 8176
944.546 288.247 0.688 8176
944.666 288.207 0.688 8192
944.786 288.167 0.688 8192
944.947 288.128 0.688 8208
945.027 288.088 0.688 8208
945.147 288.008 0.688 8208
945.267 288.008 0.688 8224
945.387 287.968 0.688 8241
945.508 287.889 0.688 8241
945.628 287.889 0.688 8241
945.788 287.849 0.688 8257
945.948 287.809 0.688 8273
946.109 287.729 0.688 8273
946.229 287.690 0.688 8273
946.349 287.650 0.688 8290
946.469 287.570 0.688 8290
946.589 287.530 0.688 8290
946.750 287.451 0.689 8306
946.870 287.411 0.689 8306
946.990 287.331 0.688 8322
947.150 287.292 0.689 8322
947.270 287.252 0.688 8338
947.391 287.212 0.689 8338
947.511 287.132 0.688 8354
947.671 287.053 0.689 8354
947.791 286.973 0.689 8354
947.952 286.893 0.689 8370
948.112 286.814 0.690 8370
948.272 286.694 0.689 8370
948.392 286.575 0.689 8386
948.553 286.495 0.689 8403
948.713 286.416 0.690 8403
948.873 286.296 0.690 8403
949.033 286.257 0.690 8419
949.194 286.177 0.690 8435
949.354 286.137 0.690 8435
949.474 286.057 0.691 8435
949.634 285.978 0.690 8452
949.795 285.898 0.690 8452
949.955 285.819 0.690 8452
950.075 285.739 0.690 8468
950.235 285.659 0.690 8484
950.396 285.580 0.691 8484
950.516 285.500 0.690 8484
950.676 285.421 0.690 8500
950.796 285.341 0.690 8500
950.917 285.182 0.690 8516
951.077 285.102 0.691 8516
951.237 284.983 0.690 8532
951.357 284.903 0.690 8532
951.518 284.784 0.690 8532
951.678 284.704 0.689 8549
951.838 284.624 0.689 8549
951.998 284.505 0.690 8565
952.199 284.425 0.690 8565
952.319 284.306 0.690 8565
952.479 284.226 0.691 8581
952.599 284.147 0.690 8597
952.679 284.027 0.691 8597
952.800 283.948 0.690 8597
952.880 283.868 0.690 8613
952.960 283.788 0.691 8613
953.040 283.709 0.691 8613
953.080 283.669 0.691 8629
953.160 283.589 0.691 8646
953.240 283.510 0.691 8646
953.321 283.430 0.691 8646
953.401 283.390 0.691 8662
953.521 283.351 0.689 8678
953.601 283.271 0.691 8678
953.721 283.231 0.689 8678
953.801 283.191 0.691 8694
953.922 283.151 0.689 8694
954.002 283.032 0.691 8694
954.122 282.992 0.690 8710
954.202 282.913 0.691 8710
954.282 282.753 0.691 8726
954.362 282.674 0.690 8726
954.482 282.594 0.691 8742
954.563 282.554 0.691 8742
954.643 282.475 0.691 8758
954.723 282.395 0.691 8758
954.803 282.355 0.691 8758
954.883 282.276 0.691 8775
954.963 282.196 0.691 8775
955.043 282.156 0.691 8775
955.083 282.077 0.689 8791
955.164 281.997 0.691 8807
955.204 281.957 0.690 8807
955.284 281.878 0.691 8807
955.364 281.798 0.690 8823
955.444 281.718 0.689 8840
955.524 281.679 0.689 8840
955.604 281.599 0.689 8840
955.684 281.519 0.689 8856
955.765 281.440 0.689 8856
955.845 281.400 0.689 8856
955.885 281.360 0.688 8872
955.965 281.281 0.688 8888
956.005 281.241 0.688 8888
956.045 281.201 0.688 8888
956.085 281.161 0.687 8905
956.165 281.161 0.686 8905
956.205 281.081 0.686 8921
956.245 281.042 0.687 8921
956.285 281.002 0.685 8921
956.366 280.922 0.686 8937
956.406 280.882 0.686 8937
956.486 280.803 0.685 8953
956.566 280.723 0.686 8953
956.606 280.683 0.685 8969
956.646 280.644 0.683 8969
956.686 280.604 0.683 8969
956.726 280.564 0.682 8985
956.766 280.484 0.683 9002
956.806 280.445 0.682 9002
956.806 280.405 0.683 9002
956.846 280.365 0.682 9018
956.887 280.325 0.682 9018
956.927 280.325 0.680 9018
956.967 280.285 0.679 9034
957.047 280.245 0.675 9050
957.087 280.206 0.668 9050
957.127 280.126 0.661 9050
957.207 280.046 0.652 9066
957.247 279.967 0.644 9066
957.327 279.847 0.635 9083
957.407 279.768 0.629 9083
957.487 279.609 0.623 9083
957.568 279.489 0.612 9099
957.688 279.330 0.588 9115
957.768 279.211 0.558 9115
957.848 279.051 0.501 9115
957.888 278.892 0.399 9131
957.928 278.653 0.199 9131

