% x_coordinate y_coordinate pressure time
% shape 0, 1680 points
880.279 115.479 0.068 0
880.279 115.479 0.097 0
880.279 115.519 0.132 16
880.279 115.558 0.165 16
880.279 115.598 0.191 17
880.279 115.638 0.208 32
880.239 115.638 0.226 48
880.199 115.678 0.245 48
880.199 115.718 0.263 48
880.159 115.757 0.285 64
880.119 115.797 0.304 64
880.038 115.837 0.321 64
879.958 115.877 0.339 81
879.878 115.996 0.355 97
879.758 116.116 0.368 97
879.638 116.235 0.378 97
879.477 116.394 0.387 113
879.317 116.554 0.395 129
879.157 116.713 0.403 129
878.957 116.872 0.409 129
878.756 117.071 0.414 146
878.556 117.230 0.420 146
878.396 117.390 0.425 146
878.195 117.549 0.431 162
878.035 117.708 0.437 178
877.875 117.867 0.443 178
877.715 117.987 0.448 178
877.554 118.106 0.452 194
877.354 118.305 0.457 194
877.194 118.425 0.462 210
877.033 118.584 0.467 210
876.873 118.703 0.471 210
876.713 118.823 0.474 226
876.553 118.942 0.477 226
876.392 119.062 0.480 243
876.232 119.181 0.484 243
876.112 119.340 0.487 259
875.952 119.460 0.490 259
875.791 119.619 0.492 259
875.671 119.778 0.494 275
875.551 119.937 0.496 292
875.431 120.097 0.498 292
875.311 120.296 0.499 292
875.150 120.495 0.500 308
875.030 120.694 0.501 308
874.870 120.853 0.503 308
874.710 121.052 0.504 324
874.589 121.211 0.506 340
874.429 121.370 0.509 340
874.309 121.530 0.512 340
874.189 121.689 0.513 356
874.109 121.848 0.516 356
874.028 122.007 0.519 372
873.948 122.127 0.520 372
873.868 122.246 0.522 389
873.788 122.405 0.523 389
873.668 122.565 0.524 389
873.548 122.764 0.526 405
873.467 122.963 0.527 405
873.347 123.122 0.528 421
873.227 123.281 0.529 421
873.147 123.480 0.529 421
873.027 123.679 0.530 437
872.947 123.839 0.531 453
872.826 124.038 0.531 453
872.746 124.197 0.532 453
872.666 124.356 0.532 470
872.626 124.515 0.532 470
872.546 124.675 0.533 470
872.466 124.834 0.532 486
872.386 125.033 0.533 502
872.306 125.192 0.534 502
872.225 125.351 0.534 502
872.145 125.550 0.534 518
872.065 125.749 0.535 535
871.945 125.948 0.535 535
871.865 126.108 0.536 535
871.825 126.307 0.537 551
871.745 126.466 0.537 551
871.664 126.625 0.537 551
871.624 126.784 0.537 567
871.544 126.944 0.537 583
871.504 127.103 0.538 583
871.384 127.302 0.538 583
871.344 127.461 0.537 599
871.264 127.581 0.538 599
871.184 127.740 0.538 616
871.144 127.899 0.538 616
871.063 128.058 0.539 616
870.983 128.178 0.538 632
870.943 128.337 0.538 632
870.903 128.496 0.539 648
870.823 128.655 0.538 648
870.783 128.815 0.539 664
870.743 128.974 0.539 664
870.743 129.093 0.539 664
870.663 129.253 0.540 680
870.623 129.412 0.540 696
870.583 129.571 0.540 696
870.543 129.730 0.541 696
870.503 129.850 0.540 713
870.462 130.009 0.541 713
870.422 130.128 0.542 713
870.382 130.288 0.542 729
870.342 130.447 0.542 745
870.342 130.606 0.543 745
870.302 130.765 0.543 745
870.302 130.885 0.543 761
870.302 131.044 0.544 761
870.302 131.163 0.544 777
870.302 131.322 0.545 777
870.302 131.482 0.546 794
870.302 131.681 0.547 794
870.302 131.840 0.548 794
870.302 132.039 0.550 810
870.302 132.198 0.552 810
870.302 132.397 0.553 826
870.302 132.557 0.554 826
870.302 132.756 0.554 826
870.302 132.915 0.556 842
870.302 133.074 0.557 858
870.302 133.233 0.558 858
870.302 133.432 0.559 858
870.302 133.592 0.560 875
870.302 133.791 0.561 875
870.302 133.990 0.563 875
870.302 134.189 0.564 891
870.262 134.348 0.565 907
870.262 134.547 0.565 907
870.262 134.706 0.566 907
870.262 134.865 0.567 923
870.262 135.025 0.568 940
870.262 135.184 0.568 940
870.262 135.343 0.569 940
870.302 135.502 0.568 956
870.342 135.701 0.570 956
870.382 135.901 0.570 956
870.422 136.139 0.571 972
870.462 136.299 0.572 988
870.503 136.498 0.572 988
870.543 136.657 0.572 988
870.583 136.856 0.572 1004
870.663 137.015 0.573 1004
870.703 137.174 0.573 1020
870.783 137.334 0.574 1020
870.863 137.493 0.574 1020
870.943 137.652 0.575 1037
871.023 137.771 0.575 1037
871.104 137.931 0.575 1053
871.184 138.090 0.575 1053
871.264 138.249 0.576 1069
871.344 138.448 0.575 1069
871.424 138.568 0.576 1069
871.504 138.727 0.577 1085
871.584 138.886 0.576 1101
871.664 139.006 0.577 1101
871.745 139.125 0.576 1101
871.825 139.244 0.576 1118
871.905 139.364 0.577 1118
871.985 139.483 0.577 1118
872.145 139.563 0.577 1134
872.265 139.682 0.578 1150
872.346 139.802 0.578 1150
872.426 139.881 0.578 1150
872.546 140.001 0.579 1166
872.626 140.120 0.579 1182
872.746 140.200 0.580 1182
872.866 140.319 0.579 1182
872.947 140.439 0.580 1198
873.067 140.598 0.579 1198
873.187 140.717 0.580 1198
873.347 140.837 0.579 1214
873.467 140.916 0.580 1231
873.588 140.996 0.580 1231
873.708 141.076 0.580 1231
873.868 141.195 0.580 1247
873.988 141.235 0.580 1247
874.109 141.314 0.579 1263
874.229 141.394 0.580 1263
874.349 141.474 0.581 1263
874.469 141.553 0.581 1279
874.629 141.633 0.581 1279
874.790 141.712 0.581 1295
874.910 141.832 0.581 1295
875.070 141.872 0.582 1312
875.230 141.951 0.582 1312
875.391 142.031 0.582 1312
875.551 142.111 0.582 1328
875.711 142.190 0.582 1344
875.871 142.230 0.582 1344
875.992 142.310 0.582 1344
876.152 142.349 0.582 1360
876.312 142.429 0.583 1360
876.432 142.509 0.582 1376
876.593 142.548 0.583 1376
876.753 142.628 0.583 1376
876.873 142.708 0.583 1393
876.993 142.787 0.584 1393
877.114 142.867 0.584 1409
877.234 142.947 0.584 1409
877.354 142.986 0.584 1425
877.474 143.066 0.584 1425
877.634 143.146 0.584 1425
877.755 143.185 0.585 1441
877.915 143.225 0.584 1458
878.035 143.265 0.584 1458
878.195 143.345 0.585 1458
878.356 143.384 0.584 1474
878.516 143.384 0.584 1474
878.636 143.424 0.585 1474
878.796 143.464 0.585 1490
878.917 143.504 0.585 1506
879.037 143.504 0.586 1506
879.197 143.544 0.585 1506
879.317 143.583 0.586 1523
879.437 143.623 0.586 1539
879.598 143.663 0.586 1539
879.718 143.703 0.587 1539
879.838 143.743 0.586 1555
879.998 143.783 0.586 1555
880.119 143.783 0.587 1555
880.279 143.822 0.587 1571
880.399 143.862 0.587 1571
880.559 143.902 0.587 1588
880.760 143.942 0.587 1588
880.880 143.982 0.587 1604
881.040 144.021 0.587 1604
881.160 144.021 0.587 1620
881.321 144.061 0.587 1620
881.481 144.061 0.587 1620
881.641 144.061 0.587 1636
881.801 144.061 0.587 1636
881.962 144.101 0.587 1636
882.122 144.101 0.587 1653
882.282 144.141 0.588 1669
882.442 144.181 0.588 1669
882.643 144.181 0.588 1669
882.803 144.220 0.588 1685
883.043 144.260 0.588 1701
883.204 144.260 0.588 1701
883.404 144.300 0.588 1701
883.564 144.300 0.588 1718
883.725 144.300 0.588 1718
883.925 144.300 0.588 1718
884.085 144.300 0.588 1734
884.245 144.300 0.588 1750
884.526 144.340 0.589 1750
884.686 144.340 0.589 1750
884.886 144.380 0.589 1766
885.047 144.419 0.589 1766
885.247 144.419 0.589 1782
885.407 144.419 0.589 1782
885.568 144.419 0.589 1782
885.728 144.419 0.589 1799
885.928 144.419 0.589 1799
886.129 144.419 0.589 1815
886.329 144.419 0.589 1815
886.489 144.419 0.589 1831
886.690 144.419 0.589 1831
886.890 144.419 0.589 1831
887.050 144.419 0.589 1847
887.250 144.419 0.589 1863
887.411 144.419 0.590 1863
887.611 144.419 0.590 1863
887.771 144.419 0.589 1880
887.972 144.419 0.590 1880
888.172 144.419 0.590 1880
888.372 144.419 0.591 1896
888.533 144.419 0.591 1912
888.693 144.419 0.590 1912
888.893 144.419 0.591 1912
889.053 144.380 0.591 1928
889.214 144.340 0.591 1945
889.414 144.300 0.592 1945
889.574 144.260 0.592 1945
889.735 144.220 0.592 1961
889.895 144.181 0.593 1961
890.055 144.141 0.593 1961
890.175 144.101 0.593 1977
890.376 144.061 0.593 1977
890.536 144.021 0.593 1993
890.696 143.982 0.593 1993
890.816 143.942 0.594 1993
891.017 143.902 0.593 2010
891.177 143.902 0.594 2026
891.297 143.862 0.594 2026
891.497 143.822 0.593 2026
891.658 143.783 0.594 2042
891.818 143.743 0.594 2042
891.978 143.703 0.594 2042
892.179 143.663 0.594 2058
892.339 143.623 0.594 2075
892.539 143.544 0.594 2075
892.699 143.464 0.595 2075
892.860 143.345 0.594 2091
893.060 143.265 0.594 2107
893.220 143.146 0.595 2107
893.381 143.066 0.594 2107
893.541 142.986 0.595 2123
893.741 142.947 0.595 2123
893.901 142.867 0.595 2140
894.062 142.827 0.595 2140
894.222 142.787 0.595 2140
894.382 142.748 0.595 2156
894.623 142.708 0.596 2156
894.743 142.668 0.596 2156
894.943 142.628 0.596 2172
895.103 142.548 0.596 2188
895.264 142.469 0.596 2188
895.424 142.389 0.596 2188
895.584 142.270 0.596 2205
895.745 142.190 0.596 2221
895.865 142.111 0.596 2221
896.025 142.071 0.596 2221
896.145 142.031 0.596 2237
896.265 141.991 0.596 2237
896.386 141.991 0.596 2237
896.506 141.951 0.596 2254
896.626 141.951 0.596 2270
896.786 141.912 0.596 2270
896.906 141.872 0.596 2270
897.027 141.792 0.597 2286
897.187 141.752 0.596 2286
897.347 141.673 0.597 2303
897.467 141.593 0.597 2303
897.628 141.513 0.596 2303
897.828 141.474 0.597 2319
897.988 141.394 0.597 2319
898.149 141.314 0.597 2335
898.309 141.235 0.597 2335
898.469 141.155 0.597 2351
898.669 141.076 0.597 2351
898.830 140.996 0.597 2351
898.990 140.916 0.597 2367
899.110 140.837 0.597 2383
899.230 140.757 0.598 2383
899.351 140.717 0.597 2383
899.471 140.677 0.597 2399
899.551 140.638 0.597 2399
899.671 140.598 0.597 2399
899.791 140.518 0.597 2416
899.912 140.478 0.597 2432
900.032 140.399 0.597 2432
900.192 140.319 0.597 2432
900.392 140.200 0.597 2448
900.553 140.120 0.597 2464
900.713 139.961 0.598 2464
900.913 139.841 0.597 2464
901.073 139.762 0.597 2480
901.234 139.642 0.598 2480
901.394 139.523 0.597 2480
901.554 139.443 0.597 2497
901.714 139.324 0.598 2497
901.835 139.244 0.597 2513
901.995 139.165 0.597 2513
902.155 139.045 0.598 2529
902.275 138.966 0.597 2529
902.396 138.886 0.598 2545
902.556 138.806 0.598 2545
902.676 138.727 0.597 2545
902.796 138.607 0.598 2562
902.917 138.528 0.598 2562
903.037 138.448 0.597 2562
903.197 138.329 0.598 2578
903.317 138.249 0.598 2594
903.477 138.130 0.598 2594
903.598 138.010 0.598 2594
903.798 137.931 0.598 2611
903.918 137.811 0.598 2627
904.038 137.692 0.598 2627
904.159 137.612 0.598 2627
904.319 137.493 0.598 2643
904.439 137.413 0.599 2643
904.559 137.294 0.598 2643
904.679 137.214 0.599 2659
904.800 137.095 0.599 2675
904.920 136.975 0.598 2675
905.040 136.856 0.599 2675
905.160 136.736 0.599 2692
905.321 136.577 0.599 2692
905.481 136.458 0.599 2708
905.601 136.338 0.599 2708
905.721 136.219 0.599 2724
905.841 136.100 0.600 2724
905.962 135.980 0.599 2724
906.122 135.861 0.599 2740
906.242 135.741 0.599 2740
906.362 135.622 0.599 2757
906.523 135.463 0.599 2757
906.643 135.343 0.599 2757
906.803 135.224 0.599 2773
906.923 135.104 0.600 2789
907.043 134.945 0.599 2789
907.204 134.786 0.599 2789
907.324 134.627 0.600 2805
907.444 134.507 0.600 2805
907.564 134.348 0.600 2805
907.685 134.229 0.600 2822
907.765 134.109 0.600 2838
907.885 134.030 0.600 2838
908.005 133.910 0.600 2838
908.085 133.791 0.599 2854
908.205 133.671 0.600 2870
908.326 133.552 0.600 2870
908.486 133.393 0.600 2870
908.606 133.273 0.600 2886
908.726 133.074 0.600 2886
908.886 132.955 0.600 2886
908.967 132.795 0.600 2903
909.127 132.676 0.600 2903
909.207 132.517 0.600 2919
909.327 132.397 0.601 2919
909.407 132.278 0.600 2935
909.528 132.119 0.600 2935
909.648 131.999 0.601 2951
909.768 131.880 0.600 2951
909.888 131.721 0.600 2951
910.008 131.561 0.600 2967
910.129 131.402 0.600 2967
910.249 131.243 0.600 2967
910.329 131.084 0.600 2984
910.449 130.885 0.600 3000
910.529 130.686 0.601 3000
910.609 130.526 0.601 3000
910.689 130.327 0.601 3016
910.810 130.168 0.601 3032
910.850 129.969 0.601 3032
910.930 129.810 0.601 3032
911.010 129.651 0.601 3048
911.090 129.491 0.601 3048
911.170 129.372 0.601 3048
911.210 129.213 0.601 3064
911.290 129.053 0.601 3080
911.411 128.894 0.601 3080
911.491 128.695 0.602 3081
911.571 128.536 0.601 3096
911.611 128.417 0.601 3096
911.691 128.297 0.601 3112
911.731 128.138 0.601 3112
911.771 128.018 0.602 3113
911.811 127.899 0.601 3129
911.851 127.819 0.601 3129
911.891 127.700 0.602 3145
911.932 127.541 0.602 3145
911.972 127.421 0.602 3161
912.012 127.262 0.602 3161
912.052 127.143 0.602 3161
912.092 126.983 0.602 3177
912.132 126.824 0.602 3193
912.172 126.665 0.602 3193
912.172 126.546 0.602 3193
912.172 126.346 0.602 3209
912.212 126.187 0.602 3225
912.212 126.028 0.603 3225
912.212 125.869 0.602 3225
912.252 125.710 0.602 3241
912.252 125.550 0.603 3241
912.292 125.431 0.602 3241
912.292 125.272 0.603 3257
912.292 125.112 0.603 3273
912.332 124.953 0.602 3273
912.332 124.794 0.603 3273
912.332 124.635 0.603 3289
912.372 124.476 0.602 3289
912.372 124.237 0.603 3305
912.372 124.077 0.603 3305
912.372 123.918 0.603 3321
912.372 123.759 0.603 3321
912.372 123.600 0.603 3321
912.372 123.480 0.602 3337
912.372 123.321 0.603 3337
912.412 123.202 0.603 3354
912.412 123.042 0.603 3354
912.412 122.923 0.604 3354
912.412 122.804 0.603 3370
912.412 122.644 0.604 3386
912.412 122.525 0.604 3386
912.412 122.445 0.603 3386
912.412 122.286 0.604 3402
912.412 122.167 0.604 3402
912.412 122.007 0.604 3418
912.412 121.888 0.605 3418
912.452 121.768 0.605 3434
912.452 121.649 0.605 3434
912.452 121.530 0.606 3434
912.452 121.410 0.606 3450
912.452 121.291 0.607 3450
912.452 121.171 0.609 3466
912.452 121.052 0.610 3466
912.452 120.972 0.612 3482
912.452 120.853 0.613 3482
912.452 120.734 0.614 3498
912.452 120.614 0.616 3498
912.452 120.534 0.618 3498
912.452 120.455 0.618 3515
912.412 120.375 0.620 3515
912.412 120.296 0.621 3515
912.372 120.256 0.621 3531
912.372 120.176 0.622 3547
912.332 120.057 0.622 3547
912.292 119.977 0.622 3547
912.292 119.858 0.623 3563
912.252 119.738 0.623 3580
912.212 119.619 0.623 3580
912.172 119.499 0.624 3580
912.132 119.420 0.624 3596
912.092 119.340 0.626 3596
912.052 119.261 0.628 3596
912.012 119.141 0.629 3612
911.972 119.101 0.630 3612
911.932 119.022 0.632 3628
911.891 118.942 0.633 3628
911.851 118.863 0.635 3644
911.811 118.783 0.635 3644
911.771 118.743 0.636 3661
911.731 118.663 0.638 3661
911.651 118.584 0.638 3661
911.611 118.504 0.639 3677
911.531 118.464 0.639 3677
911.491 118.385 0.640 3677
911.411 118.305 0.641 3693
911.371 118.265 0.642 3709
911.290 118.186 0.642 3709
911.250 118.106 0.644 3709
911.170 118.066 0.645 3725
911.130 117.987 0.646 3742
911.010 117.947 0.648 3742
910.930 117.867 0.649 3742
910.850 117.828 0.649 3758
910.770 117.828 0.651 3758
910.689 117.788 0.651 3758
910.609 117.748 0.651 3774
910.569 117.708 0.652 3790
910.489 117.668 0.652 3790
910.409 117.589 0.653 3790
910.369 117.549 0.653 3806
910.289 117.509 0.653 3806
910.209 117.469 0.654 3822
910.129 117.429 0.655 3822
910.048 117.390 0.656 3822
909.928 117.350 0.657 3839
909.888 117.310 0.657 3839
909.768 117.310 0.658 3855
909.688 117.270 0.660 3855
909.608 117.230 0.660 3871
909.528 117.191 0.661 3871
909.407 117.151 0.662 3871
909.327 117.111 0.662 3887
909.207 117.111 0.662 3903
909.127 117.071 0.663 3903
909.047 117.031 0.663 3903
908.927 116.992 0.664 3920
908.846 116.992 0.665 3920
908.766 116.952 0.665 3920
908.686 116.912 0.666 3936
908.566 116.872 0.667 3952
908.486 116.832 0.667 3952
908.446 116.792 0.668 3952
908.366 116.753 0.668 3968
908.285 116.713 0.668 3985
908.205 116.713 0.669 3985
908.125 116.673 0.669 3985
908.045 116.633 0.670 4001
907.965 116.633 0.670 4001
907.885 116.593 0.670 4001
907.845 116.593 0.670 4017
907.765 116.554 0.671 4017
907.685 116.554 0.670 4033
907.604 116.554 0.671 4033
907.524 116.554 0.671 4049
907.404 116.514 0.671 4049
907.324 116.514 0.671 4065
907.284 116.514 0.671 4065
907.204 116.474 0.672 4065
907.124 116.434 0.673 4082
907.043 116.434 0.673 4082
906.963 116.394 0.673 4082
906.883 116.355 0.674 4098
906.803 116.355 0.674 4114
906.723 116.315 0.674 4114
906.643 116.315 0.674 4114
906.603 116.315 0.674 4130
906.523 116.315 0.674 4146
906.482 116.315 0.674 4146
906.402 116.315 0.674 4146
906.362 116.315 0.675 4163
906.282 116.275 0.675 4163
906.202 116.275 0.674 4163
906.162 116.275 0.675 4179
906.082 116.275 0.675 4195
906.002 116.275 0.675 4195
905.922 116.275 0.676 4195
905.801 116.275 0.676 4211
905.721 116.275 0.676 4211
905.641 116.275 0.677 4227
905.521 116.275 0.676 4227
905.441 116.275 0.676 4227
905.321 116.275 0.677 4244
905.240 116.275 0.676 4260
905.160 116.275 0.677 4260
905.080 116.275 0.677 4260
905.000 116.275 0.677 4276
904.880 116.275 0.677 4276
904.840 116.275 0.677 4276
904.760 116.275 0.677 4292
904.639 116.275 0.677 4308
904.559 116.275 0.677 4308
904.479 116.275 0.677 4308
904.399 116.275 0.678 4325
904.279 116.275 0.678 4341
904.199 116.275 0.678 4341
904.159 116.275 0.678 4341
904.038 116.275 0.677 4357
903.998 116.275 0.677 4357
903.878 116.275 0.677 4357
903.798 116.275 0.678 4373
903.718 116.275 0.678 4389
903.638 116.275 0.678 4389
903.518 116.275 0.678 4389
903.437 116.275 0.678 4405
903.317 116.275 0.677 4405
903.237 116.275 0.678 4422
903.157 116.275 0.678 4422
903.037 116.275 0.678 4422
902.997 116.275 0.678 4438
902.917 116.275 0.679 4438
902.836 116.275 0.678 4454
902.716 116.275 0.678 4454
902.636 116.275 0.679 4470
902.556 116.275 0.678 4470
902.476 116.275 0.678 4470
902.396 116.275 0.679 4486
902.356 116.275 0.678 4503
902.275 116.275 0.679 4503
902.235 116.275 0.679 4503
902.155 116.275 0.677 4519
902.075 116.275 0.678 4519
901.995 116.275 0.678 4519
901.915 116.275 0.678 4535
901.835 116.275 0.678 4551
901.755 116.315 0.678 4551
901.634 116.315 0.678 4551
901.594 116.315 0.678 4567
901.514 116.315 0.678 4567
901.434 116.355 0.679 4583
901.354 116.394 0.678 4583
901.314 116.394 0.678 4583
901.234 116.394 0.678 4599
901.154 116.394 0.678 4599
901.114 116.434 0.678 4616
901.033 116.434 0.678 4616
900.953 116.434 0.678 4632
900.873 116.474 0.678 4632
900.793 116.514 0.678 4632
900.713 116.554 0.678 4648
900.593 116.633 0.678 4664
900.513 116.673 0.678 4664
900.432 116.753 0.677 4664
900.352 116.792 0.678 4680
900.272 116.832 0.678 4697
900.192 116.872 0.677 4697
900.152 116.912 0.678 4697
900.032 116.952 0.678 4713
899.952 116.952 0.677 4713
899.871 116.992 0.678 4713
899.831 117.031 0.678 4729
899.751 117.071 0.678 4729
899.711 117.111 0.678 4745
899.631 117.151 0.678 4745
899.551 117.191 0.678 4761
899.511 117.230 0.678 4761
899.471 117.270 0.677 4777
899.391 117.310 0.678 4777
899.351 117.350 0.678 4777
899.270 117.390 0.677 4794
899.230 117.429 0.678 4794
899.150 117.469 0.678 4794
899.070 117.509 0.678 4810
899.030 117.549 0.678 4826
898.950 117.589 0.678 4826
898.870 117.628 0.677 4826
898.830 117.668 0.678 4842
898.750 117.748 0.678 4859
898.669 117.788 0.678 4859
898.589 117.867 0.678 4859
898.469 117.947 0.678 4875
898.429 117.987 0.678 4875
898.309 118.027 0.678 4875
898.269 118.106 0.677 4891
898.229 118.146 0.678 4907
898.189 118.226 0.678 4907
898.149 118.265 0.677 4907
898.109 118.305 0.678 4923
898.068 118.345 0.678 4923
897.988 118.385 0.677 4939
897.948 118.464 0.678 4939
897.908 118.504 0.677 4955
897.828 118.544 0.677 4955
897.788 118.624 0.678 4955
897.708 118.663 0.677 4972
897.668 118.743 0.677 4972
897.588 118.783 0.678 4988
897.548 118.823 0.677 4988
897.467 118.902 0.677 4988
897.387 118.942 0.678 5004
897.347 118.982 0.677 5020
897.307 119.022 0.678 5020
897.267 119.062 0.678 5020
897.187 119.101 0.677 5036
897.147 119.141 0.678 5036
897.067 119.181 0.678 5036
897.027 119.221 0.677 5052
896.987 119.261 0.678 5068
896.947 119.300 0.678 5068
896.866 119.340 0.678 5068
896.826 119.420 0.678 5085
896.786 119.460 0.677 5085
896.706 119.539 0.678 5101
896.666 119.579 0.678 5101
896.586 119.619 0.677 5117
896.546 119.698 0.677 5117
896.466 119.738 0.678 5117
896.426 119.818 0.677 5133
896.386 119.858 0.678 5133
896.306 119.937 0.678 5149
896.265 119.977 0.677 5149
896.185 120.057 0.678 5149
896.145 120.136 0.678 5165
896.065 120.216 0.677 5182
895.985 120.296 0.678 5182
895.905 120.335 0.678 5182
895.825 120.415 0.678 5198
895.745 120.495 0.678 5214
895.705 120.574 0.677 5214
895.624 120.654 0.678 5214
895.544 120.734 0.678 5230
895.464 120.813 0.677 5230
895.384 120.893 0.678 5230
895.304 120.972 0.678 5246
895.264 121.052 0.677 5263
895.224 121.132 0.678 5263
895.144 121.211 0.678 5263
895.103 121.291 0.677 5279
895.023 121.370 0.678 5279
894.983 121.450 0.677 5295
894.903 121.569 0.677 5295
894.823 121.649 0.678 5295
894.783 121.768 0.677 5311
894.703 121.848 0.677 5311
894.623 121.928 0.678 5327
894.543 122.007 0.677 5327
894.503 122.087 0.678 5344
894.422 122.167 0.677 5344
894.382 122.246 0.677 5344
894.342 122.366 0.678 5360
894.262 122.445 0.678 5376
894.182 122.525 0.677 5376
894.102 122.605 0.678 5376
894.022 122.724 0.677 5392
893.982 122.764 0.677 5392
893.901 122.883 0.678 5392
893.821 122.963 0.677 5408
893.741 123.082 0.677 5424
893.701 123.162 0.678 5424
893.621 123.241 0.677 5424
893.541 123.361 0.677 5441
893.461 123.440 0.678 5441
893.421 123.560 0.677 5457
893.341 123.639 0.678 5457
893.260 123.759 0.677 5457
893.180 123.839 0.677 5473
893.140 123.958 0.678 5489
893.060 124.038 0.678 5489
892.980 124.117 0.677 5489
892.940 124.197 0.678 5505
892.900 124.316 0.677 5505
892.820 124.396 0.677 5505
892.740 124.476 0.678 5521
892.699 124.555 0.677 5538
892.619 124.675 0.677 5538
892.579 124.794 0.678 5538
892.499 124.874 0.677 5554
892.459 124.953 0.677 5570
892.379 125.033 0.677 5570
892.339 125.152 0.677 5570
892.299 125.272 0.678 5586
892.179 125.351 0.677 5586
892.099 125.471 0.677 5586
892.018 125.590 0.678 5602
891.938 125.670 0.678 5602
891.898 125.789 0.677 5618
891.818 125.869 0.678 5618
891.738 125.988 0.677 5618
891.658 126.068 0.677 5634
891.618 126.187 0.678 5651
891.578 126.307 0.677 5651
891.497 126.386 0.677 5651
891.417 126.466 0.677 5667
891.377 126.585 0.677 5667
891.297 126.665 0.677 5667
891.217 126.784 0.677 5683
891.137 126.944 0.677 5699
891.057 127.063 0.678 5699
890.977 127.182 0.677 5699
890.897 127.262 0.677 5716
890.816 127.342 0.677 5732
890.776 127.421 0.677 5732
890.696 127.501 0.677 5732
890.656 127.581 0.677 5748
890.616 127.660 0.677 5748
890.576 127.740 0.677 5748
890.496 127.780 0.677 5764
890.456 127.859 0.677 5780
890.376 127.979 0.677 5780
890.295 128.058 0.677 5780
890.215 128.178 0.677 5797
890.135 128.257 0.677 5797
890.095 128.377 0.677 5813
890.015 128.496 0.677 5813
889.935 128.576 0.677 5813
889.855 128.695 0.677 5829
889.735 128.815 0.677 5829
889.654 128.934 0.678 5845
889.574 129.053 0.677 5845
889.494 129.213 0.677 5861
889.414 129.332 0.677 5861
889.334 129.412 0.677 5861
889.254 129.531 0.677 5878
889.174 129.611 0.677 5894
889.134 129.690 0.677 5894
889.053 129.770 0.677 5894
889.013 129.850 0.677 5910
888.973 129.929 0.677 5926
888.933 130.009 0.677 5926
888.893 130.088 0.677 5926
888.853 130.208 0.677 5943
888.813 130.288 0.677 5943
888.733 130.407 0.677 5943
888.693 130.526 0.677 5959
888.613 130.606 0.677 5959
888.533 130.725 0.677 5975
888.492 130.805 0.677 5975
888.412 130.885 0.677 5991
888.372 131.004 0.677 5991
888.332 131.084 0.677 6007
888.252 131.163 0.677 6007
888.172 131.243 0.677 6007
888.132 131.362 0.677 6024
888.092 131.442 0.677 6024
888.052 131.522 0.677 6024
888.012 131.561 0.677 6040
887.972 131.641 0.676 6056
887.972 131.721 0.677 6056
887.932 131.800 0.677 6056
887.891 131.880 0.676 6072
887.811 131.959 0.677 6089
887.771 132.079 0.677 6089
887.731 132.159 0.676 6089
887.691 132.278 0.677 6105
887.691 132.358 0.676 6105
887.651 132.477 0.676 6105
887.611 132.557 0.677 6121
887.531 132.636 0.676 6137
887.491 132.676 0.676 6137
887.491 132.756 0.677 6137
887.451 132.835 0.677 6153
887.411 132.915 0.677 6153
887.331 132.955 0.677 6170
887.290 133.034 0.676 6170
887.250 133.114 0.676 6170
887.210 133.193 0.677 6186
887.130 133.313 0.676 6186
887.090 133.393 0.677 6202
887.050 133.472 0.677 6202
887.050 133.592 0.676 6218
887.010 133.671 0.677 6218
886.970 133.751 0.676 6218
886.970 133.830 0.676 6234
886.930 133.910 0.677 6250
886.930 134.030 0.676 6250
886.890 134.109 0.676 6250
886.850 134.229 0.677 6266
886.810 134.308 0.676 6266
886.770 134.428 0.676 6282
886.730 134.547 0.677 6282
886.690 134.627 0.676 6299
886.649 134.746 0.677 6299
886.609 134.865 0.676 6299
886.569 134.945 0.676 6315
886.529 135.064 0.677 6315
886.489 135.184 0.676 6331
886.409 135.303 0.676 6331
886.369 135.383 0.677 6347
886.329 135.502 0.676 6347
886.289 135.582 0.676 6363
886.249 135.701 0.677 6363
886.209 135.781 0.676 6363
886.169 135.940 0.676 6379
886.129 136.060 0.676 6379
886.129 136.139 0.676 6395
886.088 136.259 0.676 6395
886.048 136.338 0.676 6412
886.008 136.418 0.676 6412
885.968 136.537 0.677 6412
885.888 136.617 0.677 6428
885.848 136.736 0.676 6444
885.768 136.816 0.677 6444
885.728 136.935 0.676 6444
885.688 137.055 0.676 6460
885.608 137.174 0.677 6460
885.528 137.254 0.676 6460
885.487 137.373 0.676 6476
885.487 137.493 0.677 6492
885.447 137.572 0.676 6492
885.407 137.692 0.677 6492
885.367 137.771 0.676 6509
885.327 137.891 0.676 6509
885.247 138.010 0.677 6525
885.207 138.130 0.676 6525
885.127 138.249 0.676 6541
885.087 138.329 0.677 6541
885.047 138.408 0.676 6541
885.007 138.488 0.676 6557
884.967 138.568 0.677 6557
884.927 138.687 0.676 6573
884.886 138.767 0.676 6573
884.846 138.886 0.677 6589
884.806 139.006 0.676 6589
884.766 139.125 0.676 6606
884.726 139.244 0.677 6606
884.686 139.324 0.676 6606
884.646 139.443 0.676 6622
884.606 139.523 0.676 6622
884.566 139.603 0.676 6622
884.566 139.682 0.677 6638
884.486 139.762 0.676 6654
884.486 139.841 0.676 6654
884.446 139.961 0.676 6654
884.406 140.041 0.676 6670
884.366 140.160 0.676 6687
884.326 140.240 0.676 6687
884.286 140.399 0.676 6687
884.245 140.478 0.676 6703
884.205 140.558 0.677 6703
884.125 140.677 0.676 6703
884.125 140.797 0.677 6719
884.085 140.877 0.676 6735
884.045 140.956 0.676 6735
884.045 141.076 0.677 6735
884.005 141.155 0.676 6752
884.005 141.235 0.676 6752
883.965 141.314 0.677 6768
883.925 141.394 0.676 6768
883.925 141.513 0.676 6768
883.845 141.593 0.677 6784
883.805 141.673 0.676 6784
883.765 141.752 0.676 6800
883.765 141.832 0.676 6800
883.725 141.912 0.676 6816
883.684 141.991 0.677 6816
883.604 142.071 0.676 6816
883.604 142.150 0.676 6832
883.564 142.270 0.677 6849
883.524 142.349 0.676 6849
883.524 142.429 0.676 6849
883.484 142.509 0.677 6865
883.444 142.628 0.676 6865
883.404 142.708 0.676 6865
883.324 142.787 0.676 6881
883.284 142.867 0.676 6897
883.244 142.986 0.676 6897
883.204 143.066 0.676 6897
883.164 143.146 0.676 6913
883.124 143.225 0.677 6930
883.083 143.305 0.676 6930
883.043 143.384 0.676 6930
883.003 143.424 0.676 6946
883.003 143.504 0.677 6946
882.963 143.583 0.676 6946
882.923 143.663 0.677 6962
882.883 143.743 0.677 6962
882.843 143.862 0.676 6978
882.803 143.982 0.677 6978
882.763 144.061 0.676 6994
882.723 144.181 0.676 6994
882.643 144.260 0.676 7010
882.643 144.380 0.676 7010
882.603 144.499 0.676 7010
882.563 144.579 0.676 7026
882.523 144.658 0.676 7026
882.482 144.818 0.676 7026
882.442 144.897 0.676 7043
882.402 144.977 0.676 7059
882.402 145.096 0.676 7059
882.362 145.176 0.676 7059
882.362 145.295 0.676 7075
882.322 145.375 0.676 7091
882.282 145.494 0.676 7091
882.242 145.614 0.676 7091
882.202 145.733 0.676 7107
882.202 145.853 0.676 7107
882.162 145.972 0.676 7124
882.122 146.052 0.676 7124
882.082 146.131 0.676 7124
882.042 146.251 0.676 7140
882.002 146.330 0.676 7140
881.962 146.410 0.676 7156
881.922 146.529 0.676 7156
881.881 146.609 0.676 7172
881.881 146.728 0.676 7172
881.841 146.808 0.676 7172
881.801 146.888 0.676 7189
881.761 146.967 0.676 7205
881.681 147.126 0.676 7205
881.681 147.206 0.676 7205
881.641 147.286 0.676 7221
881.641 147.405 0.676 7221
881.601 147.485 0.676 7221
881.561 147.604 0.676 7237
881.481 147.684 0.676 7253
881.441 147.763 0.676 7253
881.401 147.843 0.676 7253
881.361 147.883 0.676 7270
881.321 147.962 0.676 7270
881.280 148.042 0.676 7286
881.280 148.082 0.676 7286
881.240 148.161 0.676 7286
881.200 148.241 0.676 7302
881.160 148.321 0.676 7318
881.160 148.400 0.676 7318
881.120 148.480 0.676 7318
881.080 148.599 0.676 7335
881.040 148.719 0.676 7335
881.000 148.838 0.676 7335
881.000 148.958 0.676 7351
880.960 149.077 0.676 7367
880.920 149.157 0.676 7367
880.920 149.236 0.676 7367
880.880 149.356 0.676 7384
880.840 149.435 0.676 7400
880.840 149.515 0.676 7400
880.800 149.595 0.676 7400
880.760 149.714 0.676 7416
880.760 149.794 0.676 7416
880.720 149.913 0.676 7416
880.679 150.032 0.675 7433
880.639 150.112 0.676 7433
880.639 150.192 0.676 7449
880.599 150.271 0.676 7449
880.559 150.351 0.676 7465
880.559 150.431 0.676 7465
880.559 150.510 0.676 7481
880.519 150.590 0.676 7481
880.479 150.669 0.676 7481
880.479 150.749 0.676 7498
880.439 150.829 0.676 7498
880.439 150.868 0.676 7498
880.399 150.948 0.676 7514
880.359 151.028 0.676 7530
880.319 151.107 0.676 7530
880.319 151.187 0.676 7530
880.279 151.266 0.676 7546
880.239 151.386 0.676 7563
880.239 151.466 0.676 7563
880.199 151.625 0.676 7563
880.199 151.704 0.676 7579
880.159 151.824 0.676 7579
880.159 151.903 0.676 7579
880.119 151.983 0.676 7595
880.078 152.063 0.676 7612
880.038 152.102 0.676 7612
879.998 152.182 0.676 7612
879.958 152.222 0.676 7628
879.958 152.302 0.676 7628
879.878 152.381 0.676 7644
879.878 152.461 0.676 7644
879.838 152.580 0.676 7644
879.798 152.660 0.676 7661
879.758 152.739 0.676 7661
879.758 152.859 0.676 7661
879.718 152.938 0.676 7677
879.678 153.058 0.676 7693
879.638 153.137 0.676 7693
879.598 153.217 0.676 7693
879.558 153.337 0.676 7710
879.518 153.416 0.676 7726
879.518 153.536 0.676 7726
879.477 153.655 0.676 7726
879.437 153.814 0.676 7742
879.397 153.894 0.676 7742
879.357 154.013 0.676 7742
879.317 154.133 0.676 7758
879.277 154.212 0.676 7775
879.277 154.332 0.675 7775
879.237 154.411 0.676 7775
879.237 154.491 0.676 7791
879.197 154.571 0.676 7791
879.197 154.610 0.676 7807
879.157 154.690 0.676 7807
879.157 154.770 0.676 7807
879.117 154.849 0.676 7823
879.077 154.929 0.676 7823
879.077 155.008 0.676 7839
879.037 155.088 0.676 7839
878.997 155.128 0.676 7856
878.997 155.208 0.676 7856
878.957 155.287 0.676 7856
878.957 155.327 0.676 7872
878.917 155.407 0.676 7888
878.917 155.486 0.676 7888
878.876 155.566 0.676 7888
878.876 155.645 0.676 7905
878.876 155.685 0.676 7905
878.836 155.765 0.676 7905
878.796 155.805 0.676 7921
878.756 155.884 0.675 7937
878.716 155.964 0.676 7937
878.676 156.083 0.676 7937
878.636 156.163 0.676 7953
878.636 156.242 0.676 7953
878.596 156.362 0.676 7969
878.556 156.442 0.676 7969
878.516 156.521 0.676 7969
878.436 156.601 0.676 7986
878.396 156.720 0.676 7986
878.356 156.800 0.676 8002
878.315 156.879 0.676 8002
878.275 156.959 0.676 8018
878.275 157.079 0.676 8018
878.235 157.118 0.676 8018
878.195 157.238 0.676 8035
878.155 157.317 0.676 8051
878.035 157.397 0.676 8051
877.995 157.516 0.676 8051
877.955 157.636 0.676 8067
877.915 157.755 0.676 8067
877.875 157.875 0.676 8067
877.835 158.034 0.676 8083
877.795 158.113 0.676 8100
877.755 158.233 0.677 8100
877.715 158.392 0.676 8100
877.674 158.512 0.676 8116
877.594 158.631 0.676 8132
877.554 158.711 0.676 8132
877.514 158.790 0.676 8132
877.474 158.910 0.676 8149
877.434 159.029 0.676 8149
877.434 159.109 0.676 8149
877.394 159.228 0.676 8165
877.394 159.308 0.676 8165
877.354 159.387 0.676 8181
877.314 159.507 0.676 8181
877.314 159.586 0.675 8181
877.274 159.706 0.676 8197
877.234 159.785 0.676 8213
877.194 159.905 0.676 8213
877.114 160.024 0.676 8213
877.073 160.144 0.676 8230
877.033 160.223 0.676 8246
876.993 160.343 0.676 8246
876.953 160.462 0.676 8246
876.913 160.582 0.676 8263
876.873 160.701 0.676 8263
876.833 160.781 0.676 8263
876.793 160.900 0.676 8279
876.753 160.980 0.676 8295
876.713 161.099 0.676 8295
876.713 161.179 0.676 8295
876.673 161.258 0.676 8312
876.633 161.378 0.675 8312
876.593 161.457 0.676 8328
876.553 161.577 0.676 8328
876.553 161.696 0.676 8328
876.513 161.816 0.676 8344
876.472 161.895 0.676 8344
876.432 162.015 0.676 8360
876.432 162.134 0.676 8360
876.392 162.214 0.676 8377
876.352 162.333 0.676 8377
876.352 162.453 0.676 8377
876.312 162.532 0.676 8393
876.232 162.652 0.676 8409
876.192 162.731 0.676 8409
876.192 162.891 0.675 8409
876.152 162.970 0.676 8425
876.112 163.090 0.676 8425
876.072 163.209 0.676 8425
876.032 163.328 0.676 8442
875.992 163.408 0.676 8458
875.952 163.527 0.676 8458
875.911 163.647 0.676 8458
875.871 163.766 0.676 8474
875.831 163.886 0.676 8474
875.791 163.965 0.676 8490
875.751 164.085 0.676 8490
875.711 164.164 0.676 8490
875.711 164.284 0.676 8506
875.671 164.363 0.676 8506
875.631 164.483 0.676 8523
875.631 164.562 0.676 8523
875.591 164.682 0.676 8539
875.551 164.762 0.676 8539
875.511 164.841 0.676 8539
875.471 164.961 0.676 8555
875.431 165.080 0.676 8571
875.391 165.199 0.676 8571
875.351 165.279 0.676 8571
875.311 165.398 0.676 8587
875.270 165.478 0.676 8604
875.230 165.598 0.676 8604
875.190 165.677 0.676 8604
875.150 165.797 0.676 8620
875.150 165.876 0.676 8620
875.110 165.996 0.676 8620
875.070 166.115 0.676 8636
875.070 166.195 0.676 8636
875.030 166.314 0.676 8652
874.990 166.433 0.676 8652
874.950 166.553 0.676 8652
874.870 166.672 0.676 8669
874.870 166.792 0.676 8685
874.830 166.911 0.676 8685
874.790 167.031 0.675 8685
874.750 167.110 0.676 8701
874.750 167.230 0.676 8701
874.710 167.349 0.675 8701
874.669 167.468 0.676 8717
874.589 167.588 0.676 8734
874.549 167.707 0.676 8734
874.509 167.827 0.676 8734
874.429 167.946 0.676 8750
874.389 168.066 0.676 8766
874.349 168.185 0.676 8766
874.309 168.304 0.676 8766
874.269 168.384 0.676 8783
874.229 168.464 0.676 8783
874.189 168.583 0.675 8783
874.109 168.703 0.676 8799
874.068 168.782 0.676 8799
874.028 168.902 0.676 8815
873.988 169.021 0.676 8815
873.948 169.140 0.676 8831
873.868 169.220 0.676 8831
873.828 169.300 0.676 8848
873.788 169.419 0.676 8848
873.708 169.499 0.676 8848
873.668 169.618 0.676 8864
873.628 169.738 0.676 8864
873.588 169.817 0.676 8864
873.548 169.897 0.676 8880
873.508 169.976 0.675 8897
873.467 170.056 0.676 8897
873.427 170.175 0.676 8897
873.387 170.255 0.676 8913
873.347 170.335 0.676 8929
873.307 170.454 0.676 8929
873.267 170.534 0.676 8929
873.227 170.613 0.676 8946
873.187 170.693 0.676 8946
873.147 170.773 0.676 8946
873.107 170.852 0.676 8962
873.067 170.972 0.676 8978
873.027 171.051 0.676 8978
872.987 171.131 0.677 8978
872.947 171.210 0.676 8995
872.906 171.330 0.676 8995
872.866 171.409 0.676 9011
872.826 171.529 0.676 9011
872.786 171.609 0.676 9011
872.746 171.728 0.676 9027
872.706 171.808 0.676 9027
872.666 171.927 0.676 9044
872.626 172.007 0.676 9044
872.586 172.086 0.676 9060
872.546 172.166 0.676 9060
872.506 172.246 0.676 9060
872.466 172.325 0.676 9076
872.466 172.405 0.676 9092
872.386 172.484 0.676 9092
872.346 172.604 0.676 9092
872.306 172.683 0.676 9108
872.265 172.803 0.675 9108
872.225 172.882 0.676 9108
872.185 172.962 0.676 9125
872.145 173.081 0.676 9141
872.105 173.161 0.676 9141
872.105 173.241 0.676 9141
872.025 173.360 0.675 9157
871.985 173.440 0.676 9157
871.945 173.519 0.676 9174
871.905 173.639 0.676 9174
871.865 173.718 0.676 9174
871.825 173.798 0.676 9190
871.785 173.878 0.676 9190
871.745 173.957 0.676 9206
871.745 174.037 0.675 9206
871.704 174.156 0.676 9222
871.664 174.236 0.676 9222
871.624 174.315 0.676 9222
871.584 174.395 0.676 9239
871.544 174.515 0.676 9255
871.504 174.634 0.676 9255
871.464 174.753 0.676 9255
871.424 174.833 0.676 9271
871.384 174.992 0.676 9271
871.344 175.112 0.676 9271
871.304 175.231 0.676 9288
871.264 175.351 0.676 9304
871.224 175.470 0.676 9304
871.144 175.589 0.675 9304
871.104 175.709 0.676 9320
871.063 175.828 0.676 9320
871.023 175.948 0.676 9336
870.943 176.067 0.676 9336
870.903 176.186 0.676 9352
870.863 176.266 0.675 9352
870.823 176.346 0.676 9352
870.783 176.505 0.676 9369
870.703 176.585 0.676 9369
870.663 176.664 0.676 9385
870.623 176.784 0.676 9385
870.583 176.903 0.676 9385
870.543 177.022 0.676 9401
870.462 177.142 0.676 9417
870.342 177.261 0.676 9417
870.302 177.381 0.676 9417
870.262 177.460 0.676 9434
870.182 177.580 0.676 9434
870.142 177.699 0.677 9434
870.102 177.819 0.676 9450
870.062 177.938 0.676 9466
869.982 178.057 0.677 9466
869.942 178.177 0.676 9466
869.901 178.257 0.676 9482
869.821 178.336 0.676 9482
869.781 178.456 0.676 9499
869.741 178.575 0.676 9499
869.661 178.694 0.676 9499
869.621 178.814 0.677 9515
869.541 178.933 0.676 9515
869.501 179.053 0.676 9531
869.421 179.132 0.676 9531
869.381 179.252 0.677 9548
869.300 179.331 0.676 9548
869.260 179.411 0.676 9548
869.220 179.491 0.677 9564
869.140 179.570 0.676 9580
869.100 179.650 0.676 9580
869.100 179.690 0.677 9580
869.060 179.769 0.676 9596
869.020 179.849 0.676 9596
868.980 179.889 0.676 9596
868.940 179.968 0.677 9612
868.900 180.008 0.676 9629
868.860 180.088 0.676 9629
868.820 180.167 0.676 9629
868.780 180.207 0.676 9645
868.700 180.287 0.677 9661
868.659 180.327 0.676 9661
868.579 180.406 0.677 9661
868.539 180.486 0.676 9678
868.459 180.605 0.677 9678
868.379 180.685 0.677 9694
868.299 180.764 0.676 9694
868.219 180.844 0.677 9694
868.139 180.963 0.676 9710
868.018 181.043 0.677 9710
867.938 181.123 0.677 9710
867.898 181.202 0.676 9727
867.818 181.282 0.677 9743
867.738 181.362 0.677 9743
867.658 181.441 0.677 9743
867.578 181.521 0.677 9760
867.497 181.600 0.677 9776
867.417 181.720 0.677 9776
867.337 181.799 0.678 9776
867.257 181.879 0.677 9792
867.177 181.959 0.677 9792
867.097 182.038 0.678 9792
867.017 182.118 0.677 9808
866.937 182.198 0.677 9808
866.856 182.237 0.678 9824
866.776 182.317 0.677 9824
866.696 182.357 0.678 9824
866.656 182.436 0.678 9841
866.576 182.476 0.677 9857
866.496 182.556 0.678 9857
866.416 182.596 0.678 9857
866.336 182.675 0.677 9873
866.215 182.715 0.678 9873
866.095 182.795 0.677 9873
865.975 182.874 0.677 9889
865.855 182.914 0.678 9906
865.735 182.954 0.678 9906
865.614 182.994 0.678 9906
865.534 183.073 0.678 9922
865.454 183.113 0.678 9938
865.374 183.153 0.678 9938
865.214 183.233 0.678 9938
865.134 183.312 0.678 9954
865.053 183.352 0.678 9954
864.973 183.392 0.678 9954
864.853 183.471 0.678 9970
864.773 183.511 0.678 9970
864.653 183.551 0.678 9987
864.533 183.631 0.678 9987
864.452 183.671 0.679 10003
864.372 183.750 0.678 10003
864.252 183.830 0.678 10019
864.132 183.909 0.679 10019
864.052 183.949 0.678 10019
863.972 184.029 0.678 10035
863.851 184.069 0.679 10052
863.771 184.148 0.678 10052
863.731 184.188 0.678 10052
863.651 184.228 0.679 10068
863.571 184.268 0.678 10068
863.491 184.307 0.678 10068
863.411 184.347 0.679 10084
863.331 184.387 0.678 10100
863.250 184.427 0.678 10100
863.130 184.467 0.679 10100
863.050 184.506 0.679 10117
862.970 184.546 0.679 10117
862.850 184.586 0.678 10133
862.770 184.626 0.678 10133
862.689 184.666 0.679 10133
862.609 184.666 0.679 10149
862.529 184.705 0.679 10149
862.449 184.705 0.679 10149
862.369 184.745 0.678 10166
862.289 184.785 0.679 10182
862.209 184.785 0.679 10182
862.048 184.785 0.678 10182
861.968 184.785 0.679 10198
861.888 184.825 0.680 10214
861.768 184.825 0.679 10214
861.688 184.825 0.679 10214
861.568 184.865 0.679 10231
861.487 184.905 0.679 10231
861.407 184.905 0.680 10247
861.327 184.944 0.679 10247
861.207 184.984 0.679 10247
861.127 184.984 0.679 10263
861.047 184.984 0.679 10263
860.967 185.024 0.679 10279
860.846 185.024 0.680 10279
860.766 185.024 0.679 10296
860.686 185.024 0.679 10296
860.606 185.024 0.680 10296
860.526 185.064 0.679 10312
860.446 185.064 0.680 10328
860.366 185.064 0.680 10328
860.245 185.064 0.679 10328
860.165 185.104 0.681 10344
860.085 185.104 0.680 10344
859.965 185.104 0.680 10344
859.885 185.104 0.680 10361
859.765 185.143 0.680 10377
859.684 185.143 0.680 10377
859.564 185.143 0.680 10377
859.484 185.183 0.680 10393
859.364 185.183 0.680 10393
859.244 185.223 0.680 10409
859.164 185.223 0.680 10409
859.043 185.263 0.680 10409
858.963 185.303 0.680 10426
858.883 185.303 0.680 10426
858.723 185.342 0.680 10442
858.643 185.342 0.680 10442
858.563 185.342 0.680 10458
858.442 185.342 0.680 10458
858.362 185.342 0.680 10458
858.242 185.342 0.680 10474
858.162 185.342 0.681 10490
858.042 185.342 0.680 10490
857.922 185.342 0.680 10490
857.841 185.342 0.681 10507
857.721 185.342 0.680 10507
857.641 185.342 0.681 10507
857.561 185.342 0.681 10523
857.441 185.342 0.680 10539
857.361 185.342 0.681 10539
857.240 185.342 0.681 10539
857.160 185.342 0.681 10556
857.080 185.342 0.681 10556
857.000 185.303 0.681 10572
856.920 185.303 0.681 10572
856.840 185.263 0.681 10572
856.760 185.263 0.681 10588
856.680 185.263 0.681 10588
856.599 185.263 0.681 10605
856.519 185.223 0.681 10605
856.479 185.223 0.681 10621
856.399 185.183 0.682 10621
856.319 185.183 0.681 10621
856.239 185.143 0.682 10637
856.159 185.143 0.682 10653
856.078 185.104 0.681 10653
855.998 185.104 0.682 10653
855.918 185.064 0.682 10670
855.838 185.064 0.682 10670
855.718 185.064 0.682 10670
855.638 185.024 0.682 10686
855.558 185.024 0.682 10702
855.477 184.984 0.682 10702
855.397 184.984 0.682 10702
855.277 184.984 0.682 10718
855.197 184.944 0.682 10718
855.117 184.944 0.682 10735
854.957 184.944 0.683 10735
854.876 184.905 0.682 10751
854.796 184.905 0.682 10751
854.716 184.865 0.683 10751
854.636 184.825 0.682 10767
854.556 184.825 0.682 10767
854.476 184.785 0.683 10783
854.396 184.745 0.682 10783
854.276 184.705 0.683 10783
854.195 184.666 0.683 10799
854.115 184.666 0.682 10816
853.995 184.626 0.683 10816
853.955 184.586 0.683 10816
853.875 184.586 0.682 10832
853.795 184.546 0.683 10832
853.755 184.506 0.683 10832
853.674 184.467 0.683 10848
853.634 184.427 0.683 10864
853.554 184.427 0.683 10864
853.474 184.387 0.683 10864
853.434 184.347 0.684 10881
853.394 184.347 0.683 10897
853.314 184.307 0.683 10897
853.274 184.268 0.684 10897
853.194 184.228 0.683 10913
853.114 184.228 0.683 10913
853.073 184.188 0.684 10913
853.033 184.148 0.683 10929
852.993 184.108 0.683 10929
852.913 184.069 0.684 10946
852.873 184.029 0.683 10946
852.793 183.989 0.684 10962
852.673 183.909 0.684 10962
852.593 183.909 0.684 10978
852.513 183.870 0.684 10978
852.432 183.830 0.684 10978
852.312 183.790 0.684 10995
852.232 183.750 0.684 10995
852.152 183.710 0.684 10995
852.072 183.671 0.684 11011
851.992 183.591 0.684 11027
851.912 183.551 0.684 11027
851.871 183.511 0.684 11027
851.791 183.432 0.684 11043
851.751 183.352 0.684 11060
851.671 183.312 0.684 11060
851.591 183.272 0.684 11060
851.551 183.233 0.684 11076
851.471 183.193 0.685 11076
851.391 183.153 0.684 11076
851.310 183.073 0.684 11092
851.230 183.034 0.685 11108
851.190 182.994 0.684 11108
851.110 182.914 0.684 11108
851.070 182.874 0.685 11124
850.990 182.795 0.684 11124
850.950 182.715 0.684 11141
850.910 182.675 0.684 11141
850.870 182.596 0.684 11141
850.830 182.556 0.684 11157
850.790 182.516 0.684 11173
850.750 182.476 0.684 11173
850.709 182.436 0.685 11173
850.669 182.397 0.684 11189
850.629 182.317 0.684 11189
850.509 182.277 0.685 11189
850.469 182.237 0.684 11206
850.429 182.158 0.684 11222
850.389 182.118 0.685 11222
850.349 182.078 0.684 11222
850.309 181.999 0.684 11238
850.269 181.959 0.685 11238
850.229 181.919 0.684 11254
850.189 181.879 0.684 11254
850.149 181.839 0.684 11270
850.109 181.799 0.684 11270
850.028 181.760 0.685 11270
849.988 181.720 0.685 11287
849.948 181.680 0.684 11287
849.908 181.640 0.685 11303
849.868 181.600 0.685 11303
849.828 181.521 0.684 11303
849.788 181.481 0.685 11319
849.748 181.401 0.684 11335
849.748 181.362 0.685 11335
849.708 181.282 0.685 11335
849.628 181.242 0.684 11352
849.588 181.202 0.685 11352
849.508 181.083 0.685 11352
849.467 181.043 0.684 11368
849.427 180.963 0.685 11384
849.347 180.924 0.685 11384
849.307 180.844 0.685 11384
849.267 180.764 0.685 11400
849.227 180.725 0.685 11417
849.147 180.645 0.685 11417
849.107 180.565 0.685 11417
849.067 180.486 0.685 11433
849.027 180.406 0.685 11433
848.987 180.327 0.685 11433
848.947 180.247 0.685 11449
848.906 180.167 0.685 11449
848.866 180.128 0.685 11466
848.826 180.048 0.684 11466
848.826 180.008 0.684 11466
848.786 179.968 0.684 11482
848.746 179.889 0.684 11498
848.746 179.849 0.684 11498
848.706 179.809 0.684 11498
848.706 179.769 0.684 11514
848.666 179.729 0.685 11514
848.626 179.690 0.684 11514
848.626 179.650 0.684 11531
848.586 179.570 0.684 11547
848.586 179.530 0.684 11547
848.546 179.451 0.684 11547
848.506 179.411 0.684 11563
848.506 179.371 0.683 11579
848.466 179.331 0.683 11579
848.426 179.252 0.683 11579
848.386 179.212 0.683 11595
848.386 179.132 0.684 11595
848.346 179.093 0.683 11595
848.346 179.013 0.683 11612
848.305 178.893 0.683 11612
848.305 178.854 0.683 11628
848.265 178.814 0.683 11628
848.265 178.774 0.683 11644
848.225 178.694 0.683 11644
848.225 178.655 0.683 11660
848.225 178.615 0.683 11660
848.225 178.535 0.683 11660
848.185 178.495 0.683 11677
848.185 178.416 0.683 11677
848.185 178.336 0.683 11677
848.145 178.217 0.683 11693
848.145 178.137 0.683 11709
848.105 178.057 0.683 11709
848.105 177.978 0.683 11709
848.065 177.898 0.683 11726
848.065 177.819 0.682 11742
848.065 177.739 0.683 11742
848.065 177.659 0.682 11742
848.025 177.580 0.682 11759
848.025 177.500 0.683 11759
848.025 177.421 0.682 11759
847.985 177.341 0.682 11775
847.945 177.261 0.683 11775
847.945 177.182 0.682 11791
847.905 177.102 0.683 11791
847.905 177.062 0.683 11808
847.905 176.983 0.682 11808
847.905 176.943 0.683 11824
847.905 176.903 0.683 11824
847.905 176.863 0.682 11824
847.905 176.823 0.683 11840
847.905 176.784 0.683 11840
847.905 176.744 0.682 11840
847.905 176.664 0.683 11856
847.865 176.624 0.682 11873
847.865 176.545 0.682 11873
847.865 176.425 0.682 11873
847.865 176.266 0.681 11889
847.865 176.027 0.679 11905
847.865 175.749 0.660 11905
847.865 175.351 0.631 11905
847.825 174.913 0.587 11921
847.785 174.315 0.512 11921
847.745 173.718 0.395 11921
847.664 173.002 0.138 11938

