% x_coordinate y_coordinate pressure time
% shape 0, 1100 points
868.219 117.748 0.012 0
868.219 117.708 0.027 0
868.219 117.708 0.040 1
868.219 117.668 0.049 16
868.219 117.668 0.058 17
868.219 117.668 0.065 32
868.219 117.668 0.075 35
868.219 117.668 0.083 36
868.219 117.668 0.091 48
868.219 117.668 0.098 64
868.219 117.668 0.103 74
868.219 117.668 0.109 74
868.219 117.668 0.119 80
868.219 117.668 0.129 96
868.219 117.668 0.141 96
868.219 117.668 0.155 96
868.219 117.668 0.172 112
868.219 117.668 0.190 112
868.219 117.668 0.204 112
868.179 117.668 0.212 128
868.139 117.668 0.219 145
868.099 117.668 0.223 145
868.099 117.668 0.227 145
868.099 117.668 0.232 161
868.099 117.668 0.227 161
868.099 117.668 0.226 177
868.099 117.668 0.223 193
868.179 117.668 0.222 193
868.259 117.708 0.223 193
868.299 117.708 0.231 210
868.379 117.708 0.241 210
868.419 117.708 0.245 226
868.419 117.708 0.250 226
868.459 117.708 0.259 226
868.459 117.628 0.267 242
868.459 117.549 0.273 258
868.499 117.469 0.279 258
868.499 117.390 0.285 258
868.539 117.350 0.293 275
868.539 117.310 0.303 275
868.539 117.270 0.311 275
868.539 117.230 0.318 291
868.539 117.191 0.324 307
868.539 117.151 0.328 307
868.539 117.151 0.333 307
868.539 117.111 0.338 323
868.539 117.071 0.342 339
868.539 117.031 0.346 339
868.539 116.992 0.349 339
868.539 116.952 0.353 356
868.539 116.872 0.356 356
868.539 116.832 0.362 356
868.539 116.832 0.367 372
868.539 116.792 0.371 372
868.539 116.753 0.376 388
868.539 116.713 0.380 388
868.539 116.673 0.384 388
868.539 116.633 0.387 404
868.539 116.593 0.390 420
868.539 116.554 0.393 420
868.539 116.514 0.396 420
868.539 116.474 0.399 436
868.539 116.434 0.402 436
868.539 116.355 0.404 436
868.539 116.315 0.407 453
868.539 116.315 0.410 469
868.539 116.275 0.413 469
868.539 116.275 0.415 469
868.539 116.235 0.417 485
868.539 116.235 0.418 502
868.539 116.195 0.419 502
868.579 116.195 0.420 502
868.579 116.156 0.422 518
868.619 116.076 0.424 518
868.619 115.996 0.427 518
868.619 115.957 0.430 534
868.619 115.877 0.432 534
868.619 115.797 0.434 550
868.619 115.757 0.437 550
868.619 115.718 0.440 550
868.619 115.678 0.443 566
868.619 115.678 0.446 583
868.619 115.678 0.449 583
868.619 115.638 0.452 583
868.619 115.638 0.456 599
868.619 115.638 0.457 599
868.619 115.638 0.459 599
868.619 115.638 0.461 615
868.619 115.638 0.462 631
868.619 115.638 0.464 631
868.619 115.678 0.465 650
868.619 115.757 0.465 650
868.619 115.837 0.465 666
868.619 115.917 0.466 682
868.579 116.036 0.467 682
868.499 116.195 0.467 682
868.419 116.315 0.468 698
868.379 116.474 0.469 715
868.299 116.633 0.470 715
868.179 116.753 0.471 715
868.058 116.952 0.473 731
867.978 117.111 0.475 731
867.898 117.270 0.477 731
867.818 117.469 0.479 747
867.738 117.668 0.481 747
867.658 117.867 0.484 763
867.618 118.066 0.485 763
867.578 118.265 0.486 763
867.538 118.504 0.488 780
867.497 118.703 0.488 796
867.457 118.902 0.489 796
867.417 119.101 0.490 796
867.337 119.261 0.491 813
867.297 119.420 0.492 813
867.257 119.579 0.493 813
867.177 119.738 0.494 829
867.097 119.897 0.496 845
867.057 120.017 0.497 845
866.977 120.136 0.498 845
866.896 120.296 0.500 861
866.856 120.415 0.500 878
866.776 120.614 0.501 878
866.696 120.734 0.502 878
866.656 120.853 0.503 894
866.576 120.972 0.504 894
866.496 121.092 0.505 894
866.456 121.211 0.506 910
866.376 121.291 0.506 910
866.336 121.410 0.506 926
866.255 121.490 0.506 926
866.215 121.609 0.506 943
866.095 121.729 0.506 943
866.015 121.848 0.507 959
865.975 122.007 0.507 959
865.895 122.167 0.507 959
865.855 122.326 0.508 975
865.815 122.485 0.508 975
865.775 122.605 0.508 991
865.735 122.764 0.508 991
865.695 122.963 0.509 1007
865.654 123.122 0.508 1007
865.614 123.241 0.509 1007
865.534 123.401 0.509 1024
865.494 123.520 0.509 1040
865.414 123.679 0.510 1040
865.334 123.799 0.510 1040
865.294 123.918 0.511 1056
865.214 124.077 0.511 1056
865.174 124.197 0.512 1056
865.134 124.316 0.512 1073
865.093 124.436 0.513 1089
865.053 124.555 0.513 1089
865.013 124.714 0.513 1089
864.973 124.834 0.514 1105
864.933 124.953 0.514 1105
864.893 125.112 0.515 1121
864.853 125.272 0.515 1121
864.813 125.391 0.516 1138
864.733 125.550 0.516 1138
864.693 125.670 0.517 1138
864.653 125.829 0.517 1154
864.613 125.948 0.518 1154
864.533 126.068 0.518 1170
864.492 126.187 0.519 1170
864.452 126.307 0.519 1170
864.372 126.426 0.519 1186
864.332 126.585 0.520 1203
864.292 126.705 0.521 1203
864.212 126.824 0.522 1203
864.172 126.944 0.522 1219
864.172 127.063 0.523 1219
864.132 127.182 0.523 1219
864.092 127.302 0.523 1235
864.052 127.421 0.523 1251
864.012 127.501 0.524 1251
863.972 127.620 0.524 1251
863.891 127.700 0.524 1267
863.851 127.819 0.524 1283
863.811 127.939 0.525 1283
863.731 128.018 0.525 1283
863.691 128.098 0.525 1299
863.651 128.217 0.525 1299
863.611 128.297 0.525 1316
863.571 128.417 0.526 1316
863.531 128.496 0.526 1316
863.491 128.576 0.526 1332
863.451 128.695 0.526 1332
863.411 128.775 0.527 1332
863.371 128.854 0.527 1348
863.371 128.934 0.528 1364
863.331 129.053 0.528 1364
863.291 129.133 0.529 1364
863.250 129.213 0.530 1380
863.210 129.332 0.531 1397
863.170 129.452 0.532 1397
863.090 129.571 0.533 1397
863.050 129.690 0.534 1413
863.010 129.810 0.535 1413
862.970 129.929 0.536 1413
862.930 130.009 0.537 1429
862.850 130.128 0.538 1429
862.810 130.208 0.538 1445
862.770 130.327 0.539 1445
862.689 130.407 0.539 1445
862.649 130.526 0.540 1462
862.609 130.646 0.540 1478
862.569 130.725 0.540 1478
862.569 130.845 0.540 1478
862.529 130.924 0.540 1494
862.489 131.004 0.541 1494
862.489 131.123 0.541 1494
862.449 131.203 0.541 1510
862.449 131.283 0.541 1527
862.449 131.362 0.541 1527
862.409 131.442 0.542 1527
862.409 131.561 0.542 1543
862.369 131.641 0.542 1559
862.289 131.800 0.542 1559
862.249 131.880 0.543 1559
862.249 131.999 0.543 1575
862.209 132.119 0.543 1575
862.169 132.238 0.543 1591
862.129 132.358 0.543 1591
862.129 132.437 0.543 1591
862.089 132.557 0.543 1607
862.048 132.636 0.543 1607
862.008 132.756 0.543 1623
861.968 132.835 0.543 1623
861.928 132.915 0.543 1639
861.888 133.034 0.543 1639
861.848 133.114 0.543 1639
861.808 133.233 0.544 1656
861.768 133.313 0.544 1672
861.728 133.393 0.544 1672
861.688 133.512 0.544 1672
861.648 133.592 0.544 1688
861.608 133.711 0.544 1688
861.568 133.791 0.544 1688
861.568 133.870 0.544 1704
861.528 134.030 0.544 1721
861.487 134.109 0.544 1721
861.487 134.189 0.544 1721
861.447 134.308 0.544 1737
861.447 134.388 0.545 1737
861.447 134.507 0.544 1753
861.407 134.627 0.545 1753
861.367 134.746 0.545 1753
861.327 134.865 0.545 1770
861.247 135.025 0.545 1770
861.207 135.144 0.545 1786
861.167 135.264 0.545 1786
861.127 135.383 0.545 1802
861.087 135.542 0.545 1802
861.007 135.662 0.544 1802
860.967 135.781 0.545 1818
860.967 135.901 0.545 1835
860.927 136.020 0.545 1835
860.886 136.179 0.545 1835
860.846 136.299 0.545 1851
860.846 136.458 0.545 1851
860.806 136.577 0.545 1868
860.766 136.697 0.545 1868
860.726 136.816 0.546 1884
860.686 136.935 0.545 1884
860.646 137.055 0.545 1884
860.566 137.174 0.546 1900
860.526 137.294 0.545 1900
860.486 137.453 0.546 1917
860.406 137.572 0.546 1917
860.366 137.692 0.546 1917
860.326 137.811 0.546 1933
860.285 137.931 0.546 1949
860.245 138.050 0.546 1949
860.205 138.170 0.546 1949
860.165 138.289 0.546 1966
860.165 138.408 0.546 1966
860.125 138.568 0.546 1966
860.085 138.647 0.546 1982
860.045 138.767 0.546 1998
860.045 138.886 0.546 1998
860.005 138.966 0.546 1998
860.005 139.085 0.546 2014
859.965 139.205 0.547 2014
859.925 139.324 0.547 2030
859.885 139.443 0.546 2030
859.845 139.523 0.547 2046
859.805 139.642 0.547 2046
859.765 139.762 0.547 2047
859.725 139.881 0.547 2062
859.684 140.001 0.547 2062
859.604 140.120 0.547 2078
859.564 140.240 0.547 2078
859.524 140.399 0.548 2078
859.484 140.518 0.548 2095
859.444 140.717 0.549 2111
859.404 140.837 0.548 2111
859.364 140.956 0.550 2111
859.324 141.076 0.550 2127
859.284 141.195 0.550 2127
859.244 141.314 0.549 2127
859.204 141.394 0.549 2143
859.164 141.513 0.550 2159
859.083 141.633 0.551 2159
859.043 141.752 0.550 2159
859.003 141.832 0.550 2175
858.963 141.951 0.551 2191
858.883 142.111 0.550 2191
858.843 142.230 0.552 2191
858.803 142.349 0.552 2207
858.683 142.509 0.552 2207
858.643 142.628 0.552 2223
858.603 142.748 0.553 2223
858.523 142.867 0.553 2223
858.482 143.066 0.553 2240
858.402 143.225 0.553 2240
858.322 143.384 0.553 2256
858.282 143.504 0.555 2256
858.202 143.663 0.554 2272
858.162 143.822 0.555 2272
858.082 143.942 0.554 2272
858.042 144.061 0.555 2288
858.002 144.181 0.555 2304
857.962 144.340 0.555 2304
857.922 144.459 0.555 2304
857.881 144.579 0.555 2320
857.841 144.698 0.556 2320
857.801 144.818 0.555 2320
857.761 144.977 0.556 2336
857.721 145.096 0.556 2352
857.681 145.255 0.556 2352
857.641 145.415 0.556 2352
857.561 145.534 0.557 2368
857.521 145.693 0.556 2384
857.481 145.853 0.556 2384
857.401 146.012 0.556 2384
857.361 146.171 0.557 2400
857.321 146.290 0.557 2400
857.280 146.410 0.557 2400
857.240 146.569 0.558 2417
857.200 146.689 0.557 2433
857.120 146.848 0.558 2433
857.080 146.967 0.557 2433
857.040 147.166 0.557 2449
857.000 147.326 0.558 2449
856.960 147.525 0.557 2465
856.880 147.684 0.557 2465
856.800 147.843 0.558 2465
856.760 148.002 0.558 2481
856.720 148.122 0.558 2481
856.680 148.241 0.558 2497
856.639 148.400 0.558 2497
856.599 148.520 0.558 2513
856.559 148.639 0.558 2513
856.519 148.759 0.558 2513
856.479 148.838 0.558 2529
856.439 148.958 0.558 2545
856.399 149.077 0.558 2545
856.359 149.157 0.558 2545
856.359 149.276 0.558 2561
856.319 149.395 0.558 2561
856.279 149.475 0.559 2577
856.239 149.595 0.559 2577
856.159 149.754 0.559 2594
856.119 149.873 0.559 2594
856.078 149.953 0.559 2594
856.038 150.072 0.559 2610
855.998 150.152 0.559 2610
855.998 150.271 0.559 2626
855.958 150.391 0.559 2626
855.918 150.510 0.559 2626
855.878 150.630 0.559 2642
855.838 150.749 0.559 2658
855.798 150.829 0.559 2658
855.718 150.908 0.559 2658
855.718 151.028 0.559 2674
855.678 151.147 0.559 2690
855.598 151.227 0.559 2690
855.558 151.346 0.559 2690
855.518 151.466 0.559 2706
855.477 151.585 0.560 2706
855.437 151.704 0.560 2706
855.397 151.824 0.559 2722
855.357 151.983 0.559 2738
855.317 152.102 0.559 2738
855.237 152.222 0.559 2738
855.197 152.381 0.559 2755
855.157 152.501 0.559 2755
855.077 152.660 0.559 2771
854.997 152.819 0.560 2771
854.917 152.978 0.560 2771
854.876 153.137 0.560 2787
854.796 153.297 0.559 2787
854.756 153.456 0.560 2803
854.676 153.575 0.560 2803
854.636 153.735 0.560 2819
854.596 153.854 0.560 2819
854.556 154.013 0.559 2819
854.516 154.133 0.559 2835
854.476 154.252 0.559 2851
854.436 154.372 0.560 2851
854.396 154.491 0.560 2851
854.356 154.571 0.559 2867
854.356 154.690 0.560 2867
854.316 154.809 0.560 2867
854.276 154.969 0.560 2883
854.235 155.088 0.560 2899
854.155 155.247 0.560 2899
854.075 155.407 0.560 2899
853.995 155.606 0.560 2915
853.955 155.765 0.560 2931
853.875 155.964 0.560 2931
853.795 156.163 0.560 2931
853.715 156.362 0.560 2948
853.674 156.561 0.560 2948
853.594 156.720 0.560 2948
853.554 156.879 0.560 2964
853.514 156.999 0.560 2980
853.474 157.118 0.560 2980
853.434 157.238 0.560 2980
853.394 157.357 0.560 2996
853.354 157.477 0.560 2996
853.314 157.596 0.560 3012
853.314 157.676 0.560 3012
853.274 157.795 0.560 3012
853.234 157.875 0.560 3028
853.194 157.994 0.560 3028
853.154 158.113 0.560 3044
853.114 158.233 0.560 3044
853.073 158.352 0.560 3060
853.033 158.512 0.560 3060
852.993 158.631 0.560 3060
852.953 158.830 0.560 3076
852.873 158.989 0.560 3092
852.833 159.109 0.561 3092
852.793 159.268 0.561 3092
852.713 159.387 0.560 3109
852.673 159.507 0.560 3109
852.633 159.626 0.560 3109
852.593 159.746 0.560 3125
852.553 159.865 0.561 3141
852.513 160.024 0.560 3141
852.472 160.144 0.560 3141
852.432 160.263 0.560 3157
852.392 160.422 0.560 3173
852.352 160.542 0.560 3173
852.312 160.701 0.560 3173
852.272 160.821 0.560 3189
852.192 161.020 0.560 3189
852.192 161.139 0.560 3189
852.152 161.298 0.560 3205
852.112 161.418 0.560 3205
852.072 161.577 0.560 3221
852.032 161.696 0.560 3221
851.992 161.816 0.560 3237
851.952 161.975 0.560 3237
851.912 162.094 0.560 3253
851.871 162.254 0.560 3253
851.831 162.373 0.560 3253
851.791 162.532 0.560 3270
851.751 162.652 0.560 3270
851.711 162.811 0.560 3270
851.671 162.930 0.560 3286
851.631 163.050 0.561 3302
851.551 163.209 0.561 3302
851.511 163.368 0.561 3302
851.431 163.488 0.561 3318
851.351 163.567 0.561 3334
851.310 163.727 0.561 3334
851.230 163.846 0.561 3334
851.190 163.965 0.561 3350
851.150 164.085 0.560 3350
851.070 164.204 0.561 3350
850.990 164.324 0.560 3366
850.950 164.443 0.561 3382
850.910 164.562 0.561 3382
850.830 164.682 0.560 3382
850.790 164.801 0.561 3398
850.750 164.961 0.561 3398
850.669 165.080 0.561 3414
850.629 165.199 0.561 3414
850.589 165.319 0.561 3430
850.589 165.518 0.561 3430
850.549 165.637 0.561 3446
850.509 165.757 0.561 3446
850.469 165.876 0.561 3446
850.429 166.035 0.561 3462
850.389 166.155 0.561 3462
850.309 166.274 0.561 3462
850.269 166.394 0.561 3479
850.229 166.513 0.561 3495
850.189 166.633 0.561 3495
850.109 166.752 0.561 3495
850.068 166.832 0.561 3511
850.028 166.951 0.561 3527
849.988 167.031 0.561 3527
849.948 167.150 0.561 3527
849.948 167.230 0.561 3543
849.908 167.349 0.561 3543
849.868 167.468 0.561 3543
849.828 167.548 0.562 3559
849.788 167.707 0.561 3575
849.708 167.827 0.562 3575
849.668 167.946 0.562 3575
849.628 168.066 0.562 3592
849.588 168.185 0.562 3592
849.548 168.304 0.562 3608
849.467 168.424 0.562 3608
849.387 168.504 0.562 3624
849.347 168.623 0.562 3624
849.307 168.703 0.562 3624
849.307 168.822 0.562 3640
849.267 168.941 0.562 3640
849.227 169.021 0.563 3656
849.187 169.101 0.563 3656
849.147 169.220 0.563 3656
849.147 169.300 0.563 3672
849.067 169.379 0.563 3688
849.027 169.459 0.563 3688
848.987 169.578 0.563 3688
848.947 169.658 0.563 3704
848.947 169.777 0.563 3721
848.906 169.857 0.563 3721
848.866 170.016 0.563 3721
848.826 170.136 0.563 3737
848.786 170.215 0.564 3737
848.706 170.335 0.564 3737
848.666 170.414 0.564 3754
848.626 170.494 0.564 3754
848.586 170.613 0.564 3770
848.546 170.733 0.564 3770
848.506 170.812 0.564 3786
848.506 170.892 0.564 3786
848.466 171.011 0.564 3802
848.426 171.091 0.564 3802
848.386 171.210 0.564 3802
848.346 171.330 0.564 3818
848.265 171.409 0.564 3818
848.185 171.529 0.564 3818
848.145 171.648 0.564 3834
848.105 171.768 0.564 3850
848.025 171.887 0.564 3850
847.985 171.967 0.564 3850
847.945 172.046 0.564 3866
847.905 172.166 0.564 3882
847.865 172.285 0.565 3882
847.865 172.405 0.564 3882
847.825 172.524 0.564 3898
847.785 172.604 0.565 3898
847.745 172.723 0.565 3898
847.705 172.803 0.565 3914
847.705 172.922 0.565 3931
847.664 173.002 0.564 3931
847.664 173.081 0.565 3931
847.584 173.161 0.565 3947
847.504 173.280 0.565 3947
847.464 173.360 0.565 3963
847.424 173.440 0.565 3963
847.384 173.519 0.565 3963
847.304 173.599 0.565 3979
847.304 173.679 0.566 3995
847.264 173.758 0.566 3995
847.224 173.838 0.566 3995
847.184 173.917 0.566 4011
847.144 173.997 0.566 4011
847.104 174.077 0.566 4011
847.023 174.156 0.566 4027
846.983 174.236 0.566 4043
846.943 174.315 0.567 4043
846.903 174.395 0.567 4043
846.903 174.515 0.567 4059
846.823 174.594 0.567 4075
846.823 174.634 0.567 4075
846.783 174.714 0.567 4075
846.743 174.793 0.567 4092
846.703 174.873 0.568 4092
846.663 174.952 0.568 4092
846.623 175.032 0.568 4108
846.583 175.112 0.568 4124
846.543 175.151 0.568 4124
846.503 175.271 0.568 4124
846.422 175.311 0.569 4140
846.382 175.390 0.569 4140
846.342 175.470 0.569 4156
846.302 175.510 0.569 4156
846.262 175.589 0.570 4156
846.222 175.669 0.570 4172
846.182 175.749 0.570 4172
846.142 175.788 0.570 4188
846.102 175.868 0.570 4188
846.062 175.948 0.570 4204
846.022 176.067 0.570 4204
845.982 176.147 0.570 4204
845.942 176.226 0.570 4220
845.861 176.306 0.570 4237
845.821 176.386 0.570 4237
845.781 176.465 0.571 4237
845.741 176.505 0.570 4253
845.701 176.585 0.571 4253
845.661 176.664 0.571 4253
845.661 176.784 0.571 4269
845.581 176.863 0.571 4285
845.541 176.903 0.571 4285
845.501 176.983 0.571 4285
845.461 177.062 0.571 4301
845.421 177.102 0.571 4301
845.381 177.182 0.571 4317
845.341 177.261 0.571 4317
845.260 177.301 0.571 4333
845.220 177.381 0.571 4333
845.180 177.460 0.571 4349
845.100 177.500 0.572 4349
845.060 177.580 0.572 4349
845.020 177.659 0.572 4365
844.980 177.739 0.572 4365
844.940 177.819 0.572 4365
844.900 177.858 0.572 4381
844.860 177.898 0.573 4397
844.860 177.938 0.573 4397
844.820 178.018 0.573 4397
844.780 178.057 0.573 4413
844.740 178.137 0.573 4430
844.659 178.177 0.573 4430
844.659 178.257 0.573 4430
844.579 178.336 0.574 4446
844.539 178.376 0.574 4446
844.499 178.456 0.574 4446
844.419 178.495 0.574 4462
844.379 178.575 0.574 4478
844.339 178.655 0.574 4478
844.259 178.694 0.574 4478
844.259 178.774 0.574 4494
844.219 178.854 0.574 4494
844.179 178.933 0.574 4510
844.139 179.053 0.574 4510
844.099 179.093 0.575 4510
844.058 179.172 0.575 4526
844.018 179.212 0.575 4542
843.938 179.292 0.575 4542
843.898 179.331 0.575 4542
843.858 179.411 0.575 4558
843.778 179.451 0.575 4558
843.738 179.491 0.575 4558
843.698 179.530 0.575 4574
843.658 179.570 0.575 4590
843.618 179.610 0.576 4590
843.578 179.650 0.576 4590
843.538 179.690 0.576 4606
843.497 179.729 0.576 4606
843.457 179.769 0.576 4622
843.417 179.809 0.577 4622
843.377 179.849 0.577 4622
843.337 179.928 0.577 4639
843.257 179.968 0.578 4655
843.257 180.008 0.578 4655
843.177 180.048 0.578 4655
843.137 180.128 0.578 4671
843.057 180.167 0.579 4671
843.017 180.247 0.579 4671
842.977 180.287 0.579 4687
842.896 180.366 0.579 4703
842.856 180.446 0.579 4703
842.816 180.526 0.580 4703
842.776 180.565 0.580 4719
842.736 180.645 0.580 4719
842.696 180.685 0.580 4735
842.696 180.725 0.581 4735
842.616 180.764 0.580 4751
842.576 180.804 0.581 4751
842.536 180.844 0.581 4767
842.496 180.884 0.581 4767
842.416 180.924 0.582 4767
842.376 180.963 0.582 4783
842.336 181.043 0.582 4783
842.296 181.083 0.582 4799
842.215 181.123 0.582 4799
842.175 181.202 0.583 4815
842.135 181.242 0.583 4815
842.055 181.322 0.583 4815
842.015 181.362 0.583 4832
841.935 181.362 0.584 4848
841.895 181.401 0.585 4848
841.855 181.441 0.585 4848
841.815 181.481 0.586 4864
841.775 181.521 0.586 4864
841.735 181.561 0.587 4864
841.694 181.600 0.587 4880
841.614 181.640 0.587 4896
841.574 181.680 0.587 4896
841.494 181.720 0.587 4896
841.454 181.760 0.588 4912
841.414 181.799 0.588 4928
841.374 181.799 0.588 4928
841.334 181.839 0.589 4928
841.294 181.879 0.589 4944
841.254 181.879 0.589 4944
841.174 181.919 0.589 4944
841.134 181.959 0.590 4960
841.053 181.999 0.590 4960
840.973 182.038 0.591 4976
840.933 182.078 0.591 4976
840.853 182.118 0.591 4976
840.773 182.158 0.591 4992
840.693 182.198 0.591 5009
840.653 182.237 0.592 5009
840.613 182.277 0.592 5009
840.573 182.277 0.592 5025
840.492 182.317 0.592 5041
840.452 182.357 0.593 5041
840.412 182.357 0.593 5041
840.332 182.397 0.593 5057
840.292 182.397 0.593 5057
840.212 182.436 0.594 5057
840.132 182.476 0.594 5073
840.092 182.476 0.594 5089
840.012 182.516 0.594 5089
839.972 182.556 0.595 5089
839.932 182.596 0.595 5105
839.811 182.635 0.595 5105
839.771 182.635 0.596 5121
839.731 182.675 0.596 5121
839.651 182.715 0.596 5137
839.611 182.755 0.597 5137
839.531 182.795 0.597 5137
839.451 182.834 0.597 5153
839.411 182.874 0.597 5153
839.371 182.914 0.597 5169
839.290 182.954 0.597 5169
839.210 182.994 0.598 5169
839.170 182.994 0.598 5186
839.130 183.034 0.598 5202
839.090 183.073 0.598 5202
839.050 183.073 0.598 5202
839.010 183.113 0.598 5218
838.970 183.113 0.599 5218
838.930 183.153 0.599 5218
838.890 183.153 0.599 5234
838.850 183.193 0.599 5250
838.810 183.193 0.599 5250
838.730 183.193 0.599 5250
838.649 183.233 0.599 5266
838.609 183.233 0.599 5282
838.529 183.233 0.600 5282
838.449 183.233 0.599 5282
838.369 183.272 0.600 5298
838.289 183.272 0.600 5298
838.209 183.312 0.600 5298
838.169 183.312 0.600 5315
838.089 183.312 0.600 5315
838.008 183.352 0.600 5331
837.968 183.392 0.600 5331
837.888 183.432 0.600 5347
837.808 183.471 0.600 5347
837.728 183.511 0.600 5363
837.648 183.511 0.600 5363
837.568 183.551 0.600 5363
837.487 183.631 0.600 5379
837.407 183.631 0.600 5395
837.327 183.671 0.600 5395
837.287 183.710 0.600 5395
837.207 183.750 0.600 5411
837.127 183.790 0.600 5411
837.087 183.830 0.601 5411
837.007 183.870 0.600 5427
836.967 183.909 0.601 5443
836.927 183.909 0.601 5443
836.846 183.909 0.601 5443
836.766 183.949 0.601 5459
836.686 183.949 0.601 5459
836.606 183.949 0.601 5475
836.566 183.989 0.601 5475
836.526 184.029 0.601 5475
836.446 184.029 0.601 5492
836.406 184.069 0.602 5508
836.326 184.069 0.602 5508
836.285 184.108 0.602 5508
836.205 184.108 0.602 5524
836.165 184.148 0.603 5524
836.085 184.148 0.603 5524
836.045 184.188 0.603 5540
835.965 184.228 0.604 5556
835.925 184.228 0.604 5556
835.845 184.268 0.604 5556
835.805 184.307 0.604 5572
835.765 184.307 0.604 5588
835.725 184.307 0.605 5588
835.685 184.307 0.605 5588
835.604 184.307 0.606 5605
835.564 184.307 0.606 5605
835.524 184.307 0.606 5605
835.484 184.307 0.606 5621
835.404 184.307 0.606 5637
835.324 184.307 0.607 5637
835.284 184.307 0.608 5637
835.204 184.347 0.607 5653
835.164 184.347 0.608 5653
835.083 184.387 0.608 5669
835.043 184.387 0.608 5669
834.963 184.387 0.608 5669
834.923 184.387 0.608 5685
834.843 184.387 0.608 5685
834.803 184.387 0.609 5701
834.763 184.427 0.609 5701
834.723 184.427 0.609 5717
834.683 184.427 0.609 5717
834.643 184.427 0.609 5717
834.603 184.427 0.609 5733
834.563 184.427 0.609 5749
834.523 184.427 0.609 5749
834.482 184.427 0.609 5749
834.442 184.427 0.609 5765
834.402 184.427 0.610 5765
834.362 184.467 0.610 5782
834.322 184.467 0.610 5798
834.282 184.467 0.610 5798
834.242 184.467 0.611 5814
834.202 184.467 0.611 5830
834.202 184.467 0.612 5846
834.162 184.467 0.612 5846
834.162 184.467 0.613 5862
834.122 184.467 0.613 5862
834.082 184.467 0.614 5862
834.042 184.467 0.615 5879
833.962 184.467 0.615 5879
833.962 184.467 0.616 5879
833.922 184.467 0.616 5895
833.881 184.467 0.616 5911
833.841 184.467 0.616 5911
833.801 184.467 0.616 5927
833.761 184.467 0.617 5943
833.721 184.467 0.617 5943
833.681 184.467 0.617 5959
833.641 184.467 0.617 5959
833.601 184.467 0.618 5959
833.561 184.467 0.618 5975
833.521 184.467 0.618 5991
833.481 184.467 0.618 5991
833.401 184.467 0.619 5991
833.361 184.467 0.619 6007
833.281 184.467 0.619 6007
833.240 184.427 0.619 6023
833.200 184.427 0.619 6023
833.160 184.387 0.619 6039
833.080 184.387 0.620 6056
833.040 184.347 0.620 6056
833.000 184.347 0.620 6056
832.960 184.347 0.620 6072
832.920 184.307 0.620 6072
832.880 184.307 0.620 6088
832.840 184.307 0.620 6088
832.800 184.307 0.621 6104
832.760 184.268 0.620 6104
832.719 184.268 0.621 6104
832.679 184.268 0.621 6120
832.639 184.228 0.621 6120
832.599 184.188 0.621 6136
832.559 184.188 0.621 6136
832.479 184.188 0.621 6136
832.399 184.148 0.621 6153
832.359 184.148 0.622 6169
832.279 184.148 0.622 6185
832.279 184.108 0.621 6185
832.239 184.108 0.622 6185
832.199 184.108 0.622 6201
832.159 184.108 0.622 6217
832.119 184.069 0.622 6217
832.078 184.069 0.622 6234
832.038 184.069 0.623 6250
831.998 184.069 0.623 6250
831.958 184.029 0.623 6250
831.878 184.029 0.623 6266
831.838 183.989 0.623 6266
831.758 183.949 0.624 6266
831.718 183.949 0.624 6282
831.678 183.949 0.624 6282
831.598 183.949 0.624 6298
831.558 183.909 0.624 6298
831.518 183.909 0.625 6314
831.477 183.909 0.624 6314
831.397 183.870 0.625 6330
831.317 183.870 0.625 6330
831.277 183.870 0.625 6330
831.197 183.870 0.625 6346
831.157 183.870 0.625 6346
831.117 183.870 0.625 6362
831.037 183.870 0.625 6362
830.997 183.870 0.626 6378
830.957 183.830 0.625 6378
830.876 183.830 0.626 6378
830.836 183.830 0.626 6394
830.756 183.830 0.626 6410
830.676 183.790 0.626 6410
830.636 183.790 0.626 6410
830.556 183.790 0.626 6426
830.476 183.790 0.626 6426
830.396 183.750 0.627 6443
830.356 183.671 0.628 6443
830.275 183.671 0.627 6459
830.195 183.591 0.627 6459
830.075 183.551 0.628 6459
829.995 183.511 0.628 6475
829.915 183.471 0.628 6475
829.835 183.432 0.628 6491
829.755 183.392 0.629 6491
829.674 183.392 0.629 6491
829.594 183.352 0.629 6507
829.514 183.312 0.629 6523
829.474 183.312 0.629 6523
829.394 183.272 0.630 6523
829.314 183.272 0.630 6539
829.234 183.233 0.630 6539
829.194 183.233 0.630 6539
829.154 183.193 0.630 6555
829.114 183.153 0.630 6571
829.073 183.153 0.630 6571
828.993 183.113 0.630 6571
828.953 183.113 0.631 6587
828.913 183.073 0.631 6587
828.833 183.034 0.630 6603
828.793 182.994 0.631 6603
828.753 182.994 0.631 6619
828.673 182.914 0.632 6619
828.633 182.914 0.631 6636
828.593 182.834 0.631 6636
828.513 182.834 0.631 6636
828.472 182.795 0.631 6652
828.432 182.755 0.632 6652
828.392 182.715 0.632 6652
828.352 182.675 0.632 6668
828.312 182.635 0.633 6684
828.272 182.596 0.633 6684
828.232 182.556 0.632 6684
828.192 182.476 0.633 6700
828.152 182.436 0.632 6717
828.112 182.397 0.633 6717
828.072 182.357 0.633 6717
828.032 182.317 0.634 6733
827.992 182.237 0.633 6733
827.952 182.198 0.633 6733
827.871 182.118 0.634 6749
827.831 182.078 0.635 6749
827.751 181.999 0.634 6765
827.711 181.959 0.635 6765
827.671 181.879 0.635 6781
827.591 181.839 0.635 6781
827.551 181.799 0.635 6798
827.511 181.760 0.636 6798
827.471 181.720 0.636 6798
827.431 181.680 0.635 6814
827.391 181.640 0.636 6830
827.351 181.600 0.636 6830
827.310 181.521 0.636 6830
827.270 181.441 0.636 6847
827.230 181.401 0.637 6847
827.190 181.322 0.637 6847
827.110 181.282 0.637 6863
827.030 181.202 0.637 6879
826.950 181.123 0.637 6879
826.910 181.043 0.637 6879
826.830 180.963 0.637 6896
826.750 180.924 0.637 6896
826.669 180.884 0.637 6912
826.589 180.804 0.637 6912
826.509 180.764 0.637 6912
826.429 180.685 0.637 6928
826.349 180.605 0.637 6928
826.309 180.565 0.637 6945
826.229 180.486 0.637 6945
826.149 180.406 0.638 6961
826.109 180.366 0.637 6961
826.068 180.327 0.637 6961
826.028 180.287 0.638 6977
825.988 180.207 0.637 6993
825.948 180.167 0.637 6993
825.908 180.128 0.637 6993
825.868 180.088 0.637 7009
825.828 180.048 0.637 7009
825.788 179.968 0.637 7009
825.748 179.928 0.637 7026
825.708 179.889 0.638 7042
825.668 179.849 0.638 7042
825.628 179.809 0.638 7042
825.628 179.769 0.638 7058
825.588 179.729 0.638 7058
825.548 179.650 0.638 7075
825.508 179.610 0.638 7075
825.467 179.570 0.638 7075
825.427 179.491 0.638 7091
825.387 179.451 0.639 7091
825.347 179.371 0.639 7107
825.307 179.331 0.639 7107
825.267 179.252 0.640 7123
825.227 179.172 0.640 7123
825.187 179.093 0.640 7123
825.147 179.053 0.641 7140
825.107 179.013 0.641 7156
825.067 178.933 0.642 7156
825.027 178.893 0.642 7156
824.987 178.854 0.642 7172
824.987 178.814 0.643 7172
824.947 178.774 0.643 7172
824.947 178.734 0.643 7188
824.906 178.655 0.644 7205
824.906 178.615 0.644 7205
824.906 178.575 0.644 7205
824.866 178.535 0.644 7221
824.866 178.456 0.645 7221
824.826 178.416 0.646 7237
824.826 178.376 0.647 7237
824.786 178.296 0.647 7253
824.786 178.257 0.648 7253
824.746 178.217 0.649 7269
824.706 178.177 0.649 7269
824.626 178.137 0.650 7269
824.586 178.057 0.650 7285
824.546 178.018 0.650 7285
824.506 177.978 0.651 7285
824.506 177.938 0.651 7302
824.466 177.898 0.651 7318
824.466 177.858 0.651 7318
824.426 177.819 0.651 7318
824.426 177.779 0.652 7334
824.386 177.739 0.652 7351
824.386 177.659 0.652 7351
824.346 177.620 0.652 7367
824.346 177.580 0.652 7367
824.346 177.500 0.652 7367
824.346 177.421 0.652 7383
824.346 177.381 0.652 7399
824.306 177.301 0.653 7399
824.306 177.222 0.652 7399
824.306 177.182 0.653 7416
824.265 177.102 0.653 7416
824.265 177.022 0.653 7432
824.225 176.983 0.653 7432
824.225 176.943 0.654 7432
824.185 176.903 0.654 7448
824.185 176.863 0.654 7448
824.145 176.784 0.655 7464
824.145 176.744 0.655 7464
824.105 176.704 0.656 7480
824.105 176.664 0.656 7480
824.065 176.624 0.656 7480
824.065 176.585 0.657 7496
824.065 176.505 0.657 7513
824.065 176.465 0.657 7513
824.025 176.386 0.658 7513
824.025 176.346 0.658 7529
823.985 176.266 0.659 7529
823.985 176.226 0.659 7529
823.945 176.186 0.660 7546
823.945 176.107 0.661 7562
823.945 176.067 0.662 7562
823.905 175.987 0.663 7562
823.905 175.948 0.664 7578
823.865 175.868 0.665 7578
823.825 175.828 0.665 7595
823.785 175.788 0.666 7595
823.785 175.709 0.666 7595
823.745 175.669 0.667 7611
823.745 175.629 0.667 7611
823.704 175.589 0.667 7627
823.704 175.550 0.668 7627
823.704 175.470 0.667 7644
823.664 175.430 0.668 7644
823.664 175.351 0.668 7644
823.624 175.311 0.669 7660
823.624 175.271 0.669 7676
823.624 175.231 0.669 7676
823.624 175.191 0.669 7676
823.624 175.112 0.670 7692
823.584 175.032 0.670 7692
823.584 174.992 0.670 7708
823.544 174.913 0.670 7725
823.544 174.873 0.671 7725
823.504 174.833 0.671 7725
823.504 174.714 0.671 7741
823.504 174.674 0.670 7741
823.504 174.634 0.671 7758
823.464 174.554 0.672 7758
823.464 174.515 0.672 7758
823.464 174.475 0.672 7774
823.464 174.395 0.672 7774
823.464 174.355 0.672 7790
823.464 174.276 0.673 7790
823.464 174.156 0.673 7806
823.464 174.077 0.672 7806
823.424 173.997 0.673 7806
823.424 173.917 0.673 7822
823.424 173.798 0.673 7839
823.424 173.679 0.673 7839
823.424 173.559 0.673 7839
823.424 173.440 0.673 7855
823.424 173.280 0.673 7855
823.424 173.081 0.673 7855
823.424 172.843 0.673 7871

% x_coordinate y_coordinate pressure time
% shape 1, 750 points
849.147 122.047 0.090 0
849.147 122.047 0.125 0
849.147 122.047 0.157 1
849.147 122.047 0.193 16
849.147 122.047 0.222 32
849.147 122.047 0.240 32
849.147 122.047 0.259 33
849.147 122.047 0.277 48
849.147 122.047 0.293 48
849.147 122.047 0.312 64
849.107 122.047 0.330 64
849.067 122.087 0.345 80
849.027 122.167 0.356 80
848.987 122.246 0.365 80
848.906 122.366 0.374 96
848.826 122.525 0.382 96
848.666 122.684 0.389 112
848.546 122.843 0.397 112
848.426 123.003 0.403 112
848.265 123.202 0.409 128
848.145 123.361 0.413 145
848.025 123.480 0.417 145
847.865 123.600 0.421 145
847.745 123.679 0.427 161
847.624 123.759 0.434 177
847.504 123.799 0.441 177
847.384 123.839 0.449 177
847.224 123.839 0.456 193
847.104 123.878 0.463 193
846.943 123.878 0.470 193
846.783 123.878 0.478 209
846.663 123.878 0.484 209
846.503 123.878 0.490 226
846.382 123.878 0.497 226
846.222 123.878 0.503 242
846.062 123.878 0.509 242
845.901 123.799 0.515 258
845.741 123.719 0.519 258
845.621 123.639 0.523 258
845.381 123.560 0.526 274
845.260 123.520 0.528 274
845.100 123.440 0.529 274
844.940 123.401 0.531 291
844.780 123.361 0.531 307
844.659 123.321 0.532 307
844.499 123.281 0.532 307
844.379 123.202 0.533 323
844.259 123.082 0.534 339
844.139 123.003 0.535 339
844.058 122.923 0.536 339
843.938 122.804 0.538 355
843.818 122.724 0.540 355
843.738 122.605 0.541 371
843.618 122.565 0.543 371
843.538 122.445 0.544 387
843.417 122.326 0.546 387
843.337 122.246 0.548 387
843.257 122.127 0.550 403
843.177 121.968 0.553 403
843.137 121.808 0.555 420
843.097 121.649 0.556 420
843.057 121.490 0.557 420
843.017 121.331 0.559 436
842.977 121.132 0.560 452
842.977 120.972 0.561 452
842.937 120.773 0.562 452
842.937 120.614 0.563 468
842.896 120.495 0.564 468
842.856 120.335 0.566 468
842.856 120.176 0.566 485
842.816 120.057 0.568 501
842.816 119.897 0.570 501
842.776 119.778 0.571 501
842.776 119.619 0.573 517
842.776 119.460 0.574 533
842.776 119.340 0.576 533
842.776 119.181 0.577 533
842.776 119.062 0.577 549
842.776 118.942 0.578 549
842.776 118.823 0.579 549
842.776 118.663 0.579 565
842.776 118.584 0.579 565
842.776 118.464 0.580 581
842.776 118.345 0.580 581
842.776 118.226 0.580 598
842.776 118.106 0.580 598
842.776 117.987 0.580 614
842.776 117.867 0.580 614
842.776 117.748 0.581 614
842.776 117.668 0.580 630
842.776 117.549 0.581 630
842.776 117.469 0.581 630
842.816 117.350 0.581 646
842.896 117.270 0.581 662
842.937 117.151 0.581 662
842.977 117.071 0.581 662
843.057 116.992 0.581 679
843.097 116.912 0.581 695
843.137 116.832 0.580 695
843.257 116.792 0.581 695
843.337 116.713 0.580 711
843.377 116.633 0.581 711
843.457 116.593 0.580 711
843.538 116.474 0.581 727
843.618 116.394 0.581 743
843.738 116.315 0.581 743
843.818 116.275 0.580 743
843.898 116.195 0.581 760
843.978 116.116 0.580 760
844.099 116.076 0.580 776
844.179 116.036 0.581 776
844.259 115.996 0.580 776
844.339 115.957 0.581 792
844.419 115.917 0.581 792
844.539 115.877 0.581 808
844.619 115.797 0.581 808
844.700 115.718 0.581 824
844.780 115.638 0.580 824
844.860 115.598 0.581 824
844.940 115.558 0.581 840
844.980 115.479 0.580 857
845.060 115.439 0.581 857
845.100 115.399 0.581 857
845.180 115.359 0.581 873
845.301 115.320 0.581 873
845.341 115.320 0.581 873
845.421 115.280 0.581 889
845.501 115.240 0.581 906
845.541 115.240 0.581 906
845.581 115.200 0.581 906
845.621 115.200 0.581 922
845.701 115.160 0.580 922
845.741 115.121 0.581 938
845.821 115.121 0.581 938
845.901 115.081 0.580 955
845.982 115.041 0.581 955
846.062 115.001 0.581 955
846.142 115.001 0.581 971
846.262 114.961 0.581 971
846.342 114.961 0.580 987
846.422 114.921 0.580 987
846.543 114.921 0.581 987
846.583 114.921 0.580 1003
846.703 114.921 0.581 1019
846.783 114.921 0.580 1019
846.863 114.921 0.581 1019
846.983 114.921 0.580 1036
847.063 114.921 0.581 1052
847.184 114.921 0.580 1052
847.304 114.921 0.580 1052
847.424 114.921 0.580 1068
847.544 114.882 0.581 1068
847.624 114.842 0.581 1068
847.745 114.842 0.581 1084
847.865 114.802 0.581 1084
847.945 114.762 0.581 1101
848.065 114.722 0.581 1101
848.145 114.722 0.582 1101
848.225 114.683 0.582 1117
848.305 114.683 0.582 1133
848.386 114.683 0.582 1133
848.506 114.683 0.582 1133
848.586 114.643 0.582 1150
848.706 114.643 0.583 1150
848.826 114.603 0.582 1150
848.947 114.563 0.582 1166
849.067 114.523 0.583 1182
849.147 114.484 0.583 1182
849.227 114.444 0.583 1182
849.267 114.444 0.583 1198
849.347 114.404 0.583 1214
849.387 114.404 0.584 1214
849.467 114.404 0.584 1214
849.508 114.404 0.584 1231
849.628 114.404 0.584 1231
849.708 114.404 0.584 1231
849.788 114.404 0.584 1247
849.868 114.404 0.584 1247
849.948 114.404 0.585 1263
850.028 114.404 0.585 1263
850.109 114.404 0.585 1263
850.229 114.404 0.586 1279
850.309 114.404 0.586 1295
850.389 114.364 0.586 1295
850.509 114.364 0.587 1295
850.589 114.364 0.587 1312
850.669 114.364 0.587 1328
850.750 114.364 0.587 1328
850.830 114.364 0.587 1328
850.910 114.364 0.587 1344
850.950 114.364 0.587 1344
851.070 114.364 0.587 1344
851.150 114.364 0.587 1360
851.230 114.364 0.587 1360
851.310 114.364 0.587 1376
851.391 114.364 0.587 1376
851.471 114.364 0.588 1392
851.551 114.364 0.588 1392
851.591 114.364 0.588 1409
851.671 114.364 0.588 1409
851.751 114.364 0.588 1409
851.871 114.364 0.588 1425
851.952 114.364 0.588 1441
852.032 114.364 0.588 1441
852.112 114.364 0.588 1441
852.232 114.364 0.589 1457
852.312 114.364 0.589 1457
852.392 114.364 0.589 1457
852.513 114.364 0.589 1474
852.593 114.364 0.589 1490
852.673 114.364 0.589 1490
852.793 114.364 0.589 1490
852.833 114.364 0.589 1506
852.953 114.364 0.589 1506
853.033 114.364 0.589 1522
853.154 114.364 0.589 1522
853.274 114.364 0.589 1522
853.394 114.364 0.590 1539
853.474 114.364 0.590 1539
853.594 114.364 0.590 1555
853.715 114.364 0.590 1555
853.795 114.364 0.590 1571
853.875 114.364 0.591 1571
853.955 114.404 0.590 1571
854.075 114.404 0.590 1587
854.155 114.444 0.590 1603
854.235 114.523 0.591 1603
854.356 114.563 0.591 1603
854.436 114.563 0.591 1620
854.556 114.603 0.591 1620
854.636 114.643 0.591 1620
854.716 114.643 0.590 1636
854.796 114.643 0.591 1653
854.917 114.643 0.590 1653
854.997 114.643 0.591 1653
855.077 114.643 0.590 1669
855.197 114.683 0.591 1669
855.277 114.683 0.591 1685
855.397 114.683 0.590 1685
855.477 114.683 0.591 1701
855.598 114.683 0.591 1701
855.678 114.722 0.591 1701
855.798 114.722 0.591 1717
855.878 114.722 0.591 1717
855.998 114.722 0.591 1733
856.078 114.722 0.591 1733
856.199 114.722 0.591 1733
856.319 114.722 0.591 1750
856.399 114.722 0.591 1766
856.519 114.722 0.591 1766
856.599 114.722 0.591 1766
856.680 114.722 0.591 1782
856.840 114.722 0.591 1782
856.920 114.722 0.591 1782
857.000 114.722 0.591 1798
857.080 114.722 0.591 1815
857.160 114.722 0.591 1815
857.240 114.722 0.591 1815
857.321 114.722 0.591 1831
857.401 114.722 0.591 1831
857.521 114.722 0.591 1847
857.601 114.722 0.591 1847
857.721 114.722 0.591 1863
857.801 114.722 0.591 1863
857.881 114.722 0.591 1863
858.002 114.722 0.591 1879
858.082 114.722 0.591 1879
858.162 114.722 0.591 1896
858.282 114.722 0.591 1896
858.362 114.722 0.591 1896
858.442 114.722 0.592 1912
858.563 114.722 0.591 1928
858.643 114.722 0.591 1928
858.723 114.722 0.592 1928
858.803 114.722 0.592 1944
858.883 114.722 0.592 1960
858.963 114.762 0.592 1960
859.043 114.762 0.592 1960
859.124 114.762 0.592 1977
859.204 114.762 0.592 1977
859.324 114.762 0.592 1977
859.404 114.762 0.592 1993
859.484 114.762 0.592 1993
859.564 114.762 0.592 2009
859.644 114.762 0.592 2009
859.725 114.762 0.592 2025
859.805 114.762 0.591 2025
859.885 114.762 0.592 2041
859.965 114.762 0.592 2041
860.045 114.762 0.592 2041
860.125 114.762 0.592 2058
860.205 114.762 0.592 2058
860.326 114.762 0.591 2058
860.406 114.762 0.592 2074
860.486 114.762 0.592 2090
860.566 114.802 0.592 2090
860.606 114.802 0.592 2090
860.686 114.842 0.592 2106
860.766 114.842 0.592 2122
860.846 114.842 0.592 2122
860.886 114.842 0.592 2122
860.967 114.842 0.592 2139
861.047 114.842 0.592 2139
861.127 114.842 0.592 2155
861.167 114.882 0.592 2155
861.247 114.882 0.592 2155
861.287 114.882 0.592 2171
861.367 114.882 0.593 2171
861.407 114.882 0.592 2171
861.487 114.882 0.592 2187
861.528 114.921 0.592 2204
861.568 114.921 0.593 2204
861.608 114.921 0.593 2204
861.648 114.921 0.592 2220
861.728 114.921 0.593 2236
861.768 114.921 0.592 2236
861.848 114.921 0.593 2236
861.888 114.921 0.593 2252
861.968 114.921 0.593 2252
862.008 114.921 0.593 2252
862.089 114.921 0.592 2269
862.129 114.921 0.592 2285
862.209 114.921 0.592 2285
862.289 114.921 0.592 2285
862.369 114.921 0.592 2301
862.449 114.921 0.592 2301
862.529 114.961 0.592 2318
862.609 114.961 0.593 2318
862.649 114.961 0.592 2318
862.730 114.961 0.593 2334
862.770 114.961 0.592 2350
862.850 114.961 0.592 2350
862.890 114.961 0.593 2350
862.970 114.961 0.592 2366
863.050 114.961 0.592 2366
863.090 114.961 0.593 2366
863.170 115.001 0.592 2382
863.250 115.001 0.593 2398
863.331 115.001 0.593 2398
863.371 115.001 0.593 2398
863.451 115.001 0.592 2415
863.531 115.001 0.592 2415
863.571 115.001 0.593 2431
863.651 115.001 0.593 2431
863.731 115.001 0.592 2447
863.771 115.001 0.592 2447
863.851 115.001 0.592 2447
863.932 115.001 0.592 2464
864.012 115.001 0.592 2464
864.052 115.001 0.592 2480
864.092 115.001 0.592 2480
864.172 115.041 0.592 2480
864.212 115.041 0.592 2496
864.252 115.041 0.592 2512
864.292 115.041 0.592 2512
864.332 115.081 0.592 2512
864.372 115.081 0.592 2528
864.412 115.081 0.592 2528
864.452 115.081 0.592 2528
864.492 115.081 0.592 2544
864.573 115.081 0.592 2561
864.613 115.081 0.592 2561
864.693 115.081 0.592 2561
864.733 115.081 0.592 2577
864.773 115.121 0.593 2593
864.853 115.121 0.592 2593
864.893 115.160 0.593 2593
864.973 115.160 0.592 2610
865.013 115.200 0.592 2610
865.093 115.200 0.592 2610
865.134 115.200 0.592 2626
865.214 115.200 0.593 2626
865.254 115.200 0.593 2642
865.334 115.200 0.593 2642
865.374 115.200 0.592 2658
865.454 115.200 0.592 2658
865.494 115.200 0.592 2675
865.534 115.200 0.592 2675
865.574 115.200 0.592 2675
865.654 115.200 0.592 2691
865.695 115.200 0.592 2691
865.735 115.200 0.592 2691
865.855 115.200 0.592 2707
865.935 115.200 0.592 2724
866.015 115.200 0.592 2724
866.095 115.200 0.591 2724
866.175 115.200 0.591 2740
866.295 115.200 0.591 2756
866.336 115.200 0.591 2756
866.416 115.200 0.592 2756
866.456 115.200 0.592 2772
866.536 115.200 0.592 2772
866.576 115.200 0.592 2772
866.616 115.200 0.591 2789
866.656 115.160 0.592 2789
866.736 115.160 0.592 2805
866.776 115.160 0.592 2805
866.856 115.160 0.592 2821
866.977 115.160 0.592 2821
867.017 115.160 0.592 2837
867.097 115.160 0.591 2837
867.177 115.160 0.591 2837
867.257 115.121 0.591 2853
867.297 115.121 0.592 2853
867.377 115.121 0.592 2853
867.417 115.121 0.592 2869
867.538 115.121 0.592 2886
867.578 115.121 0.592 2886
867.658 115.121 0.592 2886
867.698 115.121 0.592 2902
867.778 115.081 0.592 2918
867.858 115.081 0.592 2918
867.898 115.081 0.592 2918
867.938 115.081 0.592 2934
868.018 115.081 0.592 2934
868.058 115.081 0.592 2951
868.139 115.081 0.592 2951
868.219 115.081 0.592 2951
868.259 115.081 0.592 2967
868.339 115.081 0.592 2967
868.379 115.081 0.592 2983
868.459 115.081 0.592 2983
868.499 115.081 0.592 2999
868.539 115.081 0.592 2999
868.619 115.081 0.592 2999
868.659 115.081 0.593 3016
868.740 115.081 0.592 3032
868.780 115.081 0.592 3032
868.820 115.081 0.593 3032
868.900 115.081 0.592 3048
868.940 115.081 0.592 3048
868.980 115.081 0.593 3048
869.020 115.081 0.592 3064
869.060 115.081 0.593 3080
869.100 115.081 0.593 3080
869.140 115.081 0.593 3080
869.220 115.081 0.592 3097
869.300 115.081 0.592 3097
869.341 115.081 0.593 3113
869.421 115.081 0.593 3113
869.501 115.041 0.593 3113
869.541 115.041 0.593 3129
869.621 115.041 0.593 3129
869.701 115.001 0.592 3145
869.781 115.001 0.593 3145
869.821 115.001 0.593 3161
869.901 115.001 0.593 3161
869.982 115.001 0.593 3162
870.022 115.001 0.592 3177
870.102 115.001 0.593 3193
870.142 115.001 0.593 3193
870.222 115.001 0.593 3193
870.302 115.001 0.593 3209
870.382 115.001 0.593 3225
870.462 115.001 0.593 3225
870.543 114.961 0.592 3225
870.623 114.961 0.592 3241
870.703 114.961 0.592 3241
870.743 114.921 0.592 3241
870.863 114.921 0.593 3258
870.903 114.921 0.592 3258
871.023 114.921 0.592 3274
871.104 114.921 0.592 3274
871.144 114.921 0.592 3290
871.224 114.921 0.593 3290
871.264 114.921 0.592 3306
871.344 114.921 0.592 3306
871.424 114.921 0.593 3306
871.504 114.882 0.592 3322
871.584 114.882 0.591 3322
871.664 114.882 0.592 3338
871.745 114.882 0.591 3338
871.825 114.882 0.592 3354
871.905 114.882 0.592 3354
871.945 114.882 0.591 3354
872.025 114.882 0.592 3370
872.065 114.882 0.592 3386
872.145 114.882 0.592 3386
872.185 114.882 0.592 3386
872.265 114.882 0.592 3402
872.346 114.882 0.592 3402
872.426 114.882 0.593 3402
872.506 114.882 0.592 3418
872.586 114.882 0.592 3434
872.666 114.882 0.593 3434
872.746 114.882 0.592 3434
872.826 114.882 0.593 3451
872.906 114.882 0.593 3451
872.987 114.882 0.593 3467
873.067 114.882 0.592 3467
873.147 114.882 0.593 3467
873.227 114.882 0.592 3483
873.307 114.882 0.593 3499
873.387 114.882 0.593 3499
873.467 114.882 0.592 3499
873.548 114.882 0.593 3515
873.628 114.882 0.592 3515
873.708 114.882 0.593 3515
873.788 114.882 0.592 3531
873.868 114.882 0.593 3547
873.948 114.882 0.593 3547
874.028 114.882 0.593 3547
874.068 114.882 0.592 3563
874.189 114.882 0.592 3579
874.269 114.882 0.592 3579
874.309 114.921 0.592 3579
874.429 114.921 0.593 3595
874.549 114.921 0.592 3595
874.629 114.921 0.593 3595
874.710 114.921 0.593 3612
874.790 114.921 0.593 3628
874.870 114.961 0.593 3628
874.950 114.961 0.593 3628
875.030 114.961 0.592 3644
875.110 114.961 0.592 3644
875.190 114.961 0.593 3660
875.270 114.961 0.592 3660
875.391 114.961 0.592 3676
875.471 115.001 0.593 3676
875.551 115.001 0.592 3676
875.631 115.001 0.592 3692
875.711 115.001 0.592 3692
875.791 115.001 0.593 3708
875.871 115.001 0.593 3708
875.952 115.001 0.592 3724
876.032 115.001 0.592 3724
876.152 115.001 0.592 3740
876.232 115.041 0.592 3740
876.352 115.041 0.592 3740
876.432 115.041 0.592 3756
876.553 115.041 0.592 3756
876.633 115.041 0.593 3756
876.713 115.041 0.592 3772
876.793 115.041 0.592 3789
876.873 115.041 0.592 3789
876.913 115.041 0.592 3789
877.033 115.041 0.592 3805
877.114 115.041 0.592 3821
877.194 115.081 0.593 3821
877.274 115.081 0.592 3821
877.394 115.121 0.592 3837
877.474 115.121 0.592 3837
877.554 115.160 0.592 3837
877.634 115.160 0.592 3853
877.674 115.160 0.592 3869
877.755 115.160 0.592 3869
877.835 115.200 0.593 3869
877.915 115.200 0.592 3885
878.035 115.200 0.592 3885
878.115 115.200 0.592 3901
878.275 115.200 0.592 3901
878.356 115.240 0.592 3917
878.476 115.240 0.592 3917
878.556 115.240 0.592 3917
878.676 115.280 0.592 3934
878.756 115.280 0.592 3934
878.876 115.280 0.592 3950
878.997 115.280 0.592 3950
879.077 115.280 0.593 3950
879.197 115.280 0.592 3966
879.317 115.280 0.592 3982
879.437 115.280 0.592 3982
879.558 115.280 0.592 3982
879.678 115.280 0.592 3998
879.758 115.280 0.592 3998
879.878 115.280 0.591 3998
879.958 115.280 0.591 4014
880.078 115.280 0.591 4030
880.199 115.280 0.591 4030
880.279 115.280 0.591 4030
880.399 115.280 0.591 4046
880.479 115.280 0.591 4062
880.599 115.280 0.591 4062
880.679 115.280 0.591 4062
880.800 115.280 0.591 4078
880.920 115.280 0.591 4078
881.000 115.280 0.591 4078
881.120 115.240 0.591 4094
881.200 115.240 0.591 4094
881.321 115.240 0.591 4110
881.401 115.240 0.591 4110
881.441 115.240 0.591 4127
881.521 115.200 0.591 4127
881.601 115.200 0.591 4143
881.641 115.200 0.591 4143
881.681 115.200 0.592 4143
881.801 115.200 0.592 4159
881.881 115.160 0.592 4159
881.922 115.160 0.592 4175
882.002 115.160 0.592 4175
882.082 115.160 0.592 4191
882.162 115.160 0.592 4191
882.242 115.160 0.592 4191
882.322 115.160 0.592 4207
882.402 115.160 0.592 4223
882.482 115.160 0.592 4223
882.563 115.160 0.592 4223
882.643 115.160 0.592 4239
882.683 115.160 0.592 4239
882.763 115.160 0.592 4239
882.843 115.160 0.592 4255
882.963 115.160 0.592 4272
883.043 115.160 0.592 4272
883.124 115.160 0.592 4272
883.204 115.160 0.592 4288
883.284 115.160 0.592 4288
883.364 115.160 0.592 4304
883.444 115.160 0.592 4304
883.484 115.160 0.592 4320
883.564 115.160 0.592 4320
883.644 115.160 0.592 4336
883.725 115.160 0.592 4336
883.805 115.160 0.592 4336
883.885 115.160 0.592 4352
883.965 115.160 0.592 4352
884.045 115.160 0.592 4352
884.125 115.160 0.592 4368
884.205 115.160 0.592 4384
884.286 115.160 0.592 4384
884.366 115.160 0.592 4384
884.406 115.160 0.592 4400
884.486 115.160 0.592 4416
884.566 115.160 0.592 4416
884.606 115.160 0.592 4416
884.686 115.160 0.592 4432
884.766 115.160 0.592 4432
884.846 115.160 0.592 4448
884.886 115.160 0.591 4448
884.927 115.160 0.591 4448
885.007 115.160 0.591 4465
885.047 115.160 0.591 4465
885.127 115.160 0.591 4481
885.207 115.160 0.591 4481
885.327 115.160 0.592 4497
885.447 115.160 0.591 4497
885.528 115.160 0.591 4497
885.608 115.160 0.591 4513
885.688 115.160 0.591 4530
885.808 115.160 0.591 4530
885.928 115.160 0.591 4530
886.008 115.160 0.590 4546
886.129 115.160 0.590 4546
886.249 115.160 0.589 4546
886.329 115.160 0.590 4562
886.409 115.160 0.590 4578
886.489 115.160 0.591 4578
886.569 115.160 0.591 4578
886.649 115.160 0.591 4595
886.730 115.160 0.591 4595
886.810 115.160 0.591 4611
886.890 115.160 0.591 4611
886.970 115.160 0.591 4627
887.050 115.160 0.591 4627
887.130 115.160 0.592 4627
887.250 115.160 0.591 4644
887.371 115.121 0.591 4644
887.491 115.121 0.591 4660
887.571 115.121 0.590 4660
887.691 115.081 0.591 4660
887.771 115.081 0.591 4676
887.891 115.081 0.591 4693
887.972 115.081 0.591 4693
888.052 115.081 0.591 4693
888.132 115.081 0.591 4709
888.252 115.081 0.591 4709
888.332 115.081 0.591 4725
888.372 115.081 0.591 4725
888.452 115.081 0.592 4742
888.533 115.081 0.592 4742
888.653 115.081 0.592 4742
888.733 115.081 0.592 4758
888.893 115.041 0.591 4758
888.973 115.041 0.591 4775
889.094 115.001 0.591 4775
889.214 115.001 0.591 4775
889.294 114.961 0.591 4791
889.414 114.961 0.591 4807
889.494 114.921 0.591 4807
889.574 114.921 0.592 4807
889.654 114.921 0.591 4824
889.694 114.882 0.591 4824
889.775 114.882 0.591 4824
889.815 114.882 0.591 4840
889.855 114.882 0.592 4857
889.935 114.882 0.592 4857
890.015 114.882 0.592 4857
890.095 114.882 0.592 4873
890.175 114.882 0.592 4873
890.255 114.882 0.592 4889
890.336 114.882 0.592 4889
890.416 114.882 0.592 4905
890.536 114.882 0.592 4905
890.616 114.882 0.592 4905
890.736 114.882 0.592 4922
890.816 114.882 0.592 4922
890.897 114.882 0.592 4938
890.977 114.882 0.592 4938
891.097 114.882 0.592 4938
891.177 114.882 0.593 4954
891.257 114.882 0.592 4971
891.337 114.882 0.592 4971
891.417 114.842 0.593 4971
891.497 114.842 0.593 4987
891.538 114.802 0.593 4987
891.618 114.802 0.593 4987
891.658 114.802 0.593 5003
891.738 114.802 0.592 5020
891.778 114.802 0.592 5020
891.858 114.802 0.592 5020
891.898 114.802 0.593 5036
891.978 114.802 0.593 5036
892.018 114.802 0.593 5052
892.058 114.802 0.593 5052
892.139 114.802 0.593 5068
892.179 114.802 0.593 5068
892.299 114.802 0.593 5068
892.379 114.802 0.593 5084
892.459 114.802 0.593 5084
892.499 114.802 0.593 5100
892.579 114.802 0.593 5100
892.619 114.802 0.593 5100
892.659 114.802 0.593 5117
892.740 114.802 0.593 5133
892.780 114.802 0.593 5133
892.860 114.802 0.593 5133
892.940 114.802 0.594 5150
892.980 114.802 0.593 5150
893.060 114.802 0.593 5150
893.100 114.802 0.593 5166
893.180 114.802 0.593 5182

