% x_coordinate y_coordinate pressure time
% shape 0, 180 points

1044.793 289.959 0.186 309
1044.953 289.879 0.186 309
1045.154 289.760 0.187 325
1045.354 289.680 0.187 325
1045.514 289.600 0.187 325
1045.674 289.521 0.187 341
1045.875 289.441 0.187 357
1046.075 289.362 0.188 357
1046.235 289.282 0.190 357
1046.396 289.163 0.195 373
1046.556 289.083 0.199 373
1046.716 289.003 0.202 373
1046.876 288.884 0.204 390
1047.037 288.725 0.205 406
1047.237 288.645 0.207 406
1047.397 288.526 0.209 406
1047.558 288.406 0.211 422
1047.718 288.327 0.216 438
1047.878 288.207 0.221 438
1048.038 288.128 0.226 438
1048.159 288.008 0.231 455
1048.279 287.929 0.235 455
1048.399 287.849 0.237 455
1048.479 287.809 0.239 471
1048.599 287.729 0.241 471
1048.679 287.690 0.244 487
1048.800 287.650 0.245 487
1048.880 287.610 0.246 504
1048.960 287.530 0.248 504
1049.080 287.491 0.253 520
1049.200 287.371 0.259 520
1049.321 287.292 0.266 520
1049.441 287.172 0.273 536
1049.601 287.093 0.280 536
1049.761 286.933 0.286 536
1049.922 286.814 0.293 552
1050.122 286.694 0.299 568
1050.322 286.535 0.305 568
1050.442 286.376 0.310 568
1050.603 286.217 0.314 585
1050.763 286.137 0.318 601
1050.923 286.018 0.322 601
1051.043 285.898 0.326 601
1051.204 285.819 0.327 617
1051.324 285.699 0.328 617
1051.484 285.620 0.330 617
1051.644 285.540 0.331 633
1051.765 285.460 0.331 650
1051.885 285.381 0.332 650
1052.045 285.301 0.332 650
1052.165 285.182 0.332 666
1052.286 285.062 0.333 666
1052.446 284.983 0.333 682
1052.566 284.863 0.333 682
1052.726 284.784 0.334 682
1052.886 284.664 0.336 698
1053.087 284.545 0.338 698
1053.247 284.465 0.339 698
1053.367 284.346 0.340 715
1053.487 284.266 0.341 731
1053.608 284.147 0.342 731
1053.728 284.027 0.342 731
1053.848 283.908 0.342 747
1053.928 283.788 0.343 763
1054.048 283.669 0.344 763
1054.169 283.589 0.344 763
1054.289 283.470 0.344 779
1054.369 283.390 0.345 779
1054.489 283.311 0.346 779
1054.609 283.191 0.346 796
1054.689 283.112 0.346 796
1054.810 283.032 0.347 812
1054.930 282.952 0.348 812
1055.050 282.873 0.348 829
1055.170 282.793 0.348 829
1055.291 282.674 0.348 845
1055.411 282.554 0.349 845
1055.531 282.475 0.349 845
1055.651 282.355 0.349 861
1055.811 282.236 0.350 861
1055.932 282.116 0.350 861
1056.052 282.037 0.350 877
1056.132 281.917 0.350 893
1056.212 281.838 0.350 893
1056.292 281.758 0.350 893
1056.332 281.639 0.350 909
1056.372 281.559 0.351 925
1056.492 281.480 0.351 925
1056.573 281.360 0.351 925
1056.653 281.281 0.351 942
1056.733 281.161 0.352 942
1056.853 281.081 0.351 958
1056.973 280.962 0.352 958
1057.053 280.882 0.352 974
1057.174 280.803 0.352 974
1057.254 280.723 0.351 974
1057.334 280.683 0.352 990
1057.414 280.604 0.352 990
1057.494 280.564 0.352 1007
1057.574 280.484 0.352 1007
1057.654 280.445 0.351 1007
1057.735 280.365 0.352 1023
1057.815 280.285 0.352 1039
1057.895 280.206 0.352 1039
1057.935 280.086 0.352 1039
1058.015 279.967 0.352 1055
1058.095 279.847 0.352 1055
1058.135 279.728 0.352 1055
1058.215 279.648 0.352 1072
1058.296 279.529 0.352 1088
1058.336 279.410 0.353 1088
1058.416 279.290 0.353 1088
1058.496 279.211 0.353 1104
1058.536 279.091 0.353 1120
1058.576 279.011 0.353 1120
1058.616 278.892 0.353 1120
1058.696 278.812 0.353 1136
1058.736 278.693 0.352 1136
1058.776 278.613 0.353 1136
1058.856 278.494 0.352 1152
1058.896 278.414 0.353 1152
1058.937 278.335 0.353 1169
1058.977 278.255 0.353 1169
1059.057 278.175 0.353 1185
1059.097 278.096 0.353 1185
1059.137 278.016 0.353 1201
1059.177 277.937 0.353 1201
1059.257 277.857 0.353 1201
1059.337 277.777 0.353 1217
1059.377 277.658 0.353 1217
1059.457 277.539 0.353 1217
1059.537 277.419 0.353 1234
1059.618 277.300 0.353 1250
1059.698 277.140 0.353 1250
1059.738 276.902 0.352 1250
1059.818 276.703 0.339 1266
1059.938 276.464 0.285 1282
1059.938 276.145 0.182 1282

% x_coordinate y_coordinate pressure time
% shape 1, 840 points
1080.573 220.931 0.033 0
1080.492 221.011 0.048 16
1080.412 221.130 0.060 16
1080.332 221.250 0.071 17
1080.172 221.369 0.079 32
1080.052 221.488 0.087 48
1080.052 221.608 0.095 48
1079.932 221.727 0.106 48
1079.811 221.847 0.115 65
1079.691 221.966 0.124 81
1079.611 222.086 0.135 81
1079.531 222.165 0.146 81
1079.491 222.245 0.158 97
1079.411 222.364 0.168 97
1079.371 222.484 0.180 97
1079.331 222.603 0.188 113
1079.250 222.762 0.195 113
1079.210 222.961 0.200 129
1079.130 223.200 0.203 129
1079.010 223.439 0.204 145
1078.890 223.797 0.205 145
1078.730 224.076 0.205 161
1078.569 224.394 0.206 161
1078.409 224.713 0.207 161
1078.249 225.031 0.209 177
1078.129 225.350 0.211 177
1077.968 225.628 0.216 193
1077.848 225.947 0.221 193
1077.728 226.226 0.226 209
1077.648 226.464 0.230 209
1077.568 226.703 0.234 209
1077.447 226.982 0.237 225
1077.367 227.221 0.238 242
1077.247 227.420 0.239 242
1077.127 227.659 0.239 242
1077.047 227.898 0.240 258
1076.927 228.176 0.242 258
1076.846 228.415 0.244 258
1076.726 228.654 0.246 274
1076.646 228.933 0.248 290
1076.566 229.171 0.249 290
1076.486 229.410 0.250 290
1076.406 229.649 0.251 306
1076.286 229.928 0.251 306
1076.165 230.127 0.251 322
1076.045 230.366 0.251 322
1075.965 230.644 0.252 338
1075.925 230.843 0.252 338
1075.845 231.003 0.252 354
1075.805 231.202 0.252 354
1075.765 231.361 0.252 354
1075.724 231.520 0.252 370
1075.684 231.679 0.252 370
1075.644 231.839 0.253 386
1075.604 231.998 0.252 386
1075.564 232.157 0.253 402
1075.524 232.316 0.253 402
1075.484 232.475 0.253 402
1075.444 232.635 0.254 418
1075.404 232.834 0.255 434
1075.324 232.953 0.255 434
1075.284 233.112 0.256 434
1075.244 233.232 0.256 450
1075.204 233.351 0.256 450
1075.164 233.471 0.257 450
1075.164 233.630 0.259 466
1075.124 233.749 0.260 483
1075.083 233.909 0.261 483
1075.083 234.028 0.262 483
1075.043 234.187 0.262 499
1075.003 234.307 0.263 515
1074.963 234.466 0.263 515
1074.883 234.625 0.263 515
1074.843 234.745 0.263 531
1074.803 234.904 0.264 531
1074.723 235.023 0.264 531
1074.643 235.222 0.264 547
1074.563 235.342 0.264 563
1074.482 235.461 0.264 563
1074.442 235.581 0.265 563
1074.362 235.700 0.266 579
1074.362 235.819 0.269 579
1074.322 235.899 0.271 596
1074.242 236.018 0.272 596
1074.242 236.138 0.273 596
1074.202 236.257 0.273 612
1074.162 236.337 0.274 612
1074.122 236.456 0.275 628
1074.082 236.576 0.275 628
1074.042 236.695 0.276 644
1073.962 236.815 0.276 644
1073.922 236.934 0.276 644
1073.881 237.053 0.276 660
1073.841 237.173 0.276 676
1073.801 237.292 0.276 676
1073.761 237.452 0.277 676
1073.721 237.611 0.277 692
1073.681 237.730 0.277 692
1073.641 237.850 0.278 692
1073.601 237.969 0.277 708
1073.561 238.088 0.278 725
1073.481 238.248 0.278 725
1073.441 238.367 0.278 725
1073.401 238.487 0.278 741
1073.361 238.606 0.278 741
1073.321 238.725 0.278 757
1073.240 238.845 0.279 757
1073.200 238.964 0.279 773
1073.160 239.123 0.279 773
1073.120 239.243 0.280 790
1073.080 239.323 0.280 790
1073.000 239.442 0.281 790
1073.000 239.561 0.281 806
1072.920 239.681 0.281 806
1072.920 239.840 0.281 806
1072.880 239.959 0.281 822
1072.800 240.079 0.282 839
1072.719 240.198 0.282 839
1072.679 240.358 0.282 839
1072.639 240.477 0.282 855
1072.559 240.596 0.282 871
1072.519 240.716 0.282 871
1072.479 240.835 0.282 871
1072.439 240.955 0.282 887
1072.399 241.034 0.282 887
1072.359 241.114 0.282 887
1072.319 241.233 0.282 904
1072.319 241.313 0.282 904
1072.279 241.432 0.283 920
1072.239 241.552 0.283 920
1072.199 241.671 0.282 936
1072.199 241.751 0.283 936
1072.119 241.870 0.283 953
1072.119 241.990 0.283 953
1072.038 242.149 0.283 953
1071.998 242.268 0.283 969
1071.998 242.388 0.283 969
1071.918 242.507 0.283 969
1071.878 242.627 0.283 985
1071.838 242.746 0.283 1002
1071.798 242.905 0.283 1002
1071.718 243.025 0.283 1002
1071.678 243.144 0.283 1018
1071.638 243.303 0.283 1034
1071.598 243.423 0.283 1034
1071.558 243.582 0.283 1034
1071.558 243.701 0.283 1050
1071.518 243.821 0.283 1050
1071.518 243.900 0.283 1050
1071.478 244.020 0.283 1067
1071.478 244.139 0.283 1067
1071.437 244.259 0.283 1083
1071.317 244.378 0.283 1083
1071.277 244.498 0.283 1099
1071.277 244.657 0.283 1099
1071.237 244.776 0.283 1115
1071.197 244.896 0.283 1115
1071.197 245.015 0.283 1115
1071.117 245.135 0.283 1132
1071.117 245.254 0.283 1132
1071.037 245.334 0.283 1148
1070.997 245.453 0.283 1148
1070.957 245.533 0.283 1164
1070.917 245.652 0.283 1164
1070.876 245.732 0.283 1164
1070.836 245.811 0.283 1180
1070.836 245.931 0.283 1197
1070.796 246.010 0.283 1197
1070.756 246.130 0.283 1197
1070.716 246.209 0.283 1213
1070.716 246.329 0.283 1213
1070.676 246.408 0.283 1213
1070.636 246.528 0.283 1229
1070.596 246.647 0.283 1245
1070.516 246.767 0.283 1245
1070.476 246.926 0.283 1245
1070.396 247.005 0.283 1261
1070.356 247.165 0.283 1261
1070.316 247.284 0.283 1278
1070.276 247.404 0.283 1278
1070.195 247.523 0.284 1294
1070.155 247.642 0.283 1294
1070.115 247.762 0.284 1294
1070.075 247.881 0.284 1310
1070.035 248.001 0.284 1310
1070.035 248.080 0.284 1326
1069.995 248.200 0.283 1326
1069.995 248.279 0.284 1326
1069.955 248.399 0.284 1343
1069.955 248.518 0.284 1359
1069.915 248.598 0.284 1359
1069.915 248.757 0.284 1359
1069.875 248.876 0.284 1375
1069.835 249.076 0.284 1375
1069.795 249.195 0.284 1375
1069.755 249.314 0.284 1391
1069.714 249.474 0.284 1408
1069.634 249.593 0.284 1408
1069.594 249.713 0.285 1408
1069.554 249.832 0.285 1424
1069.514 249.951 0.284 1440
1069.474 250.071 0.285 1440
1069.434 250.190 0.285 1440
1069.394 250.310 0.285 1456
1069.314 250.429 0.285 1456
1069.314 250.548 0.286 1456
1069.274 250.668 0.286 1473
1069.234 250.787 0.288 1473
1069.234 250.907 0.288 1489
1069.194 251.026 0.289 1489
1069.154 251.185 0.289 1505
1069.114 251.265 0.289 1505
1069.073 251.424 0.289 1522
1069.033 251.544 0.290 1522
1068.993 251.663 0.290 1522
1068.953 251.783 0.290 1538
1068.913 251.902 0.290 1538
1068.913 251.982 0.290 1538
1068.873 252.101 0.290 1554
1068.833 252.181 0.291 1570
1068.793 252.300 0.291 1570
1068.793 252.419 0.291 1570
1068.753 252.499 0.292 1586
1068.713 252.618 0.292 1603
1068.713 252.738 0.293 1603
1068.673 252.857 0.293 1603
1068.633 252.977 0.294 1619
1068.593 253.096 0.295 1619
1068.593 253.216 0.295 1619
1068.553 253.335 0.295 1635
1068.473 253.454 0.295 1651
1068.473 253.574 0.295 1651
1068.432 253.733 0.295 1651
1068.392 253.853 0.295 1667
1068.352 253.972 0.296 1667
1068.312 254.091 0.295 1684
1068.272 254.211 0.296 1684
1068.232 254.330 0.296 1684
1068.152 254.450 0.296 1700
1068.152 254.569 0.296 1700
1068.112 254.649 0.296 1716
1068.072 254.768 0.296 1716
1067.992 254.888 0.296 1732
1067.952 254.967 0.297 1732
1067.952 255.087 0.297 1732
1067.911 255.166 0.298 1748
1067.831 255.286 0.298 1765
1067.791 255.365 0.299 1765
1067.751 255.485 0.299 1765
1067.631 255.604 0.300 1781
1067.591 255.684 0.300 1781
1067.551 255.803 0.301 1781
1067.511 255.923 0.301 1797
1067.471 256.082 0.302 1814
1067.431 256.161 0.301 1814
1067.391 256.281 0.302 1814
1067.351 256.400 0.302 1830
1067.311 256.520 0.302 1830
1067.270 256.599 0.302 1846
1067.230 256.719 0.302 1846
1067.230 256.798 0.302 1863
1067.150 256.918 0.302 1863
1067.110 256.997 0.302 1863
1067.070 257.117 0.303 1879
1067.030 257.236 0.303 1879
1066.950 257.316 0.303 1895
1066.910 257.475 0.304 1895
1066.870 257.595 0.304 1895
1066.830 257.714 0.305 1911
1066.790 257.833 0.305 1928
1066.750 257.913 0.305 1928
1066.709 258.032 0.305 1928
1066.709 258.112 0.305 1944
1066.669 258.192 0.306 1944
1066.669 258.271 0.306 1944
1066.629 258.431 0.307 1960
1066.589 258.550 0.309 1976
1066.549 258.669 0.311 1976
1066.509 258.789 0.312 1976
1066.469 258.908 0.313 1993
1066.429 259.067 0.313 1993
1066.389 259.187 0.314 2009
1066.349 259.346 0.314 2009
1066.309 259.466 0.315 2025
1066.269 259.585 0.315 2025
1066.229 259.704 0.316 2025
1066.189 259.824 0.316 2042
1066.149 259.943 0.316 2042
1066.109 260.063 0.316 2058
1066.068 260.142 0.316 2058
1066.028 260.262 0.316 2058
1065.988 260.421 0.317 2074
1065.908 260.540 0.317 2090
1065.828 260.739 0.317 2090
1065.788 260.859 0.317 2090
1065.708 261.018 0.318 2107
1065.628 261.177 0.317 2107
1065.548 261.337 0.318 2107
1065.468 261.496 0.318 2123
1065.427 261.615 0.318 2139
1065.347 261.774 0.318 2139
1065.227 261.934 0.318 2139
1065.187 262.093 0.318 2156
1065.107 262.252 0.318 2156
1065.067 262.411 0.318 2172
1065.027 262.531 0.318 2172
1064.987 262.650 0.318 2188
1064.947 262.770 0.318 2188
1064.906 262.889 0.318 2188
1064.866 263.048 0.318 2204
1064.826 263.128 0.318 2204
1064.826 263.247 0.318 2220
1064.786 263.367 0.319 2220
1064.746 263.486 0.318 2220
1064.706 263.606 0.319 2237
1064.666 263.765 0.319 2253
1064.626 263.884 0.319 2253
1064.546 264.004 0.320 2253
1064.506 264.163 0.320 2269
1064.466 264.322 0.320 2285
1064.426 264.481 0.320 2285
1064.386 264.641 0.320 2285
1064.305 264.760 0.320 2302
1064.265 264.919 0.321 2302
1064.225 265.039 0.320 2302
1064.185 265.158 0.321 2318
1064.145 265.317 0.321 2334
1064.105 265.437 0.322 2334
1064.065 265.556 0.323 2334
1064.025 265.676 0.325 2351
1063.985 265.795 0.326 2351
1063.945 265.875 0.326 2367
1063.905 266.034 0.327 2367
1063.865 266.153 0.328 2367
1063.825 266.273 0.330 2383
1063.785 266.392 0.331 2383
1063.745 266.551 0.332 2399
1063.705 266.671 0.332 2399
1063.664 266.830 0.333 2416
1063.624 266.949 0.332 2416
1063.584 267.109 0.333 2416
1063.544 267.268 0.333 2432
1063.504 267.387 0.334 2448
1063.464 267.547 0.333 2448
1063.424 267.746 0.334 2448
1063.384 267.905 0.334 2464
1063.344 268.064 0.334 2464
1063.304 268.223 0.334 2464
1063.264 268.383 0.335 2481
1063.224 268.542 0.336 2497
1063.144 268.701 0.337 2497
1063.104 268.860 0.338 2497
1063.063 269.020 0.338 2513
1062.983 269.179 0.339 2513
1062.943 269.338 0.340 2530
1062.863 269.497 0.340 2530
1062.823 269.617 0.341 2530
1062.743 269.736 0.342 2546
1062.703 269.895 0.344 2546
1062.663 270.055 0.346 2562
1062.623 270.174 0.350 2562
1062.583 270.293 0.355 2578
1062.502 270.453 0.361 2578
1062.462 270.572 0.365 2578
1062.382 270.691 0.367 2594
1062.342 270.811 0.370 2611
1062.262 270.970 0.371 2611
1062.222 271.090 0.372 2611
1062.182 271.209 0.374 2627
1062.102 271.368 0.375 2627
1062.062 271.488 0.376 2627
1061.982 271.607 0.377 2643
1061.942 271.766 0.378 2659
1061.861 271.886 0.380 2659
1061.821 272.005 0.382 2659
1061.781 272.164 0.384 2675
1061.741 272.324 0.386 2675
1061.661 272.443 0.387 2692
1061.621 272.563 0.388 2692
1061.581 272.722 0.389 2692
1061.541 272.841 0.391 2708
1061.501 272.961 0.391 2708
1061.461 273.080 0.392 2724
1061.421 273.199 0.392 2724
1061.381 273.279 0.393 2740
1061.341 273.398 0.394 2740
1061.341 273.518 0.393 2740
1061.301 273.637 0.394 2756
1061.260 273.757 0.395 2773
1061.260 273.836 0.394 2773
1061.220 273.956 0.395 2773
1061.220 274.075 0.395 2789
1061.140 274.195 0.396 2789
1061.100 274.314 0.397 2789
1061.060 274.433 0.397 2805
1061.020 274.553 0.399 2822
1060.940 274.712 0.401 2822
1060.900 274.832 0.401 2822
1060.860 274.991 0.403 2838
1060.820 275.110 0.403 2838
1060.740 275.230 0.404 2854
1060.700 275.349 0.405 2854
1060.579 275.429 0.405 2870
1060.499 275.548 0.406 2870
1060.499 275.628 0.407 2870
1060.419 275.747 0.409 2887
1060.419 275.827 0.410 2887
1060.379 275.946 0.410 2903
1060.339 276.026 0.411 2903
1060.299 276.145 0.411 2903
1060.259 276.265 0.412 2919
1060.179 276.384 0.412 2935
1060.139 276.464 0.412 2935
1060.099 276.583 0.413 2935
1060.018 276.703 0.413 2951
1059.978 276.822 0.413 2951
1059.898 276.941 0.413 2951
1059.858 277.061 0.413 2968
1059.818 277.180 0.413 2984
1059.738 277.260 0.413 2984
1059.698 277.339 0.413 2984
1059.658 277.419 0.413 3000
1059.658 277.499 0.413 3017
1059.618 277.578 0.415 3017
1059.578 277.698 0.415 3017
1059.537 277.777 0.415 3033
1059.497 277.897 0.415 3033
1059.457 278.016 0.416 3033
1059.417 278.096 0.417 3049
1059.377 278.175 0.417 3049
1059.297 278.295 0.418 3066
1059.297 278.374 0.419 3066
1059.257 278.454 0.421 3082
1059.217 278.573 0.422 3082
1059.177 278.653 0.423 3098
1059.177 278.773 0.425 3098
1059.177 278.852 0.427 3098
1059.137 278.932 0.430 3115
1059.137 279.011 0.431 3115
1059.097 279.131 0.433 3115
1059.097 279.211 0.434 3131
1059.097 279.290 0.435 3147
1059.057 279.410 0.435 3147
1059.057 279.489 0.436 3147
1059.017 279.569 0.437 3164
1058.977 279.648 0.437 3164
1058.937 279.728 0.438 3180
1058.896 279.847 0.438 3180
1058.896 279.927 0.439 3196
1058.856 280.007 0.440 3196
1058.816 280.086 0.440 3212
1058.776 280.206 0.440 3212
1058.736 280.285 0.441 3212
1058.696 280.365 0.441 3229
1058.656 280.445 0.442 3229
1058.656 280.564 0.444 3229
1058.656 280.644 0.443 3245
1058.616 280.763 0.444 3261
1058.616 280.882 0.444 3261
1058.616 281.002 0.445 3261
1058.576 281.121 0.445 3277
1058.576 281.241 0.445 3294
1058.576 281.360 0.446 3294
1058.536 281.480 0.445 3294
1058.536 281.599 0.446 3310
1058.536 281.718 0.446 3310
1058.536 281.798 0.446 3310
1058.536 281.878 0.446 3326
1058.536 281.957 0.446 3342
1058.496 282.037 0.447 3342
1058.536 282.116 0.447 3342
1058.536 282.196 0.449 3358
1058.536 282.276 0.449 3358
1058.536 282.355 0.449 3375
1058.536 282.395 0.450 3375
1058.536 282.435 0.450 3375
1058.536 282.515 0.450 3391
1058.536 282.594 0.451 3391
1058.496 282.634 0.451 3407
1058.536 282.714 0.451 3407
1058.536 282.793 0.451 3424
1058.536 282.833 0.453 3424
1058.536 282.873 0.453 3424
1058.536 282.952 0.454 3440
1058.536 282.992 0.455 3456
1058.576 283.072 0.455 3456
1058.576 283.112 0.457 3456
1058.576 283.191 0.457 3472
1058.576 283.271 0.457 3472
1058.616 283.311 0.458 3472
1058.616 283.430 0.458 3489
1058.616 283.510 0.459 3505
1058.656 283.589 0.460 3505
1058.656 283.669 0.460 3505
1058.656 283.749 0.461 3521
1058.656 283.828 0.461 3521
1058.696 283.908 0.461 3537
1058.696 284.027 0.462 3537
1058.736 284.107 0.462 3553
1058.776 284.187 0.463 3553
1058.816 284.226 0.463 3553
1058.856 284.306 0.463 3570
1058.896 284.386 0.463 3570
1058.896 284.465 0.463 3586
1058.937 284.545 0.463 3586
1058.937 284.624 0.463 3586
1058.937 284.704 0.464 3602
1058.977 284.784 0.464 3618
1059.017 284.903 0.464 3618
1059.017 284.983 0.464 3618
1059.057 285.102 0.464 3635
1059.057 285.182 0.464 3635
1059.097 285.301 0.464 3635
1059.097 285.381 0.464 3651
1059.137 285.460 0.465 3667
1059.177 285.540 0.465 3667
1059.177 285.620 0.465 3667
1059.217 285.699 0.466 3683
1059.217 285.739 0.466 3700
1059.257 285.819 0.467 3700
1059.257 285.858 0.467 3700
1059.297 285.938 0.468 3716
1059.337 286.018 0.468 3716
1059.377 286.097 0.469 3716
1059.417 286.177 0.469 3732
1059.457 286.257 0.469 3749
1059.497 286.376 0.469 3749
1059.537 286.456 0.470 3749
1059.537 286.535 0.469 3765
1059.578 286.615 0.470 3765
1059.618 286.655 0.470 3781
1059.658 286.734 0.470 3781
1059.698 286.774 0.470 3781
1059.738 286.814 0.470 3797
1059.778 286.814 0.471 3797
1059.778 286.854 0.470 3813
1059.818 286.893 0.470 3813
1059.898 286.933 0.471 3829
1059.938 286.973 0.471 3829
1059.978 287.013 0.471 3829
1060.058 287.053 0.471 3846
1060.139 287.093 0.471 3862
1060.179 287.132 0.472 3862
1060.219 287.172 0.471 3862
1060.299 287.252 0.471 3878
1060.339 287.292 0.472 3878
1060.379 287.331 0.472 3878
1060.419 287.371 0.472 3894
1060.499 287.411 0.473 3911
1060.539 287.451 0.473 3911
1060.579 287.491 0.473 3911
1060.619 287.530 0.474 3927
1060.659 287.570 0.474 3927
1060.700 287.650 0.474 3943
1060.740 287.690 0.474 3943
1060.780 287.729 0.475 3959
1060.820 287.769 0.474 3959
1060.860 287.809 0.475 3959
1060.900 287.809 0.475 3976
1060.940 287.849 0.476 3976
1060.980 287.889 0.475 3992
1061.060 287.929 0.476 3992
1061.100 287.968 0.476 3992
1061.140 288.008 0.477 4008
1061.220 288.048 0.478 4024
1061.260 288.088 0.478 4024
1061.301 288.128 0.478 4024
1061.341 288.167 0.478 4040
1061.421 288.207 0.478 4040
1061.461 288.247 0.478 4040
1061.501 288.287 0.479 4057
1061.581 288.366 0.479 4073
1061.621 288.406 0.478 4073
1061.661 288.486 0.479 4073
1061.741 288.526 0.479 4089
1061.781 288.605 0.479 4105
1061.861 288.685 0.479 4105
1061.942 288.764 0.479 4105
1061.982 288.804 0.479 4122
1062.062 288.804 0.479 4122
1062.142 288.884 0.479 4122
1062.262 288.884 0.479 4138
1062.302 288.924 0.479 4138
1062.382 288.964 0.479 4154
1062.462 288.964 0.480 4154
1062.502 289.003 0.480 4154
1062.583 289.003 0.480 4170
1062.623 289.003 0.481 4187
1062.663 289.043 0.481 4187
1062.743 289.043 0.482 4187
1062.783 289.083 0.484 4203
1062.863 289.083 0.483 4203
1062.903 289.123 0.484 4203
1062.983 289.123 0.484 4219
1063.063 289.123 0.484 4236
1063.144 289.123 0.485 4236
1063.184 289.123 0.486 4236
1063.304 289.123 0.486 4252
1063.384 289.123 0.486 4252
1063.464 289.123 0.487 4268
1063.584 289.123 0.489 4268
1063.664 289.123 0.490 4268
1063.745 289.123 0.490 4284
1063.825 289.123 0.491 4301
1063.905 289.123 0.491 4301
1064.025 289.123 0.491 4301
1064.105 289.123 0.492 4317
1064.185 289.123 0.492 4317
1064.305 289.123 0.492 4317
1064.426 289.123 0.492 4333
1064.506 289.123 0.493 4349
1064.626 289.123 0.494 4349
1064.706 289.123 0.494 4349
1064.786 289.123 0.494 4366
1064.866 289.123 0.494 4382
1064.947 289.123 0.494 4382
1065.027 289.123 0.494 4382
1065.107 289.123 0.494 4399
1065.147 289.123 0.495 4399
1065.227 289.123 0.494 4399
1065.267 289.123 0.494 4415
1065.347 289.123 0.496 4415
1065.387 289.123 0.496 4431
1065.468 289.123 0.495 4431
1065.548 289.123 0.496 4431
1065.628 289.123 0.496 4448
1065.748 289.123 0.495 4464
1065.828 289.123 0.495 4464
1065.908 289.123 0.496 4464
1065.988 289.123 0.495 4480
1066.109 289.123 0.496 4480
1066.189 289.123 0.496 4480
1066.269 289.123 0.496 4496
1066.349 289.123 0.496 4513
1066.469 289.123 0.496 4513
1066.549 289.123 0.496 4513
1066.629 289.123 0.496 4529
1066.709 289.123 0.496 4545
1066.790 289.123 0.496 4545
1066.870 289.123 0.496 4545
1066.950 289.123 0.496 4561
1067.030 289.123 0.496 4561
1067.110 289.123 0.496 4561
1067.190 289.083 0.496 4577
1067.311 289.083 0.496 4593
1067.391 289.083 0.496 4593
1067.471 289.083 0.496 4593
1067.591 289.043 0.496 4593
1067.671 289.043 0.496 4610
1067.751 289.043 0.496 4626
1067.831 289.043 0.496 4626
1067.952 289.003 0.496 4626
1068.072 289.003 0.496 4642
1068.152 288.964 0.496 4642
1068.272 288.924 0.496 4642
1068.392 288.844 0.496 4659
1068.473 288.804 0.496 4675
1068.593 288.764 0.496 4675
1068.713 288.725 0.495 4675
1068.833 288.685 0.495 4691
1068.913 288.645 0.496 4707
1069.033 288.605 0.496 4707
1069.154 288.526 0.495 4707
1069.234 288.526 0.496 4723
1069.354 288.486 0.495 4723
1069.474 288.446 0.495 4723
1069.634 288.446 0.495 4739
1069.714 288.406 0.494 4739
1069.835 288.366 0.494 4756
1069.915 288.327 0.494 4756
1070.035 288.287 0.494 4772
1070.115 288.207 0.494 4772
1070.235 288.167 0.494 4788
1070.356 288.128 0.494 4788
1070.436 288.088 0.494 4788
1070.556 288.008 0.494 4805
1070.676 287.968 0.494 4805
1070.756 287.889 0.494 4805
1070.876 287.849 0.494 4821
1070.997 287.769 0.493 4837
1070.997 287.690 0.494 4837
1071.157 287.610 0.493 4837
1071.277 287.530 0.493 4853
1071.397 287.491 0.493 4870
1071.558 287.451 0.493 4870
1071.678 287.411 0.493 4870
1071.798 287.331 0.493 4886
1071.918 287.331 0.492 4886
1071.998 287.292 0.492 4886
1072.119 287.252 0.491 4902
1072.239 287.212 0.491 4919
1072.359 287.172 0.491 4919
1072.479 287.132 0.491 4919
1072.599 287.132 0.491 4935
1072.800 287.093 0.491 4935
1072.880 287.053 0.491 4951
1073.040 286.973 0.490 4951
1073.160 286.933 0.491 4951
1073.240 286.854 0.490 4967
1073.361 286.774 0.490 4967
1073.441 286.734 0.490 4984
1073.561 286.655 0.490 4984
1073.641 286.615 0.490 5000
1073.761 286.575 0.490 5000
1073.881 286.535 0.490 5000
1073.962 286.495 0.490 5016
1074.082 286.456 0.489 5032
1074.202 286.416 0.488 5032
1074.322 286.376 0.488 5032
1074.442 286.296 0.487 5048
1074.563 286.257 0.486 5048
1074.683 286.217 0.486 5048
1074.803 286.177 0.486 5064
1074.923 286.057 0.485 5081
1075.043 286.018 0.485 5081
1075.164 285.938 0.484 5081
1075.244 285.898 0.484 5097
1075.324 285.858 0.485 5113
1075.404 285.858 0.484 5113
1075.524 285.779 0.484 5113
1075.604 285.739 0.484 5130
1075.684 285.739 0.484 5130
1075.805 285.659 0.484 5146
1075.885 285.620 0.485 5146
1076.045 285.540 0.484 5146
1076.165 285.500 0.484 5162
1076.245 285.421 0.484 5162
1076.366 285.341 0.484 5162
1076.486 285.301 0.484 5178
1076.606 285.221 0.484 5195
1076.686 285.142 0.484 5195
1076.806 285.102 0.484 5195
1076.886 285.062 0.484 5211
1076.967 284.983 0.484 5227
1077.087 284.903 0.484 5227
1077.167 284.863 0.484 5227
1077.247 284.784 0.484 5244
1077.367 284.744 0.484 5244
1077.447 284.664 0.484 5244
1077.527 284.624 0.484 5260
1077.608 284.585 0.484 5260
1077.728 284.545 0.484 5276
1077.768 284.465 0.484 5276
1077.888 284.425 0.484 5292
1077.968 284.346 0.484 5292
1078.089 284.306 0.484 5309
1078.169 284.226 0.484 5309
1078.289 284.187 0.484 5309
1078.409 284.107 0.484 5325
1078.529 284.067 0.484 5325
1078.649 283.987 0.484 5325
1078.730 283.908 0.484 5341
1078.850 283.828 0.484 5357
1079.010 283.709 0.484 5357
1079.090 283.629 0.483 5357
1079.210 283.550 0.483 5374
1079.331 283.430 0.483 5390
1079.451 283.351 0.483 5390
1079.571 283.271 0.484 5390
1079.651 283.191 0.484 5406
1079.771 283.112 0.484 5406
1079.891 283.032 0.483 5406
1080.012 282.952 0.483 5423
1080.092 282.833 0.482 5423
1080.172 282.753 0.483 5439
1080.292 282.634 0.482 5439
1080.372 282.515 0.482 5455
1080.492 282.435 0.484 5455
1080.573 282.315 0.483 5471
1080.693 282.236 0.484 5471
1080.773 282.156 0.484 5471
1080.853 282.077 0.484 5487
1080.933 281.997 0.484 5487
1081.013 281.917 0.484 5487
1081.053 281.878 0.484 5504
1081.094 281.838 0.484 5520
1081.174 281.798 0.484 5520
1081.214 281.718 0.484 5520
1081.294 281.679 0.484 5536
1081.334 281.639 0.484 5552
1081.374 281.559 0.484 5552
1081.454 281.519 0.484 5552
1081.534 281.480 0.484 5568
1081.614 281.360 0.484 5568
1081.695 281.320 0.485 5568
1081.815 281.281 0.484 5585
1081.855 281.201 0.484 5601
1081.935 281.161 0.484 5601
1082.015 281.121 0.485 5601
1082.055 281.081 0.485 5617
1082.095 281.002 0.485 5617
1082.135 280.962 0.485 5634
1082.175 280.882 0.485 5634
1082.255 280.843 0.485 5634
1082.295 280.763 0.485 5650
1082.376 280.683 0.484 5650
1082.416 280.604 0.482 5666
1082.456 280.524 0.483 5666
1082.496 280.445 0.484 5682
1082.576 280.365 0.484 5682
1082.616 280.285 0.484 5682
1082.656 280.206 0.485 5698
1082.736 280.126 0.485 5714
1082.776 280.046 0.485 5714
1082.856 279.967 0.485 5714
1082.896 279.927 0.485 5731
1082.937 279.847 0.485 5731
1082.977 279.808 0.485 5731
1083.057 279.768 0.485 5747
1083.097 279.688 0.485 5763
1083.137 279.648 0.485 5763
1083.177 279.569 0.485 5763

% x_coordinate y_coordinate pressure time
% shape 2, 201 points
1062.743 236.974 0.041 0
1062.823 236.974 0.065 0
1062.903 237.014 0.087 16
1062.983 237.014 0.111 17
1063.063 237.014 0.127 32
1063.184 237.014 0.141 32
1063.224 237.014 0.154 33
1063.344 237.014 0.173 48
1063.464 237.014 0.185 64
1063.544 237.014 0.198 64
1063.664 237.014 0.214 64
1063.785 237.014 0.229 80
1063.865 237.014 0.242 80
1063.985 237.014 0.256 80
1064.145 237.014 0.271 96
1064.265 237.014 0.285 113
1064.386 237.014 0.293 113
1064.546 237.014 0.300 113
1064.666 237.014 0.303 129
1064.826 237.014 0.305 145
1064.947 237.014 0.306 145
1065.107 237.014 0.306 145
1065.227 237.014 0.306 161
1065.387 237.014 0.307 161
1065.548 237.014 0.307 161
1065.708 237.014 0.307 177
1065.868 237.014 0.307 193
1065.988 237.014 0.307 193
1066.149 237.014 0.308 193
1066.309 237.014 0.308 209
1066.469 237.014 0.308 209
1066.629 237.014 0.309 225
1066.790 237.014 0.309 225
1066.990 237.014 0.310 225
1067.150 237.014 0.310 241
1067.311 237.014 0.311 257
1067.471 237.014 0.312 257
1067.631 237.014 0.312 257
1067.791 237.014 0.313 274
1067.992 237.014 0.313 290
1068.152 237.014 0.313 290
1068.312 237.014 0.314 290
1068.473 237.014 0.315 306
1068.633 236.974 0.317 306
1068.793 236.974 0.319 306
1068.913 236.934 0.321 322
1069.073 236.934 0.324 322
1069.234 236.934 0.324 338
1069.394 236.934 0.325 338
1069.514 236.934 0.325 354
1069.714 236.934 0.326 354
1069.835 236.934 0.326 370
1069.995 236.934 0.326 370
1070.155 236.934 0.326 370
1070.316 236.934 0.326 387
1070.516 236.934 0.326 387
1070.676 236.934 0.326 387
1070.836 236.934 0.326 403
1070.957 236.934 0.327 419
1071.117 236.934 0.327 419
1071.237 236.934 0.327 419
1071.357 236.934 0.327 435
1071.558 236.934 0.327 451
1071.678 236.934 0.327 451
1071.838 236.934 0.327 451
1071.958 236.934 0.327 467
1072.119 236.974 0.327 467
1072.279 236.974 0.327 467
1072.439 236.974 0.327 483
1072.639 236.974 0.328 500
1072.800 236.974 0.328 500
1072.960 236.974 0.328 500
1073.120 236.974 0.328 516
1073.281 236.974 0.328 516
1073.401 236.974 0.328 532
1073.521 236.974 0.328 532
1073.681 236.974 0.328 548
1073.801 236.974 0.329 548
1073.922 236.974 0.328 548
1074.042 236.974 0.329 564
1074.202 236.974 0.328 564
1074.322 236.974 0.328 581
1074.482 236.974 0.329 581
1074.643 236.974 0.329 581
1074.763 236.974 0.329 597
1074.923 236.974 0.330 613
1075.043 236.974 0.329 613
1075.164 236.974 0.330 613
1075.364 236.974 0.330 629
1075.484 236.974 0.330 629
1075.644 236.974 0.330 629
1075.765 236.974 0.329 645
1075.925 236.974 0.330 662
1076.045 236.974 0.330 662
1076.205 236.974 0.330 662
1076.326 236.974 0.330 678
1076.486 236.974 0.330 694
1076.606 236.974 0.330 694
1076.766 236.974 0.330 694
1076.886 236.974 0.330 710
1077.047 236.974 0.330 710
1077.207 236.974 0.330 710
1077.367 236.974 0.330 727
1077.527 236.974 0.330 727
1077.648 236.974 0.330 743
1077.808 236.974 0.330 743
1077.928 236.974 0.330 759
1078.048 236.974 0.330 759
1078.169 236.974 0.330 775
1078.329 236.974 0.330 775
1078.449 236.974 0.330 775
1078.569 236.974 0.330 792
1078.689 236.974 0.330 792
1078.810 236.974 0.330 792
1078.930 236.974 0.331 808
1079.050 236.974 0.332 824
1079.170 236.974 0.332 824
1079.291 236.974 0.333 824
1079.411 236.974 0.333 840
1079.531 236.974 0.332 857
1079.691 236.974 0.333 857
1079.811 236.974 0.333 857
1079.972 236.974 0.333 873
1080.132 236.974 0.334 873
1080.252 236.974 0.334 889
1080.412 236.974 0.334 889
1080.573 236.974 0.335 889
1080.733 236.974 0.335 905
1080.853 236.974 0.335 905
1081.013 236.974 0.337 921
1081.134 236.974 0.337 921
1081.254 236.974 0.338 937
1081.374 236.974 0.340 937
1081.494 236.974 0.341 937
1081.574 236.974 0.341 953
1081.695 236.974 0.342 970
1081.815 236.974 0.343 970
1081.895 236.974 0.344 970
1081.975 236.974 0.345 986
1082.055 236.974 0.345 986
1082.135 236.974 0.346 986
1082.215 236.974 0.347 1002
1082.295 237.014 0.347 1018
1082.376 237.014 0.348 1018
1082.456 237.014 0.349 1018
1082.536 237.053 0.350 1034
1082.616 237.053 0.351 1034
1082.656 237.053 0.353 1051
1082.776 237.053 0.353 1051
1082.856 237.093 0.355 1067
1082.977 237.093 0.356 1067
1083.057 237.093 0.357 1083
1083.177 237.093 0.357 1083
1083.257 237.093 0.357 1083
1083.377 237.093 0.360 1099
1083.457 237.093 0.361 1099
1083.578 237.093 0.364 1099
1083.658 237.093 0.368 1115
1083.778 237.093 0.371 1132
1083.858 237.093 0.375 1132
1083.938 237.093 0.377 1132
1084.018 237.093 0.380 1148
1084.099 237.093 0.382 1164
1084.179 237.093 0.383 1164
1084.259 237.093 0.385 1164
1084.339 237.093 0.385 1180
1084.419 237.093 0.386 1180
1084.539 237.093 0.386 1196
1084.619 237.093 0.387 1196
1084.740 237.093 0.387 1196
1084.860 237.093 0.388 1212
1084.940 237.093 0.388 1212
1085.060 237.093 0.389 1212
1085.140 237.093 0.389 1228
1085.220 237.093 0.389 1245
1085.260 237.093 0.390 1245
1085.341 237.093 0.391 1245
1085.381 237.093 0.392 1261
1085.421 237.093 0.392 1277
1085.501 237.093 0.394 1277
1085.541 237.093 0.397 1277
1085.621 237.053 0.403 1294
1085.701 237.014 0.410 1294
1085.781 237.014 0.416 1294
1085.861 236.974 0.421 1310
1085.942 236.934 0.426 1310
1085.982 236.894 0.430 1326
1086.062 236.854 0.432 1326
1086.102 236.854 0.435 1342
1086.142 236.854 0.437 1342
1086.182 236.854 0.439 1358
1086.222 236.815 0.443 1358
1086.262 236.815 0.444 1358
1086.262 236.815 0.447 1375
1086.422 236.815 0.449 1375
1086.463 236.815 0.451 1391
1086.463 236.815 0.454 1391
1086.503 236.815 0.453 1407
1086.503 236.815 0.444 1424
1086.503 236.815 0.395 1440
1086.422 236.815 0.249 1440

