1224.134 236.894 0.021 0.000 
1224.134 236.894 0.041 0.000 
1224.094 236.894 0.069 1.000 
1224.053 236.934 0.098 16.000 
1224.053 236.934 0.135 32.000 
1224.013 236.934 0.167 32.000 
1223.973 236.934 0.194 33.000 
1223.933 236.934 0.212 48.000 
1223.893 236.934 0.231 48.000 
1223.893 236.934 0.244 64.000 
1223.853 236.934 0.258 64.000 
1223.853 236.934 0.273 80.000 
1223.853 236.934 0.286 80.000 
1223.853 236.934 0.302 80.000 
1223.853 236.934 0.316 97.000 
1223.853 236.934 0.328 97.000 
1223.853 236.934 0.345 114.000 
1223.893 236.934 0.362 114.000 
1223.893 236.934 0.376 130.000 
1223.933 236.854 0.387 130.000 
1224.013 236.735 0.398 146.000 
1224.013 236.616 0.407 146.000 
1224.094 236.496 0.413 146.000 
1224.134 236.417 0.418 162.000 
1224.214 236.297 0.424 162.000 
1224.254 236.178 0.429 162.000 
1224.334 236.058 0.432 178.000 
1224.414 235.939 0.436 194.000 
1224.494 235.780 0.440 194.000 
1224.614 235.620 0.444 194.000 
1224.735 235.461 0.448 210.000 
1224.855 235.222 0.452 226.000 
1224.975 234.983 0.456 226.000 
1225.095 234.784 0.459 226.000 
1225.215 234.546 0.464 243.000 
1225.336 234.307 0.467 243.000 
1225.336 234.068 0.471 243.000 
1225.456 233.829 0.477 259.000 
1225.576 233.630 0.481 275.000 
1225.696 233.391 0.485 275.000 
1225.816 233.192 0.489 275.000 
1225.937 232.993 0.491 292.000 
1226.057 232.834 0.495 292.000 
1226.137 232.675 0.499 292.000 
1226.217 232.555 0.502 308.000 
1226.337 232.396 0.505 324.000 
1226.377 232.276 0.508 324.000 
1226.417 232.157 0.510 324.000 
1226.458 231.998 0.512 340.000 
1226.538 231.839 0.514 340.000 
1226.578 231.719 0.514 356.000 
1226.658 231.560 0.515 356.000 
1226.698 231.401 0.515 372.000 
1226.818 231.241 0.516 372.000 
1226.898 231.082 0.516 372.000 
1226.978 230.963 0.517 388.000 
1227.058 230.804 0.518 388.000 
1227.139 230.604 0.519 404.000 
1227.219 230.445 0.521 404.000 
1227.299 230.286 0.524 420.000 
1227.379 230.127 0.526 420.000 
1227.459 229.968 0.529 436.000 
1227.539 229.808 0.531 436.000 
1227.619 229.649 0.532 436.000 
1227.659 229.530 0.533 453.000 
1227.740 229.410 0.534 453.000 
1227.820 229.251 0.534 453.000 
1227.860 229.092 0.535 469.000 
1227.980 228.933 0.535 485.000 
1228.060 228.733 0.535 485.000 
1228.180 228.574 0.536 485.000 
1228.341 228.335 0.536 502.000 
1228.421 228.136 0.536 518.000 
1228.541 227.977 0.537 518.000 
1228.621 227.778 0.539 518.000 
1228.741 227.579 0.541 534.000 
1228.821 227.460 0.543 534.000 
1228.901 227.261 0.546 551.000 
1229.022 227.141 0.547 551.000 
1229.142 226.982 0.549 567.000 
1229.262 226.823 0.550 567.000 
1229.342 226.663 0.551 567.000 
1229.462 226.504 0.552 583.000 
1229.583 226.345 0.552 583.000 
1229.743 226.186 0.553 599.000 
1229.863 225.987 0.555 599.000 
1230.023 225.788 0.555 616.000 
1230.224 225.628 0.557 616.000 
1230.384 225.429 0.558 616.000 
1230.584 225.270 0.560 632.000 
1230.785 225.071 0.561 632.000 
1230.945 224.912 0.563 648.000 
1231.105 224.753 0.566 648.000 
1231.225 224.633 0.568 648.000 
1231.346 224.474 0.571 664.000 
1231.466 224.355 0.575 681.000 
1231.586 224.195 0.577 681.000 
1231.746 224.036 0.580 681.000 
1231.866 223.877 0.583 697.000 
1232.027 223.678 0.584 697.000 
1232.187 223.519 0.586 697.000 
1232.347 223.399 0.586 713.000 
1232.548 223.240 0.587 729.000 
1232.708 223.121 0.587 729.000 
1232.868 223.001 0.587 729.000 
1233.028 222.882 0.588 745.000 
1233.229 222.762 0.589 762.000 
1233.429 222.643 0.591 762.000 
1233.629 222.523 0.591 762.000 
1233.790 222.404 0.593 778.000 
1233.950 222.285 0.594 778.000 
1234.150 222.165 0.596 778.000 
1234.311 222.086 0.597 794.000 
1234.471 222.006 0.598 794.000 
1234.631 221.926 0.600 810.000 
1234.791 221.847 0.602 810.000 
1234.952 221.767 0.602 810.000 
1235.112 221.687 0.604 826.000 
1235.272 221.608 0.605 842.000 
1235.432 221.528 0.605 842.000 
1235.593 221.488 0.605 842.000 
1235.753 221.369 0.606 858.000 
1235.913 221.250 0.607 875.000 
1236.073 221.210 0.608 875.000 
1236.234 221.090 0.608 875.000 
1236.474 221.011 0.609 891.000 
1236.634 220.891 0.610 891.000 
1236.835 220.812 0.610 891.000 
1236.995 220.732 0.611 907.000 
1237.155 220.652 0.612 923.000 
1237.316 220.613 0.613 923.000 
1237.436 220.573 0.612 923.000 
1237.596 220.533 0.614 939.000 
1237.756 220.493 0.614 939.000 
1237.876 220.453 0.614 955.000 
1238.037 220.453 0.614 955.000 
1238.197 220.414 0.615 972.000 
1238.357 220.414 0.616 972.000 
1238.517 220.414 0.616 972.000 
1238.678 220.414 0.615 988.000 
1238.838 220.414 0.616 988.000 
1239.038 220.414 0.616 1004.000 
1239.239 220.374 0.616 1004.000 
1239.439 220.374 0.617 1004.000 
1239.639 220.374 0.617 1020.000 
1239.880 220.334 0.617 1036.000 
1240.120 220.334 0.617 1036.000 
1240.280 220.334 0.617 1036.000 
1240.481 220.334 0.617 1052.000 
1240.641 220.294 0.618 1069.000 
1240.841 220.294 0.617 1069.000 
1241.002 220.294 0.617 1069.000 
1241.202 220.294 0.618 1085.000 
1241.362 220.294 0.617 1085.000 
1241.523 220.294 0.617 1085.000 
1241.683 220.294 0.617 1101.000 
1241.883 220.294 0.617 1101.000 
1242.043 220.294 0.617 1117.000 
1242.164 220.294 0.618 1117.000 
1242.324 220.294 0.617 1133.000 
1242.524 220.294 0.618 1133.000 
1242.644 220.294 0.618 1149.000 
1242.805 220.294 0.618 1149.000 
1242.965 220.294 0.618 1149.000 
1243.165 220.294 0.618 1165.000 
1243.325 220.334 0.618 1165.000 
1243.486 220.374 0.617 1181.000 
1243.726 220.414 0.618 1181.000 
1243.886 220.453 0.618 1198.000 
1244.087 220.533 0.618 1198.000 
1244.287 220.573 0.618 1198.000 
1244.447 220.613 0.618 1214.000 
1244.648 220.652 0.618 1230.000 
1244.808 220.692 0.618 1230.000 
1245.008 220.732 0.618 1230.000 
1245.169 220.732 0.618 1246.000 
1245.329 220.732 0.618 1246.000 
1245.489 220.772 0.618 1246.000 
1245.649 220.772 0.618 1262.000 
1245.810 220.772 0.618 1278.000 
1245.970 220.812 0.618 1278.000 
1246.130 220.812 0.618 1278.000 
1246.250 220.851 0.618 1295.000 
1246.411 220.891 0.618 1311.000 
1246.531 220.931 0.618 1311.000 
1246.651 221.011 0.618 1311.000 
1246.771 221.051 0.618 1327.000 
1246.891 221.130 0.618 1327.000 
1247.012 221.210 0.618 1327.000 
1247.132 221.329 0.618 1343.000 
1247.292 221.409 0.618 1343.000 
1247.453 221.488 0.618 1359.000 
1247.573 221.608 0.619 1359.000 
1247.733 221.687 0.619 1375.000 
1247.893 221.767 0.618 1375.000 
1248.094 221.847 0.618 1391.000 
1248.254 221.926 0.618 1391.000 
1248.374 222.006 0.618 1391.000 
1248.534 222.125 0.618 1407.000 
1248.654 222.205 0.618 1407.000 
1248.775 222.285 0.619 1407.000 
1248.935 222.404 0.619 1424.000 
1249.055 222.523 0.619 1440.000 
1249.135 222.683 0.618 1440.000 
1249.255 222.802 0.618 1440.000 
1249.336 222.961 0.619 1456.000 
1249.416 223.160 0.619 1472.000 
1249.536 223.320 0.619 1472.000 
1249.616 223.479 0.619 1472.000 
1249.736 223.678 0.619 1488.000 
1249.816 223.837 0.619 1488.000 
1249.896 223.956 0.619 1488.000 
1249.977 224.116 0.619 1504.000 
1250.057 224.235 0.619 1521.000 
1250.097 224.355 0.619 1521.000 
1250.137 224.514 0.619 1521.000 
1250.217 224.633 0.620 1537.000 
1250.257 224.753 0.620 1537.000 
1250.297 224.912 0.620 1553.000 
1250.337 225.031 0.620 1553.000 
1250.417 225.151 0.620 1553.000 
1250.457 225.310 0.620 1569.000 
1250.498 225.469 0.620 1569.000 
1250.538 225.589 0.620 1585.000 
1250.578 225.748 0.620 1585.000 
1250.618 225.947 0.620 1601.000 
1250.658 226.066 0.620 1601.000 
1250.698 226.226 0.620 1601.000 
1250.738 226.385 0.620 1617.000 
1250.738 226.544 0.620 1634.000 
1250.778 226.703 0.620 1634.000 
1250.818 226.823 0.620 1634.000 
1250.858 226.982 0.621 1650.000 
1250.858 227.101 0.621 1666.000 
1250.898 227.261 0.621 1666.000 
1251.018 227.380 0.621 1666.000 
1251.018 227.499 0.621 1682.000 
1251.018 227.698 0.621 1682.000 
1251.058 227.858 0.621 1682.000 
1251.058 228.017 0.621 1698.000 
1251.058 228.216 0.621 1698.000 
1251.018 228.415 0.621 1714.000 
1250.978 228.574 0.622 1714.000 
1250.978 228.733 0.622 1731.000 
1250.938 228.893 0.622 1731.000 
1250.938 229.052 0.622 1747.000 
1250.898 229.251 0.622 1747.000 
1250.898 229.410 0.622 1747.000 
1250.858 229.569 0.622 1763.000 
1250.818 229.769 0.622 1763.000 
1250.818 229.968 0.623 1763.000 
1250.778 230.167 0.623 1779.000 
1250.778 230.326 0.623 1795.000 
1250.738 230.525 0.623 1795.000 
1250.738 230.724 0.623 1795.000 
1250.698 230.883 0.623 1811.000 
1250.698 231.042 0.623 1828.000 
1250.658 231.241 0.623 1828.000 
1250.618 231.440 0.623 1828.000 
1250.578 231.640 0.623 1844.000 
1250.538 231.799 0.623 1844.000 
1250.498 231.998 0.624 1860.000 
1250.417 232.157 0.624 1860.000 
1250.417 232.356 0.624 1860.000 
1250.377 232.475 0.624 1876.000 
1250.337 232.635 0.624 1876.000 
1250.297 232.794 0.624 1892.000 
1250.257 232.953 0.624 1892.000 
1250.217 233.073 0.624 1908.000 
1250.177 233.232 0.624 1908.000 
1250.177 233.391 0.624 1908.000 
1250.097 233.590 0.624 1924.000 
1250.057 233.749 0.624 1941.000 
1249.977 233.909 0.624 1941.000 
1249.937 234.068 0.624 1941.000 
1249.856 234.267 0.624 1957.000 
1249.736 234.426 0.625 1957.000 
1249.656 234.625 0.625 1957.000 
1249.576 234.784 0.625 1973.000 
1249.496 234.983 0.625 1989.000 
1249.416 235.182 0.625 1989.000 
1249.336 235.342 0.625 1989.000 
1249.255 235.501 0.625 2005.000 
1249.175 235.700 0.625 2022.000 
1249.095 235.859 0.625 2022.000 
1249.015 236.018 0.625 2022.000 
1248.935 236.178 0.625 2038.000 
1248.855 236.337 0.625 2038.000 
1248.775 236.456 0.625 2038.000 
1248.654 236.616 0.625 2054.000 
1248.574 236.775 0.625 2070.000 
1248.534 236.934 0.625 2070.000 
1248.454 237.133 0.625 2070.000 
1248.374 237.292 0.625 2086.000 
1248.294 237.491 0.625 2086.000 
1248.214 237.690 0.626 2102.000 
1248.174 237.850 0.625 2102.000 
1248.094 238.009 0.625 2102.000 
1248.013 238.128 0.626 2118.000 
1247.933 238.288 0.626 2118.000 
1247.893 238.407 0.625 2118.000 
1247.813 238.526 0.626 2134.000 
1247.733 238.686 0.625 2151.000 
1247.653 238.805 0.626 2151.000 
1247.573 238.924 0.626 2151.000 
1247.533 239.084 0.626 2167.000 
1247.453 239.243 0.626 2183.000 
1247.372 239.402 0.626 2183.000 
1247.292 239.561 0.626 2183.000 
1247.212 239.721 0.626 2199.000 
1247.132 239.959 0.626 2199.000 
1247.052 240.119 0.626 2199.000 
1246.972 240.278 0.626 2216.000 
1246.891 240.397 0.626 2232.000 
1246.811 240.557 0.626 2232.000 
1246.731 240.716 0.626 2232.000 
1246.651 240.875 0.626 2248.000 
1246.571 241.034 0.626 2248.000 
1246.491 241.194 0.627 2264.000 
1246.411 241.353 0.626 2264.000 
1246.371 241.512 0.626 2264.000 
1246.290 241.671 0.626 2281.000 
1246.250 241.830 0.626 2297.000 
1246.210 241.990 0.626 2297.000 
1246.130 242.149 0.626 2297.000 
1246.050 242.308 0.626 2313.000 
1246.010 242.467 0.626 2313.000 
1245.930 242.627 0.626 2313.000 
1245.850 242.826 0.626 2329.000 
1245.770 242.985 0.627 2345.000 
1245.689 243.184 0.626 2345.000 
1245.649 243.343 0.626 2345.000 
1245.609 243.502 0.627 2362.000 
1245.569 243.662 0.627 2362.000 
1245.529 243.821 0.626 2378.000 
1245.449 243.980 0.627 2378.000 
1245.409 244.139 0.627 2394.000 
1245.369 244.259 0.627 2394.000 
1245.289 244.418 0.626 2394.000 
1245.209 244.617 0.627 2410.000 
1245.169 244.776 0.627 2410.000 
1245.089 244.975 0.627 2426.000 
1245.008 245.174 0.627 2426.000 
1244.968 245.334 0.627 2426.000 
1244.888 245.533 0.627 2442.000 
1244.848 245.732 0.627 2459.000 
1244.768 245.891 0.627 2459.000 
1244.728 246.050 0.627 2459.000 
1244.648 246.209 0.627 2475.000 
1244.608 246.369 0.627 2475.000 
1244.568 246.488 0.627 2475.000 
1244.488 246.647 0.627 2491.000 
1244.447 246.846 0.627 2507.000 
1244.407 247.005 0.627 2507.000 
1244.367 247.125 0.627 2507.000 
1244.287 247.284 0.627 2523.000 
1244.207 247.443 0.627 2539.000 
1244.167 247.603 0.627 2539.000 
1244.087 247.762 0.627 2539.000 
1244.047 247.921 0.627 2555.000 
1244.007 248.041 0.628 2555.000 
1243.927 248.200 0.627 2555.000 
1243.886 248.359 0.627 2571.000 
1243.806 248.558 0.628 2588.000 
1243.766 248.717 0.627 2588.000 
1243.686 248.876 0.627 2588.000 
1243.646 249.076 0.628 2604.000 
1243.566 249.275 0.627 2604.000 
1243.526 249.434 0.628 2620.000 
1243.446 249.633 0.628 2620.000 
1243.406 249.832 0.628 2620.000 
1243.366 249.991 0.628 2636.000 
1243.285 250.190 0.628 2636.000 
1243.245 250.349 0.628 2652.000 
1243.205 250.548 0.629 2652.000 
1243.125 250.708 0.629 2669.000 
1243.085 250.907 0.629 2669.000 
1243.045 251.066 0.630 2669.000 
1243.005 251.265 0.630 2685.000 
1242.925 251.424 0.630 2701.000 
1242.845 251.663 0.630 2701.000 
1242.805 251.822 0.630 2701.000 
1242.725 252.021 0.631 2717.000 
1242.685 252.220 0.631 2717.000 
1242.604 252.380 0.631 2717.000 
1242.604 252.579 0.632 2733.000 
1242.564 252.778 0.632 2750.000 
1242.524 252.977 0.632 2750.000 
1242.484 253.136 0.633 2750.000 
1242.444 253.335 0.634 2766.000 
1242.364 253.534 0.634 2782.000 
1242.324 253.693 0.636 2782.000 
1242.244 253.932 0.637 2782.000 
1242.204 254.091 0.639 2798.000 
1242.124 254.290 0.641 2798.000 
1242.083 254.450 0.642 2798.000 
1242.043 254.609 0.643 2814.000 
1241.963 254.768 0.644 2814.000 
1241.883 254.927 0.645 2830.000 
1241.843 255.087 0.647 2830.000 
1241.763 255.206 0.648 2830.000 
1241.723 255.365 0.648 2846.000 
1241.643 255.525 0.649 2863.000 
1241.603 255.684 0.650 2863.000 
1241.523 255.803 0.650 2863.000 
1241.442 255.962 0.651 2879.000 
1241.362 256.161 0.652 2895.000 
1241.282 256.281 0.652 2895.000 
1241.242 256.400 0.653 2895.000 
1241.202 256.560 0.653 2911.000 
1241.162 256.719 0.654 2911.000 
1241.122 256.838 0.654 2911.000 
1241.082 256.997 0.655 2927.000 
1241.042 257.157 0.655 2927.000 
1240.962 257.276 0.655 2943.000 
1240.881 257.435 0.656 2943.000 
1240.841 257.595 0.656 2959.000 
1240.801 257.794 0.656 2959.000 
1240.761 257.953 0.656 2975.000 
1240.721 258.112 0.656 2975.000 
1240.681 258.271 0.657 2975.000 
1240.641 258.431 0.657 2992.000 
1240.561 258.630 0.658 2992.000 
1240.521 258.789 0.657 3008.000 
1240.481 258.948 0.657 3008.000 
1240.401 259.147 0.658 3024.000 
1240.361 259.306 0.658 3024.000 
1240.321 259.466 0.657 3024.000 
1240.240 259.665 0.658 3040.000 
1240.200 259.824 0.658 3056.000 
1240.160 259.983 0.658 3056.000 
1240.120 260.142 0.658 3056.000 
1240.080 260.301 0.658 3072.000 
1240.040 260.461 0.658 3072.000 
1240.000 260.620 0.659 3072.000 
1239.960 260.779 0.658 3089.000 
1239.920 260.978 0.658 3105.000 
1239.880 261.138 0.659 3105.000 
1239.840 261.297 0.659 3105.000 
1239.800 261.456 0.659 3121.000 
1239.720 261.615 0.660 3121.000 
1239.639 261.774 0.660 3137.000 
1239.559 261.973 0.661 3137.000 
1239.479 262.133 0.660 3153.000 
1239.359 262.332 0.661 3153.000 
1239.279 262.491 0.661 3153.000 
1239.199 262.690 0.662 3169.000 
1239.159 262.849 0.661 3169.000 
1239.119 263.048 0.661 3186.000 
1239.038 263.247 0.661 3186.000 
1238.998 263.407 0.662 3202.000 
1238.918 263.606 0.662 3202.000 
1238.878 263.765 0.663 3218.000 
1238.798 263.924 0.662 3218.000 
1238.758 264.083 0.663 3218.000 
1238.678 264.243 0.662 3234.000 
1238.638 264.402 0.663 3250.000 
1238.557 264.561 0.663 3250.000 
1238.517 264.720 0.663 3250.000 
1238.437 264.919 0.663 3266.000 
1238.357 265.078 0.663 3266.000 
1238.277 265.278 0.663 3266.000 
1238.237 265.437 0.664 3283.000 
1238.157 265.636 0.664 3299.000 
1238.117 265.835 0.664 3299.000 
1238.077 265.994 0.664 3299.000 
1237.997 266.193 0.665 3315.000 
1237.957 266.352 0.665 3315.000 
1237.917 266.512 0.665 3331.000 
1237.876 266.671 0.665 3331.000 
1237.796 266.830 0.666 3331.000 
1237.756 266.989 0.665 3347.000 
1237.676 267.188 0.666 3347.000 
1237.636 267.348 0.666 3363.000 
1237.596 267.547 0.665 3363.000 
1237.516 267.706 0.666 3380.000 
1237.476 267.945 0.666 3380.000 
1237.436 268.104 0.666 3380.000 
1237.396 268.303 0.666 3396.000 
1237.356 268.462 0.667 3412.000 
1237.316 268.661 0.667 3412.000 
1237.276 268.860 0.668 3412.000 
1237.235 269.020 0.667 3428.000 
1237.155 269.219 0.668 3428.000 
1237.115 269.418 0.668 3444.000 
1237.075 269.577 0.669 3444.000 
1236.995 269.776 0.669 3444.000 
1236.955 269.935 0.669 3460.000 
1236.915 270.134 0.670 3476.000 
1236.875 270.373 0.671 3476.000 
1236.835 270.532 0.672 3476.000 
1236.795 270.731 0.671 3492.000 
1236.755 270.891 0.672 3492.000 
1236.714 271.090 0.673 3492.000 
1236.674 271.249 0.674 3509.000 
1236.634 271.408 0.674 3525.000 
1236.594 271.607 0.675 3525.000 
1236.554 271.766 0.675 3525.000 
1236.514 271.965 0.676 3541.000 
1236.474 272.164 0.677 3541.000 
1236.394 272.363 0.678 3557.000 
1236.314 272.602 0.678 3557.000 
1236.234 272.801 0.679 3573.000 
1236.194 273.000 0.680 3573.000 
1236.154 273.160 0.680 3573.000 
1236.114 273.359 0.681 3589.000 
1236.073 273.518 0.682 3589.000 
1236.073 273.717 0.682 3605.000 
1236.033 273.876 0.683 3605.000 
1236.033 274.075 0.683 3622.000 
1235.993 274.234 0.684 3622.000 
1235.953 274.433 0.684 3638.000 
1235.953 274.593 0.685 3638.000 
1235.913 274.792 0.686 3638.000 
1235.873 275.031 0.687 3654.000 
1235.833 275.190 0.687 3654.000 
1235.793 275.349 0.688 3654.000 
1235.793 275.508 0.688 3670.000 
1235.753 275.668 0.689 3686.000 
1235.713 275.827 0.690 3686.000 
1235.713 275.986 0.691 3686.000 
1235.673 276.145 0.692 3703.000 
1235.633 276.305 0.693 3719.000 
1235.633 276.464 0.694 3719.000 
1235.593 276.583 0.695 3719.000 
1235.593 276.742 0.696 3735.000 
1235.552 276.902 0.698 3735.000 
1235.552 277.061 0.699 3735.000 
1235.552 277.220 0.700 3751.000 
1235.552 277.379 0.702 3767.000 
1235.552 277.539 0.702 3767.000 
1235.552 277.738 0.703 3767.000 
1235.552 277.897 0.704 3783.000 
1235.552 278.016 0.705 3783.000 
1235.512 278.175 0.706 3799.000 
1235.512 278.335 0.706 3799.000 
1235.512 278.454 0.707 3799.000 
1235.512 278.573 0.708 3816.000 
1235.512 278.733 0.708 3816.000 
1235.512 278.852 0.708 3832.000 
1235.512 279.011 0.709 3832.000 
1235.432 279.131 0.710 3848.000 
1235.472 279.250 0.710 3848.000 
1235.472 279.370 0.712 3848.000 
1235.472 279.489 0.712 3864.000 
1235.472 279.648 0.714 3880.000 
1235.472 279.768 0.715 3880.000 
1235.512 279.887 0.716 3880.000 
1235.512 280.007 0.717 3896.000 
1235.512 280.166 0.717 3896.000 
1235.512 280.285 0.717 3896.000 
1235.512 280.405 0.717 3912.000 
1235.512 280.564 0.718 3929.000 
1235.512 280.683 0.718 3929.000 
1235.552 280.803 0.719 3929.000 
1235.552 280.922 0.720 3945.000 
1235.593 281.042 0.720 3945.000 
1235.633 281.161 0.721 3961.000 
1235.633 281.281 0.721 3961.000 
1235.633 281.360 0.722 3961.000 
1235.673 281.480 0.723 3977.000 
1235.673 281.559 0.723 3993.000 
1235.673 281.679 0.724 3993.000 
1235.713 281.758 0.725 3993.000 
1235.713 281.838 0.726 4010.000 
1235.753 281.997 0.726 4010.000 
1235.753 282.077 0.727 4010.000 
1235.793 282.196 0.727 4026.000 
1235.793 282.276 0.728 4042.000 
1235.833 282.355 0.729 4042.000 
1235.833 282.435 0.730 4042.000 
1235.873 282.554 0.731 4058.000 
1235.913 282.634 0.731 4058.000 
1235.953 282.714 0.732 4074.000 
1235.993 282.833 0.732 4074.000 
1236.073 282.952 0.733 4090.000 
1236.114 283.032 0.734 4090.000 
1236.154 283.112 0.734 4107.000 
1236.234 283.231 0.735 4107.000 
1236.274 283.311 0.735 4107.000 
1236.314 283.430 0.736 4123.000 
1236.354 283.510 0.736 4123.000 
1236.394 283.629 0.737 4139.000 
1236.434 283.709 0.737 4139.000 
1236.474 283.788 0.737 4155.000 
1236.514 283.868 0.737 4155.000 
1236.554 283.948 0.737 4155.000 
1236.594 284.027 0.738 4171.000 
1236.634 284.107 0.738 4187.000 
1236.674 284.187 0.738 4187.000 
1236.714 284.306 0.738 4187.000 
1236.755 284.386 0.738 4204.000 
1236.835 284.505 0.739 4204.000 
1236.875 284.585 0.739 4204.000 
1236.915 284.704 0.739 4220.000 
1236.995 284.823 0.739 4236.000 
1237.035 284.903 0.739 4236.000 
1237.075 285.022 0.739 4236.000 
1237.155 285.102 0.740 4252.000 
1237.195 285.182 0.740 4252.000 
1237.276 285.261 0.740 4268.000 
1237.316 285.301 0.740 4268.000 
1237.396 285.381 0.740 4284.000 
1237.436 285.460 0.741 4284.000 
1237.516 285.500 0.741 4284.000 
1237.556 285.580 0.741 4301.000 
1237.636 285.659 0.741 4301.000 
1237.716 285.739 0.741 4317.000 
1237.796 285.819 0.742 4317.000 
1237.836 285.898 0.742 4317.000 
1237.876 285.978 0.742 4333.000 
1237.957 286.057 0.742 4349.000 
1237.997 286.137 0.742 4349.000 
1238.037 286.177 0.742 4349.000 
1238.117 286.217 0.742 4366.000 
1238.197 286.296 0.742 4366.000 
1238.277 286.336 0.742 4366.000 
1238.317 286.416 0.742 4383.000 
1238.397 286.456 0.742 4399.000 
1238.477 286.535 0.743 4399.000 
1238.517 286.575 0.743 4399.000 
1238.557 286.655 0.743 4415.000 
1238.638 286.734 0.743 4415.000 
1238.678 286.814 0.743 4415.000 
1238.718 286.854 0.743 4431.000 
1238.798 286.933 0.743 4447.000 
1238.838 286.973 0.743 4447.000 
1238.918 287.053 0.743 4447.000 
1238.998 287.093 0.744 4463.000 
1239.078 287.132 0.743 4480.000 
1239.159 287.212 0.743 4480.000 
1239.279 287.252 0.743 4480.000 
1239.359 287.292 0.743 4496.000 
1239.439 287.331 0.743 4496.000 
1239.519 287.411 0.743 4496.000 
1239.599 287.451 0.743 4512.000 
1239.680 287.530 0.743 4512.000 
1239.760 287.570 0.743 4528.000 
1239.840 287.610 0.743 4528.000 
1239.920 287.690 0.744 4528.000 
1240.000 287.729 0.743 4544.000 
1240.040 287.769 0.743 4560.000 
1240.120 287.809 0.744 4560.000 
1240.200 287.889 0.743 4560.000 
1240.280 287.929 0.744 4576.000 
1240.401 287.968 0.743 4592.000 
1240.481 288.008 0.744 4592.000 
1240.561 288.048 0.743 4592.000 
1240.641 288.088 0.743 4608.000 
1240.681 288.128 0.744 4608.000 
1240.761 288.167 0.744 4608.000 
1240.841 288.207 0.743 4625.000 
1240.922 288.287 0.743 4641.000 
1241.002 288.366 0.744 4641.000 
1241.122 288.406 0.744 4641.000 
1241.202 288.486 0.744 4657.000 
1241.322 288.565 0.745 4657.000 
1241.442 288.605 0.745 4673.000 
1241.482 288.645 0.744 4673.000 
1241.603 288.725 0.745 4673.000 
1241.723 288.764 0.745 4689.000 
1241.803 288.844 0.745 4689.000 
1241.923 288.884 0.745 4705.000 
1242.003 288.964 0.746 4705.000 
1242.083 289.003 0.746 4721.000 
1242.164 289.003 0.746 4721.000 
1242.244 289.043 0.745 4721.000 
1242.324 289.083 0.746 4738.000 
1242.404 289.123 0.746 4754.000 
1242.484 289.163 0.746 4754.000 
1242.604 289.242 0.745 4754.000 
1242.685 289.282 0.745 4770.000 
1242.765 289.362 0.746 4770.000 
1242.885 289.401 0.746 4770.000 
1242.965 289.481 0.746 4786.000 
1243.045 289.521 0.746 4802.000 
1243.125 289.561 0.746 4802.000 
1243.205 289.561 0.746 4802.000 
1243.325 289.600 0.746 4818.000 
1243.406 289.600 0.746 4818.000 
1243.526 289.600 0.746 4834.000 
1243.646 289.600 0.746 4834.000 
1243.726 289.600 0.746 4850.000 
1243.846 289.600 0.746 4850.000 
1243.927 289.600 0.746 4867.000 
1244.087 289.600 0.747 4867.000 
1244.207 289.600 0.747 4867.000 
1244.287 289.600 0.747 4883.000 
1244.407 289.600 0.747 4883.000 
1244.528 289.640 0.747 4883.000 
1244.608 289.640 0.747 4899.000 
1244.728 289.680 0.747 4915.000 
1244.808 289.680 0.748 4915.000 
1244.848 289.680 0.748 4915.000 
1244.968 289.680 0.748 4931.000 
1245.089 289.680 0.748 4947.000 
1245.209 289.680 0.748 4947.000 
1245.369 289.680 0.748 4947.000 
1245.489 289.680 0.748 4964.000 
1245.569 289.680 0.748 4964.000 
1245.689 289.680 0.749 4980.000 
1245.810 289.680 0.750 4980.000 
1245.930 289.680 0.749 4980.000 
1246.010 289.680 0.750 4996.000 
1246.130 289.680 0.750 4996.000 
1246.250 289.680 0.750 5012.000 
1246.411 289.680 0.750 5012.000 
1246.491 289.680 0.750 5028.000 
1246.651 289.680 0.750 5028.000 
1246.771 289.680 0.750 5028.000 
1246.851 289.680 0.750 5044.000 
1246.972 289.680 0.750 5061.000 
1247.092 289.680 0.750 5061.000 
1247.252 289.680 0.750 5061.000 
1247.372 289.680 0.750 5077.000 
1247.493 289.680 0.750 5077.000 
1247.613 289.680 0.750 5077.000 
1247.733 289.680 0.750 5093.000 
1247.893 289.680 0.750 5109.000 
1247.973 289.680 0.750 5109.000 
1248.134 289.680 0.750 5109.000 
1248.254 289.680 0.750 5125.000 
1248.374 289.680 0.751 5125.000 
1248.494 289.680 0.751 5141.000 
1248.654 289.680 0.751 5141.000 
1248.775 289.680 0.751 5158.000 
1248.895 289.680 0.751 5158.000 
1249.055 289.640 0.751 5158.000 
1249.215 289.600 0.751 5174.000 
1249.336 289.561 0.751 5174.000 
1249.456 289.521 0.751 5190.000 
1249.616 289.481 0.751 5190.000 
1249.736 289.441 0.751 5190.000 
1249.856 289.401 0.751 5206.000 
1249.977 289.362 0.751 5222.000 
1250.097 289.322 0.751 5222.000 
1250.217 289.282 0.751 5222.000 
1250.297 289.242 0.751 5239.000 
1250.417 289.202 0.751 5239.000 
1250.498 289.163 0.751 5239.000 
1250.618 289.123 0.751 5255.000 
1250.698 289.043 0.751 5271.000 
1250.778 289.003 0.751 5271.000 
1250.858 288.924 0.751 5271.000 
1250.938 288.884 0.751 5287.000 
1251.018 288.764 0.751 5287.000 
1251.139 288.685 0.752 5303.000 
1251.219 288.645 0.752 5303.000 
1251.379 288.565 0.752 5319.000 
1251.499 288.486 0.752 5319.000 
1251.619 288.446 0.752 5335.000 
1251.699 288.366 0.752 5335.000 
1251.820 288.287 0.752 5335.000 
1251.940 288.247 0.752 5351.000 
1252.020 288.167 0.752 5368.000 
1252.140 288.088 0.752 5368.000 
1252.260 288.008 0.752 5368.000 
1252.341 287.929 0.752 5384.000 
1252.461 287.849 0.752 5384.000 
1252.541 287.729 0.753 5384.000 
1252.661 287.650 0.752 5400.000 
1252.741 287.570 0.752 5416.000 
1252.821 287.451 0.752 5416.000 
1252.942 287.371 0.752 5416.000 
1253.062 287.252 0.752 5432.000 
1253.182 287.132 0.751 5432.000 
1253.262 287.013 0.752 5448.000 
1253.382 286.893 0.752 5448.000 
1253.462 286.774 0.753 5465.000 
1253.583 286.655 0.753 5465.000 
1253.663 286.535 0.752 5465.000 
1253.743 286.376 0.752 5481.000 
1253.863 286.257 0.752 5481.000 
1253.943 286.137 0.753 5497.000 
1254.104 285.978 0.753 5497.000 
1254.224 285.819 0.753 5497.000 
1254.344 285.620 0.752 5513.000 
1254.504 285.421 0.752 5529.000 
1254.624 285.221 0.752 5529.000 
1254.785 284.983 0.752 5529.000 
1254.945 284.784 0.751 5546.000 
1255.065 284.545 0.752 5546.000 
1255.185 284.346 0.751 5546.000 
1255.346 284.107 0.751 5562.000 
1255.466 283.868 0.750 5578.000 
1255.586 283.629 0.748 5578.000 
1255.746 283.351 0.746 5578.000 
1255.906 283.032 0.745 5594.000 
1256.107 282.674 0.741 5610.000 
1256.347 282.236 0.735 5610.000 
1256.628 281.639 0.723 5610.000 
1256.988 281.002 0.699 5627.000 
1257.389 280.285 0.655 5627.000 
1257.830 279.529 0.596 5627.000 
1258.391 278.573 0.516 5643.000 
1259.032 277.578 0.410 5643.000 
1259.753 276.504 0.265 5659.000 
1278.304 222.683 0.071 0.000 
1278.344 222.643 0.096 16.000 
1278.384 222.523 0.118 32.000 
1278.464 222.444 0.152 32.000 
1278.544 222.324 0.186 32.000 
1278.705 222.205 0.212 48.000 
1278.825 222.086 0.236 48.000 
1278.905 221.966 0.257 48.000 
1278.985 221.887 0.276 64.000 
1279.065 221.807 0.292 80.000 
1279.105 221.727 0.308 80.000 
1279.105 221.687 0.320 80.000 
1279.105 221.608 0.330 97.000 
1279.145 221.568 0.344 113.000 
1279.145 221.528 0.353 113.000 
1279.145 221.449 0.360 113.000 
1279.145 221.369 0.367 129.000 
1279.145 221.289 0.373 129.000 
1279.145 221.250 0.380 129.000 
1279.145 221.170 0.388 145.000 
1279.145 221.130 0.396 145.000 
1279.145 221.090 0.405 161.000 
1279.145 221.090 0.411 161.000 
1279.145 221.090 0.413 178.000 
1279.145 221.090 0.417 178.000 
1279.105 221.090 0.420 194.000 
1279.065 221.090 0.424 194.000 
1279.025 221.210 0.427 194.000 
1278.985 221.369 0.430 210.000 
1278.945 221.528 0.433 210.000 
1278.905 221.687 0.436 210.000 
1278.865 221.847 0.440 226.000 
1278.825 222.006 0.446 243.000 
1278.785 222.165 0.453 243.000 
1278.705 222.364 0.458 243.000 
1278.584 222.603 0.465 259.000 
1278.504 222.882 0.475 275.000 
1278.384 223.240 0.484 275.000 
1278.264 223.558 0.493 275.000 
1278.224 223.956 0.501 291.000 
1278.104 224.355 0.506 291.000 
1277.983 224.753 0.513 291.000 
1277.863 225.151 0.517 308.000 
1277.743 225.589 0.522 324.000 
1277.623 225.987 0.525 324.000 
1277.542 226.345 0.527 324.000 
1277.382 226.663 0.530 340.000 
1277.302 226.982 0.532 340.000 
1277.182 227.300 0.533 356.000 
1277.062 227.579 0.535 356.000 
1276.982 227.898 0.537 356.000 
1276.861 228.136 0.538 372.000 
1276.781 228.415 0.540 372.000 
1276.661 228.614 0.542 388.000 
1276.581 228.813 0.543 388.000 
1276.501 229.052 0.546 404.000 
1276.421 229.211 0.548 404.000 
1276.341 229.410 0.550 404.000 
1276.301 229.609 0.552 421.000 
1276.220 229.808 0.554 437.000 
1276.180 230.007 0.556 437.000 
1276.140 230.246 0.557 437.000 
1276.100 230.445 0.558 453.000 
1276.060 230.644 0.559 453.000 
1276.020 230.843 0.560 453.000 
1275.940 231.042 0.562 469.000 
1275.900 231.241 0.563 486.000 
1275.860 231.480 0.563 486.000 
1275.820 231.679 0.565 486.000 
1275.699 231.918 0.565 502.000 
1275.659 232.077 0.566 518.000 
1275.579 232.276 0.567 518.000 
1275.419 232.555 0.568 518.000 
1275.339 232.754 0.568 534.000 
1275.219 232.913 0.570 534.000 
1275.139 233.112 0.570 550.000 
1275.018 233.311 0.571 550.000 
1274.938 233.511 0.572 550.000 
1274.858 233.710 0.573 566.000 
1274.778 233.869 0.573 566.000 
1274.698 234.068 0.574 566.000 
1274.618 234.227 0.574 583.000 
1274.538 234.426 0.575 599.000 
1274.457 234.585 0.575 599.000 
1274.377 234.824 0.575 599.000 
1274.297 235.023 0.576 615.000 
1274.257 235.182 0.576 615.000 
1274.177 235.381 0.577 631.000 
1274.097 235.581 0.577 631.000 
1274.057 235.780 0.578 647.000 
1273.977 235.979 0.578 647.000 
1273.896 236.178 0.579 647.000 
1273.816 236.377 0.580 664.000 
1273.736 236.536 0.581 664.000 
1273.616 236.735 0.582 680.000 
1273.496 236.894 0.584 680.000 
1273.416 237.133 0.585 680.000 
1273.296 237.332 0.586 696.000 
1273.175 237.531 0.587 713.000 
1273.095 237.690 0.587 713.000 
1272.975 237.889 0.588 713.000 
1272.895 238.088 0.588 729.000 
1272.815 238.248 0.589 729.000 
1272.734 238.447 0.589 729.000 
1272.654 238.646 0.590 745.000 
1272.574 238.845 0.591 761.000 
1272.534 239.004 0.591 761.000 
1272.454 239.203 0.592 761.000 
1272.374 239.362 0.592 777.000 
1272.334 239.561 0.593 794.000 
1272.254 239.760 0.594 794.000 
1272.214 239.920 0.594 794.000 
1272.134 240.079 0.595 810.000 
1272.053 240.278 0.595 810.000 
1272.013 240.437 0.595 810.000 
1271.933 240.596 0.596 826.000 
1271.853 240.756 0.596 826.000 
1271.733 240.955 0.596 842.000 
1271.693 241.114 0.596 842.000 
1271.613 241.273 0.596 859.000 
1271.533 241.472 0.597 859.000 
1271.492 241.631 0.597 875.000 
1271.452 241.830 0.597 875.000 
1271.412 242.029 0.598 875.000 
1271.372 242.189 0.599 891.000 
1271.332 242.388 0.599 891.000 
1271.292 242.547 0.600 891.000 
1271.252 242.706 0.601 907.000 
1271.172 242.905 0.601 923.000 
1271.132 243.104 0.602 923.000 
1271.092 243.264 0.603 923.000 
1271.012 243.463 0.603 940.000 
1270.932 243.662 0.604 956.000 
1270.891 243.861 0.604 956.000 
1270.811 244.060 0.605 956.000 
1270.731 244.299 0.605 972.000 
1270.691 244.498 0.605 972.000 
1270.611 244.736 0.605 972.000 
1270.531 244.896 0.606 988.000 
1270.451 245.095 0.606 1004.000 
1270.371 245.294 0.607 1004.000 
1270.331 245.493 0.607 1004.000 
1270.250 245.692 0.607 1021.000 
1270.130 245.851 0.607 1021.000 
1270.090 246.010 0.607 1037.000 
1270.050 246.170 0.608 1037.000 
1269.970 246.329 0.608 1037.000 
1269.890 246.568 0.608 1053.000 
1269.850 246.727 0.609 1053.000 
1269.770 246.926 0.609 1069.000 
1269.689 247.125 0.609 1069.000 
1269.649 247.324 0.610 1085.000 
1269.569 247.483 0.610 1085.000 
1269.529 247.682 0.610 1085.000 
1269.449 247.842 0.611 1101.000 
1269.409 248.041 0.611 1118.000 
1269.329 248.200 0.612 1118.000 
1269.249 248.399 0.613 1118.000 
1269.169 248.558 0.613 1134.000 
1269.088 248.757 0.614 1134.000 
1268.968 248.996 0.615 1134.000 
1268.848 249.155 0.616 1150.000 
1268.728 249.354 0.616 1166.000 
1268.648 249.553 0.616 1166.000 
1268.608 249.752 0.616 1166.000 
1268.528 249.951 0.617 1183.000 
1268.488 250.111 0.617 1199.000 
1268.367 250.310 0.618 1199.000 
1268.327 250.469 0.618 1199.000 
1268.247 250.628 0.618 1215.000 
1268.207 250.787 0.619 1215.000 
1268.167 250.947 0.619 1215.000 
1268.127 251.185 0.620 1231.000 
1268.047 251.345 0.620 1231.000 
1268.007 251.544 0.621 1247.000 
1267.967 251.703 0.621 1247.000 
1267.886 251.902 0.622 1264.000 
1267.846 252.061 0.622 1264.000 
1267.806 252.260 0.623 1280.000 
1267.726 252.419 0.623 1280.000 
1267.686 252.618 0.624 1280.000 
1267.606 252.778 0.624 1296.000 
1267.526 252.937 0.625 1313.000 
1267.446 253.136 0.625 1313.000 
1267.366 253.295 0.626 1313.000 
1267.286 253.454 0.626 1329.000 
1267.205 253.654 0.627 1329.000 
1267.125 253.813 0.627 1329.000 
1267.045 254.012 0.627 1345.000 
1266.965 254.171 0.627 1361.000 
1266.925 254.330 0.628 1361.000 
1266.885 254.490 0.628 1361.000 
1266.805 254.689 0.628 1377.000 
1266.765 254.848 0.628 1377.000 
1266.724 255.007 0.628 1393.000 
1266.644 255.166 0.629 1393.000 
1266.564 255.365 0.629 1409.000 
1266.524 255.525 0.629 1409.000 
1266.484 255.644 0.629 1409.000 
1266.404 255.843 0.630 1426.000 
1266.364 256.002 0.630 1426.000 
1266.324 256.161 0.630 1442.000 
1266.284 256.321 0.630 1442.000 
1266.204 256.480 0.630 1442.000 
1266.164 256.679 0.630 1458.000 
1266.124 256.798 0.630 1474.000 
1266.043 256.958 0.630 1474.000 
1266.003 257.117 0.630 1474.000 
1265.923 257.276 0.630 1490.000 
1265.883 257.435 0.630 1490.000 
1265.803 257.555 0.631 1507.000 
1265.763 257.714 0.631 1507.000 
1265.683 257.873 0.631 1523.000 
1265.603 258.032 0.631 1523.000 
1265.523 258.232 0.631 1523.000 
1265.443 258.351 0.632 1539.000 
1265.402 258.510 0.632 1539.000 
1265.322 258.669 0.632 1555.000 
1265.242 258.789 0.632 1555.000 
1265.202 258.908 0.632 1555.000 
1265.122 259.067 0.632 1571.000 
1265.042 259.187 0.633 1588.000 
1264.962 259.346 0.633 1588.000 
1264.922 259.466 0.633 1588.000 
1264.801 259.625 0.633 1604.000 
1264.721 259.784 0.633 1604.000 
1264.681 259.943 0.634 1604.000 
1264.601 260.102 0.634 1620.000 
1264.521 260.262 0.634 1637.000 
1264.441 260.421 0.635 1637.000 
1264.401 260.620 0.635 1637.000 
1264.320 260.779 0.635 1653.000 
1264.280 260.899 0.635 1669.000 
1264.200 261.018 0.635 1669.000 
1264.160 261.177 0.635 1669.000 
1264.120 261.297 0.635 1685.000 
1264.080 261.456 0.635 1685.000 
1264.000 261.575 0.636 1685.000 
1263.960 261.735 0.636 1701.000 
1263.880 261.894 0.636 1701.000 
1263.800 262.053 0.637 1718.000 
1263.720 262.252 0.637 1718.000 
1263.639 262.411 0.637 1718.000 
1263.559 262.571 0.638 1734.000 
1263.519 262.730 0.638 1750.000 
1263.479 262.929 0.638 1750.000 
1263.439 263.048 0.638 1750.000 
1263.399 263.208 0.639 1766.000 
1263.359 263.327 0.638 1766.000 
1263.279 263.486 0.639 1766.000 
1263.239 263.606 0.640 1782.000 
1263.159 263.765 0.640 1799.000 
1263.078 263.964 0.641 1799.000 
1262.998 264.123 0.641 1799.000 
1262.918 264.282 0.641 1815.000 
1262.838 264.481 0.642 1831.000 
1262.798 264.641 0.641 1831.000 
1262.718 264.800 0.642 1831.000 
1262.678 264.959 0.642 1847.000 
1262.638 265.118 0.642 1847.000 
1262.598 265.317 0.642 1847.000 
1262.598 265.477 0.643 1863.000 
1262.558 265.636 0.643 1880.000 
1262.477 265.795 0.644 1880.000 
1262.437 265.954 0.644 1880.000 
1262.397 266.114 0.644 1896.000 
1262.357 266.273 0.645 1896.000 
1262.277 266.432 0.645 1912.000 
1262.237 266.551 0.645 1912.000 
1262.197 266.750 0.646 1912.000 
1262.197 266.910 0.647 1928.000 
1262.157 267.069 0.647 1944.000 
1262.117 267.228 0.647 1944.000 
1262.077 267.427 0.647 1944.000 
1262.037 267.626 0.648 1961.000 
1261.997 267.785 0.649 1961.000 
1261.917 267.945 0.649 1961.000 
1261.876 268.064 0.649 1977.000 
1261.796 268.223 0.650 1993.000 
1261.756 268.343 0.650 1993.000 
1261.676 268.502 0.651 1993.000 
1261.636 268.661 0.652 2009.000 
1261.596 268.820 0.652 2009.000 
1261.516 268.980 0.653 2025.000 
1261.476 269.139 0.654 2025.000 
1261.436 269.298 0.655 2041.000 
1261.356 269.457 0.655 2041.000 
1261.315 269.617 0.656 2041.000 
1261.275 269.776 0.656 2058.000 
1261.235 269.975 0.657 2058.000 
1261.195 270.134 0.658 2074.000 
1261.155 270.333 0.659 2074.000 
1261.155 270.492 0.660 2074.000 
1261.115 270.652 0.661 2090.000 
1261.075 270.851 0.662 2106.000 
1261.035 271.010 0.663 2106.000 
1260.955 271.169 0.664 2106.000 
1260.875 271.368 0.665 2122.000 
1260.835 271.527 0.665 2122.000 
1260.795 271.687 0.666 2122.000 
1260.755 271.806 0.667 2139.000 
1260.715 272.005 0.667 2155.000 
1260.675 272.125 0.668 2155.000 
1260.634 272.324 0.669 2155.000 
1260.634 272.483 0.669 2171.000 
1260.594 272.642 0.670 2187.000 
1260.594 272.801 0.671 2187.000 
1260.554 272.961 0.671 2187.000 
1260.514 273.080 0.672 2203.000 
1260.474 273.239 0.673 2203.000 
1260.474 273.359 0.674 2203.000 
1260.434 273.518 0.675 2220.000 
1260.394 273.677 0.676 2236.000 
1260.394 273.836 0.677 2236.000 
1260.354 273.996 0.679 2236.000 
1260.354 274.155 0.680 2252.000 
1260.314 274.314 0.681 2252.000 
1260.274 274.473 0.682 2269.000 
1260.194 274.672 0.683 2269.000 
1260.073 274.832 0.684 2269.000 
1260.033 274.991 0.685 2285.000 
1260.033 275.110 0.686 2285.000 
1259.993 275.269 0.686 2285.000 
1259.993 275.389 0.687 2301.000 
1259.993 275.548 0.687 2317.000 
1259.953 275.668 0.688 2317.000 
1259.953 275.827 0.688 2317.000 
1259.913 275.986 0.689 2334.000 
1259.913 276.185 0.689 2350.000 
1259.913 276.344 0.691 2350.000 
1259.913 276.543 0.692 2350.000 
1259.913 276.742 0.693 2366.000 
1259.913 276.902 0.694 2366.000 
1259.913 277.101 0.695 2366.000 
1259.913 277.260 0.696 2382.000 
1259.873 277.379 0.697 2398.000 
1259.873 277.539 0.698 2398.000 
1259.833 277.658 0.699 2398.000 
1259.833 277.777 0.699 2414.000 
1259.833 277.897 0.701 2414.000 
1259.833 278.016 0.702 2431.000 
1259.793 278.175 0.703 2431.000 
1259.793 278.295 0.706 2447.000 
1259.793 278.414 0.708 2447.000 
1259.793 278.534 0.710 2447.000 
1259.793 278.653 0.712 2463.000 
1259.793 278.773 0.714 2463.000 
1259.793 278.892 0.715 2479.000 
1259.793 279.011 0.717 2479.000 
1259.793 279.131 0.717 2479.000 
1259.793 279.250 0.717 2495.000 
1259.753 279.410 0.718 2511.000 
1259.793 279.529 0.719 2511.000 
1259.793 279.648 0.719 2511.000 
1259.793 279.768 0.720 2527.000 
1259.833 279.887 0.720 2527.000 
1259.833 280.046 0.721 2527.000 
1259.873 280.166 0.721 2544.000 
1259.913 280.285 0.722 2560.000 
1259.913 280.405 0.723 2560.000 
1259.913 280.524 0.724 2560.000 
1259.953 280.683 0.725 2576.000 
1259.953 280.803 0.726 2592.000 
1259.993 280.962 0.727 2592.000 
1259.993 281.081 0.728 2592.000 
1260.033 281.241 0.729 2609.000 
1260.073 281.360 0.730 2609.000 
1260.073 281.480 0.731 2609.000 
1260.114 281.599 0.732 2625.000 
1260.154 281.758 0.733 2625.000 
1260.194 281.878 0.734 2641.000 
1260.194 281.997 0.735 2641.000 
1260.234 282.077 0.736 2641.000 
1260.234 282.236 0.737 2657.000 
1260.274 282.315 0.738 2673.000 
1260.314 282.435 0.739 2673.000 
1260.354 282.554 0.740 2673.000 
1260.394 282.674 0.741 2690.000 
1260.394 282.793 0.742 2706.000 
1260.434 282.913 0.743 2706.000 
1260.474 283.032 0.743 2706.000 
1260.514 283.151 0.744 2722.000 
1260.554 283.271 0.744 2722.000 
1260.594 283.390 0.744 2722.000 
1260.634 283.510 0.745 2738.000 
1260.675 283.669 0.746 2738.000 
1260.715 283.788 0.747 2754.000 
1260.755 283.908 0.748 2754.000 
1260.835 284.067 0.751 2771.000 
1260.875 284.187 0.752 2771.000 
1260.915 284.306 0.755 2787.000 
1260.955 284.465 0.756 2787.000 
1261.035 284.585 0.758 2787.000 
1261.075 284.744 0.760 2803.000 
1261.115 284.903 0.760 2803.000 
1261.195 285.022 0.761 2803.000 
1261.235 285.182 0.761 2819.000 
1261.315 285.301 0.761 2836.000 
1261.356 285.421 0.761 2836.000 
1261.436 285.540 0.762 2836.000 
1261.476 285.620 0.762 2852.000 
1261.556 285.739 0.762 2868.000 
1261.636 285.819 0.762 2868.000 
1261.716 285.898 0.762 2868.000 
1261.796 285.978 0.763 2884.000 
1261.876 286.057 0.763 2884.000 
1261.957 286.177 0.763 2884.000 
1262.037 286.257 0.764 2901.000 
1262.117 286.296 0.765 2917.000 
1262.197 286.456 0.765 2917.000 
1262.277 286.535 0.766 2917.000 
1262.357 286.615 0.767 2933.000 
1262.397 286.734 0.767 2933.000 
1262.477 286.814 0.768 2949.000 
1262.558 286.893 0.768 2949.000 
1262.638 286.933 0.769 2966.000 
1262.718 286.973 0.769 2966.000 
1262.798 287.013 0.770 2966.000 
1262.878 287.053 0.770 2982.000 
1262.958 287.093 0.770 2982.000 
1263.038 287.132 0.770 2998.000 
1263.119 287.212 0.770 2998.000 
1263.199 287.252 0.770 2998.000 
1263.279 287.331 0.770 3014.000 
1263.359 287.411 0.771 3030.000 
1263.479 287.491 0.771 3030.000 
1263.559 287.530 0.771 3030.000 
1263.639 287.610 0.772 3047.000 
1263.720 287.690 0.771 3047.000 
1263.800 287.769 0.772 3047.000 
1263.880 287.849 0.771 3063.000 
1263.960 287.929 0.772 3079.000 
1264.040 287.968 0.772 3079.000 
1264.160 288.008 0.772 3079.000 
1264.240 288.048 0.772 3095.000 
1264.361 288.088 0.772 3111.000 
1264.441 288.128 0.772 3111.000 
1264.521 288.167 0.772 3111.000 
1264.601 288.207 0.772 3128.000 
1264.681 288.247 0.772 3128.000 
1264.761 288.247 0.773 3128.000 
1264.841 288.327 0.773 3144.000 
1264.922 288.366 0.773 3144.000 
1265.002 288.446 0.773 3160.000 
1265.082 288.486 0.773 3160.000 
1265.202 288.565 0.773 3176.000 
1265.282 288.685 0.773 3176.000 
1265.402 288.764 0.774 3193.000 
1265.483 288.804 0.773 3193.000 
1265.603 288.844 0.774 3193.000 
1265.723 288.884 0.774 3209.000 
1265.803 288.964 0.774 3225.000 
1265.883 288.964 0.774 3225.000 
1265.963 289.003 0.774 3225.000 
1266.083 289.043 0.774 3241.000 
1266.164 289.083 0.774 3241.000 
1266.284 289.123 0.774 3241.000 
1266.364 289.123 0.774 3258.000 
1266.484 289.163 0.774 3258.000 
1266.564 289.163 0.774 3274.000 
1266.644 289.202 0.774 3274.000 
1266.724 289.202 0.774 3290.000 
1266.845 289.242 0.774 3290.000 
1266.965 289.282 0.775 3306.000 
1267.085 289.282 0.775 3306.000 
1267.165 289.322 0.775 3306.000 
1267.286 289.362 0.775 3322.000 
1267.366 289.401 0.775 3322.000 
1267.486 289.401 0.775 3322.000 
1267.566 289.401 0.775 3339.000 
1267.646 289.441 0.775 3355.000 
1267.726 289.441 0.775 3355.000 
1267.846 289.441 0.775 3355.000 
1267.927 289.481 0.775 3371.000 
1268.007 289.521 0.775 3387.000 
1268.087 289.521 0.775 3387.000 
1268.207 289.521 0.775 3387.000 
1268.287 289.561 0.775 3403.000 
1268.367 289.600 0.775 3403.000 
1268.448 289.600 0.775 3403.000 
1268.528 289.600 0.775 3420.000 
1268.648 289.600 0.775 3420.000 
1268.728 289.600 0.775 3436.000 
1268.808 289.600 0.775 3436.000 
1268.888 289.600 0.775 3452.000 
1268.968 289.600 0.776 3452.000 
1269.088 289.600 0.776 3468.000 
1269.209 289.600 0.776 3468.000 
1269.289 289.600 0.776 3468.000 
1269.409 289.600 0.776 3484.000 
1269.449 289.640 0.776 3501.000 
1269.529 289.640 0.776 3501.000 
1269.609 289.680 0.776 3501.000 
1269.689 289.680 0.776 3517.000 
1269.770 289.680 0.776 3517.000 
1269.850 289.680 0.776 3517.000 
1269.970 289.680 0.776 3533.000 
1270.050 289.680 0.776 3549.000 
1270.170 289.680 0.776 3549.000 
1270.250 289.680 0.776 3549.000 
1270.331 289.680 0.776 3565.000 
1270.371 289.680 0.776 3565.000 
1270.491 289.680 0.776 3582.000 
1270.571 289.680 0.776 3582.000 
1270.651 289.680 0.776 3598.000 
1270.731 289.680 0.776 3598.000 
1270.811 289.680 0.776 3598.000 
1270.932 289.680 0.776 3614.000 
1271.012 289.680 0.776 3614.000 
1271.092 289.680 0.776 3630.000 
1271.172 289.720 0.776 3630.000 
1271.252 289.720 0.776 3630.000 
1271.332 289.720 0.776 3647.000 
1271.412 289.720 0.776 3663.000 
1271.492 289.720 0.777 3663.000 
1271.533 289.720 0.776 3663.000 
1271.613 289.720 0.776 3679.000 
1271.693 289.720 0.777 3679.000 
1271.773 289.720 0.776 3679.000 
1271.853 289.720 0.777 3695.000 
1271.933 289.720 0.777 3711.000 
1272.013 289.720 0.776 3711.000 
1272.134 289.720 0.777 3711.000 
1272.214 289.720 0.776 3728.000 
1272.334 289.720 0.776 3744.000 
1272.414 289.720 0.777 3744.000 
1272.494 289.720 0.777 3744.000 
1272.614 289.720 0.777 3760.000 
1272.694 289.680 0.777 3760.000 
1272.775 289.640 0.777 3760.000 
1272.895 289.600 0.777 3776.000 
1272.975 289.600 0.777 3776.000 
1273.055 289.600 0.777 3793.000 
1273.135 289.600 0.777 3793.000 
1273.215 289.600 0.777 3793.000 
1273.336 289.561 0.777 3809.000 
1273.416 289.521 0.777 3825.000 
1273.536 289.481 0.777 3825.000 
1273.616 289.441 0.777 3825.000 
1273.736 289.401 0.777 3842.000 
1273.816 289.362 0.778 3842.000 
1273.937 289.282 0.777 3842.000 
1274.017 289.242 0.778 3858.000 
1274.137 289.202 0.778 3874.000 
1274.217 289.202 0.778 3874.000 
1274.337 289.163 0.778 3874.000 
1274.457 289.163 0.778 3890.000 
1274.578 289.123 0.778 3890.000 
1274.698 289.083 0.778 3906.000 
1274.818 289.043 0.778 3906.000 
1274.938 288.964 0.778 3922.000 
1275.058 288.884 0.778 3922.000 
1275.179 288.804 0.777 3938.000 
1275.179 288.725 0.778 3938.000 
1275.299 288.605 0.778 3938.000 
1275.459 288.486 0.778 3954.000 
1275.579 288.366 0.778 3954.000 
1275.699 288.247 0.778 3954.000 
1275.820 288.128 0.778 3971.000 
1275.940 288.048 0.778 3987.000 
1276.060 287.929 0.778 3987.000 
1276.140 287.849 0.778 3987.000 
1276.260 287.769 0.778 4003.000 
1276.381 287.690 0.778 4019.000 
1276.501 287.610 0.778 4019.000 
1276.581 287.570 0.778 4019.000 
1276.661 287.451 0.778 4036.000 
1276.781 287.411 0.778 4036.000 
1276.901 287.292 0.778 4036.000 
1277.022 287.212 0.778 4052.000 
1277.102 287.093 0.778 4068.000 
1277.222 286.973 0.778 4068.000 
1277.342 286.854 0.778 4068.000 
1277.502 286.734 0.778 4084.000 
1277.623 286.655 0.778 4084.000 
1277.743 286.535 0.778 4100.000 
1277.823 286.456 0.778 4100.000 
1277.943 286.336 0.778 4116.000 
1278.063 286.257 0.778 4116.000 
1278.144 286.137 0.778 4116.000 
1278.224 286.018 0.778 4133.000 
1278.304 285.898 0.778 4133.000 
1278.384 285.819 0.778 4149.000 
1278.464 285.699 0.778 4149.000 
1278.584 285.580 0.777 4149.000 
1278.664 285.460 0.777 4165.000 
1278.745 285.381 0.777 4181.000 
1278.825 285.261 0.777 4181.000 
1278.905 285.182 0.777 4181.000 
1278.985 285.102 0.776 4197.000 
1279.025 285.022 0.776 4197.000 
1279.105 284.943 0.775 4197.000 
1279.185 284.863 0.775 4213.000 
1279.225 284.784 0.774 4230.000 
1279.306 284.664 0.774 4230.000 
1279.386 284.585 0.774 4230.000 
1279.466 284.465 0.774 4246.000 
1279.546 284.386 0.773 4262.000 
1279.626 284.266 0.773 4262.000 
1279.746 284.187 0.773 4262.000 
1279.786 284.067 0.772 4278.000 
1279.906 283.948 0.772 4278.000 
1279.987 283.868 0.772 4278.000 
1280.067 283.709 0.771 4294.000 
1280.147 283.589 0.770 4294.000 
1280.187 283.470 0.769 4311.000 
1280.267 283.351 0.768 4311.000 
1280.347 283.231 0.768 4311.000 
1280.427 283.112 0.767 4327.000 
1280.507 283.032 0.767 4344.000 
1280.588 282.952 0.767 4344.000 
1280.668 282.873 0.767 4344.000 
1280.748 282.793 0.767 4360.000 
1280.828 282.714 0.767 4360.000 
1280.868 282.634 0.766 4360.000 
1280.948 282.554 0.766 4376.000 
1280.988 282.435 0.765 4392.000 
1281.068 282.355 0.765 4392.000 
1281.149 282.236 0.764 4392.000 
1281.229 282.116 0.764 4408.000 
1281.309 281.957 0.763 4425.000 
1281.389 281.798 0.763 4425.000 
1281.469 281.599 0.763 4425.000 
1281.549 281.320 0.762 4441.000 
1281.669 281.081 0.762 4441.000 
1281.790 280.843 0.761 4441.000 
1281.870 280.564 0.757 4457.000 
1281.990 280.285 0.750 4457.000 
1282.150 280.046 0.737 4474.000 
1282.230 279.808 0.720 4474.000 
1282.351 279.529 0.698 4474.000 
1282.511 279.250 0.669 4490.000 
1282.671 278.892 0.629 4506.000 
1282.871 278.573 0.575 4506.000 
1283.072 278.175 0.504 4506.000 
1283.392 277.658 0.418 4522.000 
1283.753 277.061 0.322 4538.000 
1284.234 276.265 0.130 4538.000 
