% x_coordinate y_coordinate pressure time
% shape 0, 798 points
321.347 80.248 0.024 0
321.307 80.248 0.048 0
321.267 80.248 0.064 16
321.267 80.248 0.084 16
321.227 80.248 0.104 17
321.187 80.248 0.119 32
321.147 80.169 0.134 48
321.107 80.129 0.147 48
321.067 80.089 0.159 49
321.067 80.049 0.173 64
321.027 80.010 0.185 64
320.987 79.970 0.194 80
320.987 79.930 0.198 80
320.947 79.930 0.200 81
320.906 79.930 0.204 96
320.866 79.930 0.209 112
320.866 79.930 0.213 112
320.826 79.930 0.218 112
320.786 79.930 0.222 128
320.786 79.930 0.227 128
320.746 79.930 0.233 128
320.746 79.930 0.238 144
320.746 79.930 0.245 160
320.746 79.930 0.251 160
320.746 79.930 0.256 160
320.746 79.930 0.260 176
320.746 79.930 0.263 176
320.746 79.930 0.265 192
320.746 79.930 0.266 192
320.746 79.930 0.268 208
320.746 79.930 0.272 208
320.746 79.930 0.279 224
320.746 79.930 0.285 224
320.826 79.930 0.292 224
320.906 79.890 0.298 240
320.987 79.890 0.305 240
321.067 79.850 0.310 240
321.187 79.850 0.316 257
321.267 79.771 0.319 273
321.347 79.731 0.324 273
321.467 79.691 0.328 273
321.548 79.612 0.334 289
321.668 79.572 0.340 305
321.788 79.492 0.345 305
321.868 79.412 0.349 305
322.068 79.333 0.352 322
322.189 79.253 0.354 322
322.309 79.174 0.355 322
322.469 79.094 0.357 338
322.589 79.014 0.358 338
322.750 78.975 0.359 354
322.870 78.895 0.361 354
322.990 78.855 0.361 354
323.150 78.776 0.362 370
323.270 78.736 0.362 386
323.391 78.656 0.363 386
323.511 78.576 0.364 386
323.671 78.497 0.364 403
323.791 78.417 0.365 419
323.952 78.338 0.365 419
324.112 78.258 0.367 419
324.232 78.139 0.367 435
324.392 78.059 0.368 435
324.513 77.979 0.369 435
324.673 77.900 0.370 451
324.793 77.860 0.370 468
324.953 77.741 0.370 468
325.154 77.661 0.370 468
325.314 77.581 0.371 484
325.474 77.462 0.372 484
325.634 77.342 0.373 500
325.795 77.223 0.375 500
325.915 77.104 0.377 500
325.995 76.984 0.379 516
326.115 76.865 0.381 516
326.235 76.745 0.382 532
326.316 76.626 0.384 532
326.436 76.546 0.386 548
326.516 76.427 0.387 548
326.636 76.307 0.387 548
326.796 76.228 0.387 565
326.917 76.148 0.387 581
327.037 76.029 0.388 581
327.197 75.909 0.388 581
327.357 75.790 0.388 597
327.477 75.670 0.388 597
327.638 75.511 0.388 597
327.758 75.392 0.388 613
327.958 75.272 0.389 630
328.078 75.113 0.389 630
328.199 74.994 0.389 630
328.279 74.795 0.390 646
328.399 74.635 0.391 662
328.519 74.476 0.392 662
328.639 74.357 0.393 662
328.720 74.237 0.394 678
328.840 74.118 0.395 678
328.960 73.999 0.396 678
329.040 73.879 0.397 694
329.120 73.760 0.399 694
329.240 73.680 0.400 711
329.361 73.561 0.401 711
329.481 73.441 0.402 727
329.561 73.322 0.403 727
329.681 73.202 0.404 743
329.801 73.083 0.404 743
329.922 72.964 0.405 743
330.042 72.884 0.405 759
330.162 72.764 0.407 759
330.242 72.605 0.407 759
330.362 72.486 0.407 775
330.442 72.366 0.407 792
330.603 72.247 0.408 792
330.683 72.128 0.408 792
330.763 72.008 0.408 808
330.883 71.889 0.409 824
330.963 71.769 0.409 824
331.043 71.650 0.410 824
331.124 71.570 0.411 840
331.204 71.451 0.412 840
331.324 71.371 0.413 840
331.404 71.252 0.413 857
331.484 71.172 0.416 873
331.604 71.053 0.417 873
331.644 70.933 0.419 873
331.765 70.774 0.421 889
331.845 70.655 0.424 889
331.925 70.456 0.426 906
332.005 70.336 0.427 906
332.125 70.217 0.429 906
332.205 70.058 0.431 922
332.285 69.898 0.434 922
332.406 69.739 0.435 922
332.486 69.620 0.437 938
332.566 69.460 0.438 954
332.646 69.341 0.440 954
332.766 69.222 0.442 954
332.806 69.102 0.444 970
332.886 68.943 0.445 987
332.967 68.823 0.446 987
333.047 68.704 0.447 987
333.127 68.545 0.448 1003
333.247 68.425 0.449 1003
333.367 68.266 0.449 1003
333.487 68.187 0.450 1019
333.568 68.027 0.450 1035
333.648 67.908 0.451 1035
333.728 67.788 0.452 1035
333.808 67.669 0.454 1051
333.928 67.550 0.455 1051
333.968 67.390 0.457 1068
334.048 67.271 0.459 1068
334.129 67.151 0.462 1084
334.209 66.992 0.464 1084
334.289 66.873 0.465 1084
334.329 66.753 0.466 1100
334.449 66.594 0.467 1100
334.489 66.435 0.467 1116
334.609 66.276 0.468 1116
334.689 66.077 0.468 1116
334.770 65.957 0.468 1133
334.890 65.798 0.469 1149
334.970 65.639 0.469 1149
335.050 65.480 0.470 1149
335.170 65.320 0.471 1165
335.250 65.161 0.471 1165
335.331 65.002 0.473 1165
335.451 64.843 0.474 1181
335.571 64.644 0.474 1198
335.731 64.484 0.475 1198
335.891 64.325 0.475 1198
336.012 64.126 0.475 1214
336.132 63.927 0.475 1230
336.252 63.768 0.476 1230
336.372 63.609 0.476 1230
336.452 63.489 0.477 1246
336.573 63.330 0.478 1246
336.653 63.171 0.480 1246
336.773 63.051 0.482 1262
336.853 62.852 0.485 1262
336.933 62.693 0.486 1279
337.053 62.534 0.488 1279
337.134 62.374 0.489 1295
337.214 62.215 0.491 1295
337.294 62.016 0.492 1311
337.334 61.857 0.493 1311
337.414 61.658 0.493 1311
337.494 61.499 0.494 1327
337.574 61.340 0.494 1327
337.654 61.180 0.496 1327
337.775 61.061 0.496 1343
337.855 60.902 0.496 1360
337.935 60.742 0.496 1360
338.015 60.583 0.497 1360
338.055 60.464 0.497 1376
338.175 60.304 0.498 1392
338.255 60.185 0.498 1392
338.336 60.066 0.498 1392
338.376 59.906 0.499 1408
338.456 59.787 0.499 1408

338.466 59.588 0.499 1408
338.476 59.429 0.500 1425
338.536 59.230 0.500 1441
338.656 59.031 0.500 1441
338.787 58.832 0.500 1441
338.817 58.632 0.501 1457
338.857 58.473 0.503 1457
338.957 58.274 0.505 1473
339.057 58.115 0.506 1473
339.137 57.916 0.508 1473
339.187 57.717 0.508 1490
339.227 57.558 0.509 1490
339.237 57.319 0.509 1490
339.318 57.160 0.509 1506
339.328 57.000 0.509 1522
339.413 56.801 0.510 1522
339.438 56.642 0.509 1522
339.558 56.483 0.510 1538
339.588 56.284 0.510 1554
339.618 56.085 0.510 1554
339.758 55.926 0.510 1554
339.799 55.727 0.510 1570
339.839 55.567 0.510 1570
339.999 55.368 0.511 1587
340.079 55.169 0.511 1587
340.199 55.010 0.511 1603
340.239 54.851 0.512 1603
340.249 54.691 0.512 1603
340.259 54.532 0.512 1619
340.370 54.373 0.512 1619
340.380 54.214 0.512 1635
340.409 54.015 0.512 1635
340.480 53.855 0.512 1635
340.485 53.696 0.512 1651
340.600 53.537 0.513 1668
340.680 53.378 0.513 1668
340.760 53.139 0.512 1668
340.801 53.020 0.513 1684
340.881 52.860 0.513 1684
340.961 52.701 0.513 1684
341.001 52.502 0.513 1700
341.081 52.343 0.513 1716
341.161 52.144 0.513 1716
341.141 51.945 0.513 1716
341.231 51.786 0.513 1733
341.261 51.626 0.514 1749
341.382 51.467 0.514 1749
341.402 51.268 0.514 1749
341.422 51.149 0.514 1765
341.512 50.949 0.514 1765
341.592 50.790 0.513 1765
341.622 50.631 0.514 1781
341.712 50.472 0.514 1781
341.792 50.313 0.514 1798
341.822 50.153 0.514 1798
341.893 49.994 0.514 1798
341.983 49.835 0.514 1814
342.003 49.676 0.514 1830
342.043 49.516 0.514 1830
342.123 49.357 0.514 1830
342.193 49.198 0.514 1847
342.253 49.039 0.514 1847
342.313 48.840 0.514 1847
342.423 48.720 0.514 1863
342.463 48.561 0.514 1879
342.523 48.442 0.514 1879
342.554 48.282 0.514 1879
342.604 48.163 0.514 1896
342.614 48.044 0.514 1912
342.654 47.884 0.514 1912
342.744 47.765 0.514 1912
342.794 47.645 0.514 1928
342.804 47.526 0.514 1928
342.814 47.446 0.514 1928
342.844 47.327 0.515 1944
342.924 47.207 0.514 1944
342.964 47.128 0.515 1961
343.004 47.008 0.515 1961

343.085 46.919 0.515 1977
343.175 46.829 0.515 1977
343.225 46.760 0.515 1993
343.265 46.670 0.515 1993
343.305 46.580 0.515 1993
343.320 46.491 0.515 2009
343.345 46.401 0.515 2009
343.365 46.311 0.515 2009
343.385 46.222 0.515 2025
343.425 46.132 0.515 2042
343.455 46.042 0.515 2042
343.465 45.952 0.515 2042
343.505 45.863 0.515 2058
343.518 45.773 0.515 2074
343.529 45.683 0.514 2090
343.542 45.593 0.513 2106
343.559 45.502 0.515 2042
343.576 45.413 0.515 2058
343.592 45.323 0.515 2074
343.607 45.233 0.514 2090
343.615 45.143 0.513 2106
343.621 45.052 0.515 2042
343.617 45.083 0.515 2058
343.603 45.173 0.515 2074
343.585 45.263 0.514 2090
343.579 45.353 0.513 2106
343.568 45.442 0.515 2042
343.557 45.533 0.515 2058
343.547 45.623 0.515 2074
343.536 45.713 0.514 2090
343.524 45.803 0.513 2106
343.517 45.892 0.515 2042
343.510 45.983 0.515 2058

343.507 46.133 0.514 2123
343.445 46.173 0.515 2139
343.368 46.292 0.516 2139
343.305 46.372 0.516 2155
343.275 46.491 0.516 2155
343.216 46.610 0.517 2155
343.205 46.770 0.517 2171
343.145 46.929 0.517 2171
343.065 47.088 0.517 2171
342.985 47.287 0.517 2187
342.910 47.446 0.517 2203
342.838 47.606 0.517 2203
342.754 47.765 0.517 2203
342.674 47.964 0.518 2220
342.599 48.123 0.518 2236
342.514 48.322 0.518 2236
342.434 48.521 0.518 2236
342.363 48.720 0.518 2253
342.284 48.999 0.518 2253
342.263 49.198 0.518 2253
342.203 49.437 0.518 2269
342.183 49.676 0.519 2285
342.123 49.915 0.519 2285
341.993 50.153 0.519 2285
341.982 50.352 0.519 2301
341.912 50.591 0.519 2301
341.822 50.830 0.519 2317
341.792 51.109 0.519 2317
341.672 51.308 0.519 2317
341.582 51.547 0.519 2333
341.341 51.786 0.519 2333
341.281 52.024 0.519 2350
341.231 52.263 0.519 2350
341.181 52.502 0.519 2366
341.041 52.741 0.519 2366
340.881 53.020 0.519 2366
340.640 53.298 0.519 2382
340.553 53.577 0.519 2398
340.523 53.855 0.520 2398
340.386 54.134 0.520 2398
340.374 54.413 0.520 2415
340.359 54.691 0.520 2415
340.349 54.970 0.522 2415

340.339 55.209 0.522 2431
340.259 55.488 0.523 2447
340.139 55.766 0.524 2447
340.018 55.965 0.525 2447
339.898 56.204 0.527 2463
339.778 56.403 0.528 2463
339.658 56.642 0.530 2479
339.538 56.841 0.532 2479
339.417 57.040 0.534 2496
339.297 57.239 0.536 2496
339.177 57.438 0.538 2512
339.057 57.677 0.539 2512
338.977 57.876 0.540 2512
338.897 58.075 0.541 2528
338.816 58.274 0.541 2528
338.736 58.473 0.543 2528
338.696 58.672 0.543 2544
338.616 58.871 0.543 2561
338.536 59.070 0.544 2561
338.496 59.230 0.545 2561
338.456 59.429 0.546 2577
338.416 59.588 0.546 2593
338.376 59.787 0.547 2593
338.295 59.946 0.548 2593
338.295 60.105 0.549 2609
338.255 60.265 0.550 2609
338.215 60.384 0.552 2609
338.135 60.543 0.555 2625
338.135 60.663 0.557 2642
338.135 60.782 0.559 2642
338.135 60.862 0.561 2642
338.095 61.021 0.563 2658
338.095 61.140 0.564 2658
338.055 61.300 0.565 2674
338.015 61.419 0.567 2674
337.975 61.578 0.568 2674
337.895 61.777 0.568 2690
337.855 61.976 0.570 2690
337.775 62.096 0.570 2706
337.735 62.255 0.570 2706
337.654 62.374 0.571 2723
337.614 62.494 0.572 2723
337.574 62.653 0.573 2723
337.494 62.773 0.574 2739
337.454 62.892 0.576 2755
337.414 63.011 0.578 2755
337.374 63.171 0.580 2755
337.374 63.290 0.581 2771
337.334 63.410 0.582 2771
337.294 63.569 0.583 2771
337.254 63.688 0.583 2788
337.254 63.847 0.584 2804
337.214 64.046 0.584 2804
337.174 64.206 0.584 2804
337.134 64.325 0.584 2820
337.093 64.524 0.585 2820
337.013 64.644 0.585 2836
336.973 64.803 0.585 2836
336.933 64.962 0.585 2836
336.853 65.081 0.585 2853
336.813 65.241 0.585 2853
336.773 65.400 0.585 2869
336.693 65.559 0.585 2869
336.653 65.679 0.586 2885
336.613 65.838 0.585 2885
336.533 65.997 0.586 2885
336.452 66.196 0.586 2901
336.372 66.355 0.586 2918
336.292 66.515 0.586 2918
336.252 66.674 0.586 2918
336.172 66.833 0.587 2934
336.092 66.992 0.587 2934
336.012 67.151 0.588 2934
335.972 67.271 0.590 2950
335.932 67.390 0.592 2966
335.891 67.510 0.593 2966
335.851 67.629 0.595 2966
335.811 67.788 0.596 2982
335.771 67.908 0.597 2982
335.731 68.027 0.598 2998
335.651 68.187 0.598 2998
335.611 68.386 0.599 3015
335.531 68.545 0.599 3015
335.491 68.704 0.599 3031
335.451 68.863 0.599 3031
335.411 69.022 0.600 3031
335.331 69.182 0.600 3047
335.331 69.301 0.600 3047
335.290 69.421 0.600 3047
335.290 69.540 0.601 3063
335.250 69.620 0.601 3080
335.250 69.739 0.602 3080
335.250 69.858 0.603 3080
335.210 69.938 0.604 3096
335.210 70.058 0.605 3112
335.170 70.137 0.605 3112
335.170 70.257 0.606 3112
335.130 70.336 0.607 3128
335.130 70.416 0.608 3128
335.090 70.535 0.610 3128
335.090 70.655 0.610 3145
335.050 70.734 0.611 3145
335.050 70.854 0.612 3161
335.050 70.933 0.612 3161
335.050 71.053 0.613 3177
335.050 71.132 0.613 3177
335.050 71.212 0.614 3193
335.050 71.292 0.614 3193
335.050 71.371 0.614 3193
335.050 71.451 0.614 3209
335.050 71.530 0.615 3209
335.050 71.650 0.616 3209
335.050 71.729 0.616 3225
335.050 71.809 0.617 3242
335.050 71.928 0.618 3242
335.050 72.048 0.619 3242
335.050 72.167 0.619 3258
335.050 72.287 0.620 3274
335.050 72.406 0.620 3274
335.050 72.526 0.620 3274
335.050 72.645 0.621 3290
335.050 72.764 0.620 3290
335.050 72.844 0.621 3290
335.050 72.964 0.621 3306
335.050 73.043 0.621 3323
335.050 73.123 0.621 3323
335.050 73.202 0.621 3323
335.050 73.282 0.621 3339
335.050 73.401 0.621 3339
335.050 73.441 0.621 3355
335.050 73.561 0.621 3355
335.050 73.640 0.622 3355
335.050 73.720 0.622 3372
335.050 73.799 0.622 3372
335.050 73.879 0.622 3388
335.050 73.999 0.622 3388
335.050 74.038 0.623 3404
335.050 74.118 0.623 3404
335.090 74.237 0.623 3404
335.130 74.317 0.624 3420
335.130 74.357 0.624 3437
335.170 74.436 0.625 3437
335.170 74.516 0.626 3437
335.210 74.596 0.627 3453
335.210 74.635 0.628 3453
335.250 74.715 0.629 3453
335.250 74.795 0.629 3469
335.290 74.874 0.630 3485
335.331 74.914 0.630 3485
335.331 74.994 0.630 3485
335.411 75.073 0.631 3501
335.491 75.153 0.632 3501
335.531 75.193 0.633 3518
335.611 75.272 0.634 3518
335.651 75.352 0.634 3518
335.691 75.432 0.635 3534
335.731 75.511 0.635 3550
335.771 75.591 0.635 3550
335.851 75.670 0.636 3550
335.891 75.750 0.636 3567
335.972 75.790 0.636 3567
336.012 75.870 0.637 3567
336.092 75.949 0.637 3583
336.132 75.989 0.637 3599
336.212 76.069 0.637 3599
336.292 76.108 0.638 3599
336.372 76.188 0.638 3615
336.412 76.268 0.638 3615
336.492 76.307 0.638 3632
336.613 76.387 0.638 3632
336.653 76.467 0.639 3632
336.733 76.546 0.639 3648
336.813 76.626 0.638 3648
336.893 76.666 0.639 3664
336.973 76.745 0.639 3664
337.013 76.785 0.639 3680
337.134 76.905 0.639 3680
337.174 76.984 0.639 3680
337.254 77.024 0.639 3697
337.334 77.104 0.640 3713
337.374 77.143 0.639 3713
337.454 77.223 0.640 3713
337.534 77.263 0.640 3729
337.574 77.342 0.640 3729
337.654 77.382 0.640 3729
337.735 77.462 0.640 3745
337.775 77.502 0.640 3762
337.855 77.581 0.640 3762
337.935 77.621 0.640 3762
338.015 77.701 0.640 3778
338.095 77.741 0.640 3794
338.175 77.820 0.640 3794
338.295 77.900 0.640 3794
338.376 77.979 0.640 3810
338.496 78.059 0.640 3810
338.616 78.099 0.640 3810
338.656 78.178 0.640 3827
338.776 78.218 0.640 3827
338.816 78.298 0.641 3843
338.937 78.338 0.641 3843
339.017 78.377 0.641 3843
339.097 78.457 0.641 3859
339.177 78.497 0.641 3875
339.257 78.497 0.641 3875
339.337 78.537 0.641 3875
339.417 78.576 0.641 3892
339.497 78.616 0.641 3908
339.618 78.616 0.641 3908
339.698 78.696 0.641 3908
339.778 78.736 0.641 3924
339.858 78.776 0.642 3924
339.938 78.815 0.641 3924
340.018 78.855 0.642 3940
340.099 78.895 0.642 3940
340.179 78.935 0.642 3956
340.259 78.935 0.642 3956
340.299 79.014 0.642 3972
340.379 79.054 0.642 3972
340.459 79.094 0.643 3989
340.539 79.094 0.643 3989
340.579 79.174 0.643 3989
340.659 79.213 0.643 4005
340.740 79.253 0.643 4005
340.820 79.293 0.643 4005
340.900 79.333 0.643 4021
340.980 79.333 0.643 4037
341.060 79.373 0.643 4037
341.140 79.373 0.643 4037
341.180 79.373 0.643 4054
341.260 79.412 0.644 4070
341.341 79.412 0.644 4070
341.461 79.452 0.645 4070
341.541 79.492 0.645 4086
341.621 79.492 0.645 4086
341.701 79.532 0.645 4086
341.781 79.572 0.645 4102
341.861 79.612 0.645 4118
341.982 79.651 0.646 4118
342.062 79.691 0.646 4118
342.182 79.731 0.646 4135
342.302 79.771 0.646 4135
342.382 79.771 0.647 4151
342.462 79.811 0.646 4151
342.543 79.811 0.646 4151
342.623 79.811 0.647 4167
342.703 79.850 0.647 4184
342.783 79.890 0.647 4184
342.863 79.890 0.647 4184
342.943 79.930 0.647 4200
343.063 79.930 0.647 4200
343.144 79.970 0.647 4200
343.264 79.970 0.647 4216
343.344 79.970 0.647 4232
343.424 80.010 0.647 4232
343.504 80.010 0.647 4232
343.584 80.010 0.647 4248
343.704 80.010 0.647 4248
343.785 80.049 0.648 4264
343.905 80.089 0.647 4264
344.025 80.089 0.647 4280
344.105 80.129 0.648 4280
344.185 80.129 0.648 4280
344.306 80.129 0.648 4296
344.386 80.129 0.648 4296
344.466 80.129 0.648 4312
344.546 80.169 0.648 4312
344.626 80.169 0.648 4312
344.746 80.169 0.648 4329
344.826 80.209 0.648 4345
344.906 80.209 0.648 4345
344.987 80.209 0.648 4345
345.067 80.209 0.648 4361
345.187 80.209 0.648 4361
345.267 80.209 0.648 4361
345.387 80.209 0.648 4377
345.467 80.209 0.648 4394
345.628 80.209 0.648 4394
345.748 80.209 0.648 4394
345.828 80.209 0.648 4410
345.948 80.209 0.648 4410
346.028 80.209 0.648 4426
346.149 80.209 0.649 4426
346.269 80.209 0.648 4442
346.389 80.209 0.649 4442
346.509 80.209 0.648 4442
346.629 80.209 0.649 4459
346.750 80.209 0.649 4459
346.830 80.209 0.648 4475
346.950 80.209 0.649 4475
347.070 80.209 0.649 4475
347.230 80.209 0.648 4491
347.351 80.209 0.649 4507
347.471 80.209 0.649 4507
347.591 80.209 0.649 4507
347.711 80.169 0.649 4524
347.831 80.129 0.649 4524
347.952 80.089 0.650 4524
348.072 80.049 0.650 4540
348.232 80.010 0.650 4556
348.352 79.970 0.650 4556
348.472 79.930 0.651 4556
348.593 79.890 0.651 4572
348.753 79.811 0.651 4589
348.913 79.771 0.651 4589
348.993 79.731 0.652 4589
349.114 79.651 0.652 4605
349.234 79.572 0.652 4605
349.354 79.532 0.652 4605
349.474 79.452 0.653 4621
349.594 79.373 0.653 4621
349.715 79.293 0.653 4637
349.835 79.213 0.653 4637
349.955 79.134 0.653 4654
350.035 79.094 0.653 4654
350.155 79.014 0.654 4670
350.275 78.975 0.653 4670
350.356 78.895 0.653 4670
350.476 78.855 0.654 4686
350.556 78.776 0.654 4686
350.676 78.696 0.654 4686
350.796 78.656 0.654 4702
350.917 78.576 0.654 4719
351.037 78.497 0.654 4719
351.117 78.417 0.654 4719
351.277 78.338 0.654 4735
351.357 78.218 0.655 4751
351.477 78.178 0.654 4751
351.598 78.099 0.655 4751
351.718 78.019 0.655 4768
351.878 77.940 0.654 4768
351.958 77.860 0.655 4768
352.078 77.780 0.655 4784
352.159 77.701 0.655 4800
352.279 77.621 0.655 4800
352.399 77.541 0.655 4800
352.479 77.462 0.655 4816
352.599 77.382 0.655 4816
352.679 77.342 0.655 4832
352.760 77.263 0.655 4832
352.840 77.183 0.655 4832
352.960 77.104 0.655 4848
353.040 77.064 0.655 4865
353.120 76.984 0.655 4865
353.240 76.905 0.655 4865
353.321 76.825 0.655 4881
353.441 76.745 0.656 4881
353.521 76.666 0.655 4881
353.641 76.506 0.655 4897
353.721 76.467 0.655 4914
353.801 76.387 0.655 4914
353.922 76.307 0.655 4914
354.002 76.268 0.655 4930
354.082 76.188 0.655 4930
354.162 76.108 0.656 4946
354.242 76.069 0.655 4946
354.282 75.989 0.656 4962
354.362 75.909 0.656 4962
354.402 75.830 0.656 4962
354.442 75.750 0.656 4979
354.523 75.670 0.656 4979
354.563 75.591 0.656 4995
354.683 75.511 0.656 4995
354.763 75.432 0.656 4995
354.843 75.312 0.656 5011
354.923 75.233 0.656 5027
355.003 75.153 0.656 5027
355.083 75.034 0.656 5027
355.204 74.954 0.656 5043
355.284 74.874 0.656 5043
355.364 74.795 0.656 5043
355.444 74.715 0.656 5060
355.524 74.635 0.656 5076
355.604 74.556 0.656 5076
355.644 74.476 0.656 5076
355.725 74.436 0.656 5092
355.765 74.317 0.656 5108
355.805 74.237 0.657 5108
355.885 74.198 0.656 5108
355.965 74.118 0.656 5125
356.005 74.038 0.656 5125
356.085 73.959 0.657 5125
356.165 73.879 0.656 5141
356.285 73.799 0.656 5141
356.326 73.720 0.656 5157
356.406 73.640 0.656 5157
356.486 73.561 0.656 5157
356.526 73.521 0.656 5173
356.566 73.441 0.656 5189
356.606 73.362 0.656 5189
356.646 73.322 0.656 5189
356.726 73.282 0.657 5206
356.766 73.202 0.656 5206
356.846 73.163 0.656 5206
356.927 73.123 0.657 5222
357.007 73.083 0.657 5238
357.047 73.043 0.656 5238
357.087 73.003 0.656 5238
357.167 72.964 0.656 5254
357.207 72.884 0.657 5271
357.247 72.804 0.657 5271
357.287 72.764 0.657 5271
357.407 72.685 0.657 5287
357.447 72.605 0.657 5287
357.487 72.526 0.657 5287
357.568 72.406 0.657 5303
357.608 72.327 0.657 5303
357.688 72.247 0.657 5319
357.728 72.088 0.657 5319
357.808 71.968 0.657 5336
357.848 71.889 0.658 5336
357.888 71.769 0.658 5352
357.968 71.690 0.657 5352
358.008 71.610 0.658 5352
358.088 71.491 0.659 5368
358.129 71.451 0.659 5368
358.169 71.371 0.660 5368
358.249 71.292 0.661 5384
358.289 71.212 0.662 5401
358.329 71.172 0.663 5401
358.329 71.093 0.664 5401
358.369 71.053 0.664 5417
358.409 70.973 0.665 5433
358.489 70.933 0.665 5433
358.529 70.854 0.665 5433
358.569 70.774 0.666 5449
358.609 70.694 0.666 5449
358.649 70.655 0.666 5449
358.730 70.575 0.666 5466
358.770 70.535 0.666 5482
358.810 70.495 0.666 5482
358.850 70.456 0.667 5498
358.890 70.416 0.667 5498
358.930 70.336 0.667 5514
358.970 70.296 0.667 5514
359.050 70.217 0.668 5530
359.090 70.137 0.668 5530
359.170 70.018 0.667 5530
359.210 69.938 0.668 5547
359.250 69.858 0.668 5547
359.331 69.779 0.668 5563
359.411 69.699 0.669 5563
359.451 69.620 0.670 5563
359.531 69.540 0.670 5579
359.571 69.500 0.671 5595
359.651 69.460 0.671 5595
359.691 69.421 0.671 5595
359.771 69.381 0.671 5611
359.811 69.341 0.672 5611
359.851 69.301 0.672 5611
359.891 69.301 0.672 5632
359.891 69.261 0.673 5632
359.891 69.261 0.672 5648
359.891 69.261 0.673 5664
359.891 69.222 0.673 5664
359.932 69.182 0.662 5664
360.052 69.142 0.610 5680
360.172 69.102 0.543 5697
360.292 69.022 0.465 5697
360.412 68.983 0.378 5697
360.533 68.903 0.246 5713
360.653 68.823 0.075 5713

% x_coordinate y_coordinate pressure time
% shape 1, 408 points
368.907 45.615 0.056 0
368.907 45.615 0.072 16
368.907 45.615 0.092 32
368.907 45.615 0.112 32
368.907 45.615 0.137 33
368.907 45.615 0.161 48
368.907 45.615 0.186 48
368.907 45.615 0.211 49
368.907 45.615 0.237 64
368.907 45.615 0.259 80
368.826 45.695 0.282 80
368.746 45.774 0.300 80
368.706 45.894 0.316 96
368.626 46.053 0.328 96
368.546 46.173 0.343 112
368.386 46.411 0.357 112
368.306 46.610 0.369 128
368.185 46.809 0.380 128
368.105 47.008 0.391 144
367.985 47.247 0.401 144
367.865 47.486 0.410 144
367.745 47.725 0.419 160
367.664 47.964 0.428 160
367.544 48.163 0.436 160
367.464 48.402 0.443 176
367.344 48.680 0.449 193
367.264 48.919 0.454 193
367.184 49.118 0.458 193
367.063 49.357 0.464 209
366.983 49.556 0.469 225
366.863 49.795 0.476 225
366.743 49.994 0.483 225
366.623 50.193 0.489 241
366.503 50.392 0.494 241
366.382 50.671 0.499 257
366.262 50.870 0.501 257
366.102 51.069 0.504 257
365.982 51.308 0.509 273
365.901 51.507 0.514 273
365.821 51.746 0.520 289
365.741 51.985 0.526 289
365.661 52.223 0.531 305
365.581 52.462 0.537 305
365.461 52.701 0.540 305
365.381 52.980 0.543 321
365.301 53.219 0.546 338
365.220 53.457 0.547 338
365.140 53.696 0.549 338
365.100 53.935 0.550 354
365.020 54.174 0.552 354
364.940 54.413 0.554 354
364.860 54.612 0.557 370
364.820 54.851 0.559 386
364.740 55.090 0.562 386
364.699 55.289 0.565 386
364.619 55.488 0.568 402
364.539 55.647 0.572 402
364.459 55.846 0.576 418
364.379 56.085 0.579 418
364.299 56.284 0.583 434
364.219 56.483 0.585 434
364.139 56.682 0.587 450
364.099 56.881 0.588 450
363.978 57.080 0.589 450
363.898 57.279 0.592 466
363.858 57.438 0.594 466
363.778 57.637 0.595 482
363.698 57.757 0.598 482
363.618 57.956 0.599 499
363.578 58.115 0.601 499
363.497 58.274 0.604 499
363.457 58.433 0.606 515
363.377 58.593 0.608 531
363.297 58.752 0.610 531
363.217 58.871 0.611 531
363.137 59.031 0.613 547
363.057 59.269 0.614 547
362.977 59.429 0.616 547
362.937 59.628 0.617 563
362.856 59.787 0.619 579
362.776 59.986 0.619 579
362.696 60.225 0.620 579
362.656 60.384 0.621 595
362.576 60.583 0.622 595
362.536 60.782 0.624 611
362.496 60.941 0.624 611
362.416 61.101 0.624 611
362.376 61.260 0.626 627
362.336 61.459 0.626 643
362.296 61.618 0.626 643
362.215 61.777 0.626 643
362.175 61.897 0.626 659
362.175 62.056 0.626 659
362.135 62.215 0.627 659
362.095 62.374 0.627 675
362.055 62.494 0.627 691
362.015 62.653 0.627 691
361.895 62.773 0.628 691
361.855 62.932 0.629 707
361.815 63.051 0.629 724
361.735 63.211 0.628 724
361.694 63.330 0.629 724
361.654 63.489 0.629 740
361.574 63.648 0.630 740
361.534 63.768 0.630 740
361.494 63.927 0.630 756
361.414 64.046 0.630 772
361.414 64.206 0.630 772
361.334 64.325 0.630 772
361.294 64.445 0.631 788
361.294 64.564 0.631 788
361.254 64.683 0.632 804
361.214 64.803 0.632 804
361.174 64.922 0.632 804
361.094 65.081 0.633 820
361.053 65.201 0.633 820
361.013 65.360 0.633 836
360.973 65.519 0.634 836
360.933 65.679 0.634 852
360.853 65.838 0.634 852
360.853 65.997 0.635 852
360.813 66.156 0.635 868
360.773 66.276 0.635 884
360.733 66.435 0.634 884
360.693 66.554 0.635 884
360.653 66.714 0.635 900
360.653 66.833 0.636 917
360.613 66.992 0.636 917
360.533 67.112 0.636 917
360.533 67.231 0.637 933
360.492 67.390 0.637 933
360.452 67.510 0.637 933
360.412 67.629 0.638 949
360.372 67.788 0.638 965
360.372 67.948 0.639 965
360.332 68.107 0.641 965
360.292 68.266 0.641 981
360.252 68.425 0.643 981
360.252 68.545 0.644 997
360.252 68.704 0.644 997
360.212 68.863 0.645 997
360.212 69.022 0.646 1013
360.172 69.142 0.646 1029
360.172 69.301 0.647 1029
360.172 69.421 0.648 1029
360.132 69.580 0.648 1045
360.132 69.699 0.649 1045
360.132 69.858 0.649 1045
360.092 69.978 0.650 1061
360.092 70.137 0.651 1078
360.092 70.296 0.650 1078
360.092 70.416 0.651 1078
360.092 70.535 0.652 1094
360.092 70.655 0.651 1110
360.092 70.774 0.652 1110
360.092 70.933 0.652 1110
360.092 71.053 0.653 1126
360.092 71.212 0.653 1126
360.092 71.371 0.653 1126
360.092 71.491 0.653 1142
360.092 71.650 0.654 1142
360.092 71.769 0.653 1158
360.092 71.968 0.654 1158
360.092 72.088 0.655 1158
360.092 72.287 0.655 1174
360.092 72.446 0.655 1190
360.092 72.565 0.654 1190
360.092 72.685 0.655 1190
360.092 72.844 0.655 1206
360.132 72.964 0.656 1206
360.132 73.083 0.656 1206
360.172 73.242 0.657 1222
360.172 73.362 0.657 1239
360.172 73.521 0.658 1239
360.212 73.680 0.659 1239
360.252 73.839 0.659 1255
360.292 73.959 0.660 1271
360.332 74.118 0.661 1271
360.372 74.277 0.660 1271
360.412 74.436 0.661 1287
360.412 74.556 0.661 1287
360.452 74.715 0.662 1303
360.452 74.835 0.663 1303
360.492 74.954 0.663 1319
360.533 75.073 0.663 1319
360.573 75.193 0.663 1319
360.613 75.352 0.664 1335
360.613 75.471 0.664 1335
360.653 75.591 0.664 1351
360.693 75.750 0.664 1351
360.693 75.870 0.665 1351
360.733 75.989 0.664 1367
360.773 76.108 0.664 1383
360.813 76.188 0.665 1383
360.853 76.307 0.665 1383
360.853 76.387 0.665 1399
360.893 76.506 0.665 1399
360.933 76.626 0.666 1399
360.973 76.705 0.667 1415
361.013 76.785 0.668 1432
361.053 76.865 0.669 1432
361.094 76.944 0.671 1432
361.134 77.024 0.672 1448
361.214 77.104 0.673 1464
361.254 77.183 0.674 1464
361.294 77.263 0.674 1464
361.374 77.342 0.674 1480
361.414 77.382 0.675 1480
361.494 77.462 0.676 1480
361.574 77.502 0.675 1496
361.654 77.541 0.675 1512
361.694 77.581 0.676 1512
361.815 77.661 0.676 1512
361.895 77.701 0.676 1528
361.935 77.741 0.677 1528
361.975 77.780 0.677 1544
362.055 77.820 0.678 1544
362.135 77.860 0.678 1560
362.215 77.900 0.679 1560
362.255 77.940 0.679 1560
362.336 77.979 0.679 1576
362.416 78.019 0.679 1576
362.496 78.019 0.680 1592
362.576 78.059 0.680 1592
362.656 78.099 0.680 1592
362.736 78.139 0.680 1608
362.856 78.218 0.680 1624
362.937 78.258 0.680 1624
363.057 78.298 0.681 1624
363.137 78.338 0.680 1641
363.257 78.377 0.681 1641
363.377 78.417 0.681 1641
363.457 78.457 0.681 1657
363.538 78.497 0.681 1673
363.658 78.537 0.681 1673
363.738 78.616 0.681 1673
363.858 78.656 0.681 1689
363.938 78.696 0.681 1705
364.018 78.736 0.681 1705
364.099 78.776 0.681 1705
364.179 78.815 0.681 1721
364.299 78.815 0.681 1721
364.379 78.855 0.682 1721
364.459 78.895 0.681 1737
364.539 78.895 0.682 1753
364.659 78.935 0.682 1753
364.740 78.935 0.682 1753
364.820 78.975 0.682 1769
364.940 79.014 0.682 1769
365.020 79.054 0.682 1785
365.140 79.054 0.682 1785
365.260 79.094 0.682 1785
365.421 79.094 0.682 1801
365.541 79.094 0.682 1817
365.661 79.094 0.682 1817
365.781 79.094 0.682 1817
365.901 79.094 0.682 1833
365.982 79.134 0.682 1833
366.102 79.134 0.682 1833
366.222 79.174 0.682 1850
366.302 79.174 0.682 1866
366.422 79.213 0.683 1866
366.543 79.213 0.683 1866
366.663 79.253 0.682 1882
366.783 79.253 0.683 1882
366.863 79.253 0.682 1898
366.983 79.293 0.683 1898
367.103 79.293 0.683 1914
367.184 79.333 0.682 1914
367.304 79.333 0.683 1930
367.384 79.333 0.683 1930
367.464 79.333 0.683 1930
367.544 79.333 0.683 1946
367.624 79.373 0.683 1946
367.705 79.373 0.683 1962
367.825 79.412 0.683 1962
367.905 79.412 0.683 1978
367.985 79.412 0.683 1978
368.105 79.452 0.683 1978
368.185 79.452 0.683 1995
368.306 79.452 0.683 2011
368.386 79.452 0.683 2011
368.506 79.452 0.683 2011
368.626 79.452 0.683 2027
368.706 79.452 0.683 2027
368.866 79.452 0.683 2027
368.987 79.452 0.683 2044
369.107 79.452 0.683 2060
369.227 79.452 0.683 2060
369.347 79.452 0.683 2060
369.467 79.452 0.683 2076
369.588 79.452 0.683 2076
369.748 79.452 0.683 2092
369.868 79.452 0.683 2092
369.988 79.452 0.684 2109
370.109 79.452 0.684 2109
370.269 79.452 0.683 2109
370.349 79.452 0.683 2125
370.469 79.452 0.683 2125
370.589 79.452 0.683 2141
370.710 79.452 0.683 2141
370.830 79.452 0.683 2158
370.950 79.452 0.683 2158
371.070 79.452 0.684 2174
371.230 79.452 0.683 2174
371.391 79.452 0.684 2174
371.551 79.412 0.684 2190
371.671 79.373 0.684 2190
371.831 79.333 0.684 2190
371.992 79.293 0.684 2207
372.152 79.253 0.684 2223
372.272 79.213 0.684 2223
372.392 79.213 0.684 2223
372.553 79.174 0.684 2239
372.673 79.134 0.684 2256
372.833 79.094 0.684 2256
372.953 79.054 0.684 2256
373.114 78.975 0.684 2272
373.274 78.935 0.684 2272
373.434 78.855 0.684 2272
373.594 78.815 0.684 2288
373.755 78.736 0.684 2288
373.875 78.696 0.684 2304
374.035 78.656 0.684 2304
374.155 78.576 0.684 2321
374.275 78.537 0.684 2321
374.436 78.497 0.684 2337
374.556 78.377 0.684 2337
374.676 78.338 0.684 2337
374.796 78.298 0.684 2353
374.917 78.258 0.684 2353
375.037 78.218 0.684 2353
375.157 78.178 0.684 2369
375.277 78.139 0.684 2385
375.397 78.099 0.684 2385
375.477 78.019 0.684 2385
375.558 77.979 0.684 2401
375.638 77.900 0.684 2418
375.718 77.860 0.684 2418
375.838 77.820 0.684 2418
375.918 77.741 0.684 2434
375.998 77.701 0.684 2434
376.119 77.661 0.684 2434
376.239 77.621 0.684 2450
376.319 77.541 0.684 2466
376.399 77.502 0.685 2466
376.519 77.462 0.684 2466
376.599 77.422 0.684 2482
376.679 77.382 0.684 2482
376.800 77.342 0.684 2499
376.880 77.303 0.684 2499
377.000 77.263 0.685 2499
377.080 77.223 0.684 2515
377.200 77.183 0.684 2531
377.280 77.143 0.685 2531
377.401 77.064 0.684 2531
377.481 77.024 0.684 2547
377.601 76.944 0.684 2547
377.721 76.905 0.684 2547
377.801 76.825 0.685 2563
377.922 76.745 0.684 2579
378.042 76.705 0.684 2579
378.162 76.626 0.685 2579
378.282 76.586 0.684 2595
378.402 76.546 0.684 2595
378.523 76.467 0.685 2611
378.643 76.427 0.684 2611
378.723 76.387 0.685 2628
378.843 76.347 0.685 2628
378.963 76.268 0.684 2628
379.083 76.228 0.684 2644
379.164 76.108 0.685 2644
379.284 76.029 0.685 2660
379.364 75.949 0.685 2660
379.484 75.870 0.685 2660
379.564 75.790 0.684 2676
379.684 75.710 0.685 2692
379.765 75.631 0.685 2692
379.885 75.551 0.684 2692
379.965 75.432 0.685 2708
380.085 75.352 0.685 2724
380.165 75.272 0.685 2724
380.285 75.193 0.685 2724
380.366 75.113 0.685 2741
380.486 75.073 0.685 2741
380.566 74.994 0.685 2741
380.646 74.954 0.685 2757
380.766 74.874 0.685 2757
380.846 74.795 0.685 2773
380.927 74.675 0.685 2773
381.047 74.596 0.685 2789
381.167 74.476 0.685 2789
381.287 74.357 0.684 2805
381.407 74.237 0.685 2805
381.528 74.158 0.685 2805
381.648 74.078 0.685 2821
381.768 73.999 0.685 2821
381.888 73.839 0.685 2838
381.968 73.760 0.684 2838
382.048 73.680 0.685 2854
382.169 73.600 0.685 2854
382.289 73.481 0.685 2854
382.449 73.322 0.684 2870
382.689 73.083 0.674 2886
383.010 72.764 0.637 2886
383.451 72.406 0.570 2886

