% x_coordinate y_coordinate pressure time
% shape 0, 1684 points
563.291 129.004 0.058 0
563.291 129.004 0.094 0
563.291 129.004 0.130 16
563.291 129.004 0.167 17
563.291 129.004 0.199 18
563.291 129.004 0.230 32
563.291 129.004 0.255 48
563.291 129.004 0.282 48
563.291 129.004 0.303 48
563.291 129.004 0.319 64
563.291 129.004 0.333 80
563.291 129.004 0.348 80
563.331 128.964 0.360 80
563.411 128.884 0.370 96
563.451 128.765 0.379 96
563.531 128.606 0.390 96
563.611 128.446 0.402 112
563.651 128.247 0.412 112
563.731 128.048 0.419 128
563.771 127.849 0.426 128
563.811 127.650 0.433 128
563.891 127.451 0.440 144
563.932 127.212 0.447 160
564.012 127.013 0.454 160
564.092 126.735 0.460 160
564.172 126.496 0.469 176
564.292 126.257 0.475 192
564.452 126.018 0.480 192
564.613 125.739 0.484 192
564.773 125.501 0.485 209
564.973 125.262 0.487 209
565.094 125.023 0.489 209
565.254 124.824 0.491 226
565.374 124.545 0.494 226
565.494 124.346 0.497 242
565.614 124.187 0.500 242
565.695 123.988 0.503 258
565.815 123.829 0.506 258
565.935 123.669 0.510 274
566.055 123.510 0.513 274
566.175 123.311 0.516 274
566.336 123.152 0.518 290
566.496 122.953 0.520 290
566.736 122.754 0.521 290
566.937 122.515 0.522 306
567.177 122.276 0.523 323
567.377 122.077 0.523 323
567.618 121.878 0.523 323
567.818 121.719 0.524 339
568.018 121.560 0.525 355
568.179 121.440 0.528 355
568.339 121.321 0.531 355
568.499 121.161 0.534 371
568.659 121.042 0.538 371
568.820 120.883 0.541 387
568.980 120.724 0.543 387
569.140 120.564 0.544 403
569.341 120.405 0.545 403
569.501 120.246 0.546 403
569.661 120.047 0.547 419
569.821 119.927 0.547 419
569.982 119.768 0.548 436
570.222 119.609 0.549 436
570.422 119.410 0.549 436
570.663 119.251 0.550 452
570.903 119.012 0.552 468
571.184 118.813 0.553 468
571.424 118.614 0.555 468
571.704 118.415 0.557 484
571.985 118.255 0.559 484
572.225 118.056 0.560 484
572.506 117.897 0.561 500
572.746 117.738 0.562 516
573.027 117.618 0.563 516
573.307 117.499 0.564 517
573.588 117.419 0.564 533
573.868 117.340 0.565 549
574.149 117.260 0.565 549
574.469 117.181 0.565 550
574.750 117.061 0.566 565
575.070 116.982 0.566 565
575.351 116.862 0.566 566
575.671 116.743 0.567 581
575.952 116.623 0.567 581
576.232 116.544 0.568 597
576.513 116.464 0.571 597
576.713 116.384 0.573 613
576.953 116.345 0.576 613
577.114 116.305 0.577 629
577.314 116.305 0.578 629
577.514 116.305 0.579 629
577.715 116.305 0.580 645
577.955 116.305 0.579 661
578.195 116.305 0.580 661
578.436 116.305 0.580 662
578.636 116.305 0.580 678
578.876 116.305 0.581 678
579.117 116.305 0.581 678
579.317 116.305 0.581 695
579.558 116.305 0.581 711
579.798 116.305 0.581 711
580.078 116.305 0.582 712
580.279 116.305 0.582 727
580.519 116.305 0.582 727
580.719 116.345 0.583 728
580.920 116.384 0.584 743
581.160 116.424 0.585 759
581.361 116.464 0.587 759
581.561 116.504 0.587 760
581.761 116.504 0.589 775
581.962 116.583 0.590 775
582.162 116.663 0.591 792
582.362 116.703 0.592 792
582.603 116.783 0.593 793
582.843 116.862 0.593 808
583.083 116.942 0.593 808
583.324 117.021 0.593 824
583.604 117.061 0.594 824
583.805 117.141 0.594 840
584.005 117.181 0.595 840
584.205 117.220 0.595 840
584.406 117.300 0.595 856
584.566 117.340 0.596 872
584.766 117.419 0.596 872
584.927 117.459 0.597 872
585.127 117.539 0.597 888
585.247 117.579 0.598 904
585.407 117.658 0.599 904
585.568 117.698 0.601 904
585.728 117.818 0.603 920
585.888 117.897 0.604 920
586.008 117.977 0.605 920
586.169 118.056 0.606 936
586.329 118.176 0.607 952
586.449 118.295 0.608 952
586.569 118.415 0.609 952
586.690 118.494 0.609 968
586.810 118.614 0.609 968
586.930 118.733 0.610 984
587.050 118.853 0.610 984
587.130 118.932 0.611 984
587.250 119.012 0.611 1000
587.371 119.131 0.611 1000
587.491 119.211 0.612 1000
587.611 119.290 0.613 1016
587.731 119.370 0.614 1033
587.851 119.489 0.614 1033
587.972 119.569 0.615 1033
588.092 119.689 0.616 1049
588.212 119.848 0.616 1065
588.292 120.007 0.617 1065
588.412 120.166 0.617 1065
588.533 120.286 0.617 1081
588.653 120.405 0.618 1081
588.733 120.525 0.618 1081
588.813 120.644 0.618 1097
588.893 120.763 0.618 1113
588.933 120.923 0.618 1113
589.013 121.002 0.619 1113
589.053 121.161 0.619 1129
589.134 121.241 0.619 1129
589.174 121.360 0.620 1145
589.214 121.480 0.620 1145
589.254 121.560 0.621 1161
589.254 121.679 0.621 1161
589.294 121.798 0.621 1177
589.334 121.878 0.622 1177
589.374 121.997 0.622 1177
589.374 122.157 0.623 1193
589.414 122.236 0.623 1193
589.454 122.356 0.623 1209
589.454 122.435 0.623 1209
589.454 122.515 0.623 1225
589.454 122.595 0.624 1225
589.454 122.674 0.624 1225
589.454 122.754 0.625 1241
589.454 122.833 0.625 1257
589.454 122.953 0.625 1257
589.454 123.032 0.626 1257
589.454 123.112 0.627 1273
589.454 123.231 0.629 1273
589.454 123.311 0.630 1273
589.454 123.431 0.631 1290
589.454 123.550 0.633 1306
589.454 123.669 0.634 1306
589.454 123.749 0.635 1306
589.454 123.868 0.635 1322
589.414 123.988 0.635 1322
589.374 124.107 0.635 1338
589.334 124.227 0.636 1338
589.294 124.386 0.636 1354
589.254 124.505 0.636 1354
589.214 124.625 0.637 1354
589.174 124.744 0.637 1371
589.134 124.864 0.637 1371
589.053 124.983 0.637 1387
589.053 125.142 0.637 1387
589.013 125.262 0.637 1387
588.973 125.381 0.637 1403
588.973 125.501 0.637 1419
588.933 125.620 0.637 1419
588.933 125.739 0.637 1419
588.893 125.859 0.637 1435
588.853 125.978 0.638 1435
588.813 126.098 0.638 1435
588.813 126.177 0.638 1451
588.773 126.297 0.639 1467
588.693 126.456 0.639 1467
588.653 126.615 0.639 1468
588.613 126.774 0.640 1483
588.533 126.894 0.640 1499
588.452 127.053 0.640 1499
588.452 127.173 0.641 1499
588.372 127.332 0.641 1516
588.332 127.411 0.641 1516
588.292 127.531 0.641 1516
588.252 127.650 0.641 1532
588.252 127.770 0.641 1548
588.172 127.849 0.641 1548
588.172 127.929 0.641 1548
588.132 128.048 0.641 1564
588.132 128.128 0.641 1564
588.052 128.247 0.642 1580
588.012 128.327 0.642 1580
587.972 128.446 0.641 1580
587.891 128.566 0.643 1596
587.851 128.685 0.643 1596
587.771 128.884 0.643 1612
587.731 129.004 0.644 1612
587.691 129.123 0.644 1628
587.651 129.242 0.643 1628
587.611 129.402 0.644 1628
587.571 129.521 0.644 1644
587.531 129.641 0.643 1660
587.491 129.760 0.644 1660
587.411 129.919 0.644 1660
587.371 130.039 0.644 1677
587.331 130.158 0.644 1693
587.290 130.317 0.643 1693
587.250 130.437 0.644 1693
587.250 130.596 0.644 1709
587.210 130.715 0.644 1709
587.090 130.835 0.644 1709
587.050 130.954 0.644 1725
587.010 131.113 0.644 1725
586.970 131.273 0.645 1741
586.890 131.432 0.645 1741
586.850 131.591 0.644 1741
586.810 131.750 0.645 1757
586.730 131.910 0.645 1773
586.649 132.069 0.646 1773
586.569 132.228 0.646 1774
586.489 132.387 0.646 1789
586.409 132.547 0.645 1805
586.369 132.666 0.646 1805
586.329 132.825 0.645 1806
586.289 132.984 0.647 1821
586.249 133.104 0.647 1821
586.209 133.303 0.645 1822
586.169 133.422 0.647 1837
586.129 133.582 0.647 1853
586.089 133.701 0.646 1853
586.008 133.821 0.646 1853
586.008 133.940 0.646 1869
585.968 134.059 0.647 1869
585.928 134.139 0.647 1885
585.888 134.258 0.647 1885
585.888 134.378 0.647 1901
585.848 134.537 0.647 1901
585.808 134.656 0.648 1901
585.728 134.776 0.648 1917
585.688 134.935 0.648 1917
585.648 135.134 0.648 1934
585.568 135.293 0.648 1934
585.528 135.413 0.649 1934
585.447 135.652 0.649 1950
585.407 135.811 0.649 1966
585.327 135.930 0.649 1966
585.287 136.050 0.649 1967
585.207 136.209 0.650 1982
585.087 136.328 0.650 1998
585.047 136.488 0.651 1998
585.007 136.647 0.650 1999
584.967 136.806 0.650 2014
584.886 136.965 0.651 2014
584.886 137.125 0.651 2015
584.806 137.284 0.650 2030
584.766 137.403 0.651 2030
584.766 137.562 0.651 2046
584.726 137.682 0.652 2046
584.646 137.841 0.652 2046
584.606 138.000 0.652 2062
584.526 138.120 0.652 2078
584.486 138.279 0.653 2078
584.406 138.438 0.652 2079
584.366 138.558 0.653 2094
584.285 138.717 0.653 2110
584.245 138.876 0.652 2110
584.205 138.996 0.653 2111
584.125 139.155 0.652 2126
584.085 139.274 0.652 2126
584.045 139.394 0.652 2127
584.005 139.513 0.652 2142
584.005 139.633 0.653 2142
583.965 139.752 0.653 2159
583.925 139.871 0.653 2159
583.885 140.031 0.653 2175
583.805 140.150 0.654 2175
583.765 140.269 0.654 2191
583.725 140.429 0.654 2191
583.685 140.548 0.654 2191
583.604 140.707 0.653 2207
583.564 140.827 0.653 2223
583.564 140.946 0.654 2223
583.484 141.066 0.654 2223
583.484 141.185 0.654 2239
583.444 141.304 0.654 2239
583.404 141.424 0.653 2239
583.364 141.543 0.654 2255
583.324 141.663 0.654 2271
583.284 141.782 0.654 2271
583.244 141.902 0.655 2271
583.164 142.021 0.654 2288
583.124 142.101 0.654 2304
583.083 142.260 0.654 2304
583.043 142.379 0.654 2304
583.043 142.459 0.654 2320
583.043 142.538 0.654 2320
583.003 142.658 0.654 2320
582.963 142.738 0.654 2336
582.963 142.857 0.654 2336
582.923 142.937 0.654 2352
582.883 143.056 0.654 2352
582.843 143.175 0.655 2368
582.803 143.295 0.655 2368
582.763 143.414 0.656 2385
582.723 143.494 0.655 2385
582.683 143.613 0.655 2385
582.643 143.733 0.656 2401
582.603 143.812 0.656 2401
582.523 143.892 0.656 2401
582.482 143.972 0.656 2417
582.482 144.051 0.656 2433
582.442 144.171 0.656 2433
582.362 144.250 0.656 2433
582.322 144.370 0.655 2450
582.282 144.489 0.656 2466
582.202 144.609 0.657 2466
582.162 144.728 0.656 2466
582.122 144.847 0.656 2482
582.122 144.967 0.656 2482
582.082 145.046 0.656 2482
582.042 145.166 0.657 2498
582.002 145.246 0.656 2515
581.962 145.365 0.657 2515
581.922 145.484 0.657 2515
581.881 145.564 0.657 2531
581.841 145.683 0.657 2531
581.801 145.803 0.657 2547
581.721 145.882 0.657 2547
581.681 146.002 0.657 2547
581.601 146.121 0.657 2563
581.561 146.241 0.658 2580
581.521 146.360 0.657 2580
581.481 146.519 0.657 2580
581.441 146.639 0.658 2596
581.361 146.798 0.657 2596
581.321 146.917 0.658 2596
581.281 147.037 0.657 2612
581.240 147.196 0.658 2628
581.200 147.315 0.657 2628
581.120 147.395 0.657 2628
581.080 147.554 0.658 2644
581.040 147.674 0.658 2644
581.000 147.793 0.658 2661
580.960 147.913 0.658 2661
580.960 148.032 0.657 2661
580.920 148.112 0.658 2677
580.880 148.231 0.658 2677
580.840 148.351 0.657 2693
580.800 148.470 0.658 2693
580.760 148.589 0.658 2709
580.719 148.709 0.658 2709
580.679 148.868 0.658 2710
580.639 149.027 0.658 2725
580.599 149.147 0.658 2741
580.559 149.266 0.658 2741
580.479 149.386 0.659 2742
580.439 149.505 0.658 2757
580.399 149.624 0.659 2757
580.359 149.744 0.658 2758
580.319 149.863 0.658 2773
580.279 149.983 0.658 2789
580.239 150.142 0.658 2789
580.159 150.261 0.658 2790
580.159 150.421 0.659 2805
580.078 150.540 0.658 2805
580.038 150.659 0.658 2821
579.998 150.819 0.658 2821
579.958 150.938 0.658 2837
579.918 151.057 0.658 2837
579.838 151.217 0.658 2838
579.838 151.336 0.658 2853
579.798 151.456 0.659 2853
579.798 151.575 0.658 2869
579.718 151.694 0.658 2869
579.678 151.814 0.659 2870
579.638 151.933 0.658 2885
579.598 152.093 0.659 2902
579.558 152.212 0.658 2902
579.518 152.331 0.658 2903
579.477 152.451 0.659 2918
579.437 152.570 0.659 2934
579.397 152.690 0.659 2934
579.317 152.849 0.659 2935
579.277 152.968 0.659 2951
579.197 153.128 0.659 2951
579.157 153.287 0.659 2952
579.117 153.446 0.659 2967
579.077 153.605 0.659 2967
579.037 153.725 0.659 2983
578.957 153.884 0.658 2983
578.917 154.003 0.659 2999
578.836 154.123 0.659 2999
578.796 154.242 0.659 3015
578.756 154.362 0.660 3015
578.676 154.441 0.659 3015
578.636 154.561 0.659 3031
578.596 154.680 0.659 3047
578.556 154.799 0.659 3047
578.516 154.919 0.659 3047
578.516 155.038 0.659 3064
578.476 155.158 0.659 3064
578.436 155.317 0.659 3064
578.396 155.436 0.659 3080
578.315 155.596 0.659 3096
578.275 155.795 0.659 3096
578.235 155.914 0.659 3096
578.195 156.073 0.658 3112
578.155 156.193 0.659 3112
578.115 156.312 0.659 3129
578.075 156.471 0.658 3129
578.075 156.591 0.659 3129
578.035 156.710 0.659 3145
577.995 156.830 0.658 3161
577.955 156.949 0.659 3161
577.915 157.029 0.659 3161
577.875 157.148 0.659 3177
577.835 157.268 0.659 3177
577.795 157.427 0.659 3177
577.755 157.546 0.659 3193
577.715 157.666 0.659 3209
577.634 157.825 0.659 3209
577.594 157.984 0.659 3209
577.554 158.143 0.659 3225
577.514 158.263 0.659 3242
577.474 158.382 0.659 3242
577.434 158.462 0.659 3242
577.394 158.581 0.659 3258
577.354 158.701 0.659 3258
577.314 158.820 0.659 3258
577.234 158.940 0.660 3274
577.194 159.099 0.659 3274
577.154 159.218 0.659 3290
577.073 159.377 0.659 3290
576.993 159.497 0.659 3306
576.913 159.616 0.659 3306
576.873 159.736 0.660 3322
576.793 159.855 0.659 3322
576.713 159.975 0.660 3322
576.673 160.094 0.660 3338
576.633 160.293 0.660 3338
576.593 160.412 0.659 3354
576.553 160.532 0.660 3354
576.513 160.651 0.660 3370
576.432 160.811 0.660 3370
576.352 160.970 0.660 3370
576.312 161.089 0.659 3386
576.272 161.248 0.660 3403
576.192 161.408 0.660 3403
576.152 161.567 0.660 3403
576.112 161.726 0.660 3419
576.032 161.885 0.660 3419
575.992 162.005 0.659 3435
575.911 162.164 0.659 3435
575.871 162.283 0.660 3435
575.831 162.443 0.660 3451
575.751 162.602 0.659 3451
575.711 162.721 0.659 3467
575.671 162.841 0.660 3467
575.631 162.960 0.660 3483
575.551 163.080 0.660 3483
575.511 163.199 0.660 3483
575.471 163.318 0.660 3499
575.431 163.478 0.660 3515
575.351 163.597 0.660 3515
575.270 163.717 0.660 3515
575.230 163.876 0.661 3532
575.190 163.995 0.660 3532
575.110 164.115 0.661 3532
575.110 164.234 0.660 3548
575.070 164.353 0.661 3564
575.030 164.473 0.660 3564
574.990 164.592 0.659 3564
574.950 164.752 0.660 3580
574.910 164.871 0.659 3596
574.830 165.030 0.660 3596
574.790 165.150 0.660 3596
574.790 165.269 0.660 3612
574.750 165.388 0.660 3612
574.710 165.508 0.661 3629
574.669 165.627 0.659 3629
574.629 165.747 0.660 3629
574.589 165.866 0.659 3645
574.549 165.986 0.659 3645
574.509 166.145 0.660 3646
574.469 166.264 0.660 3661
574.429 166.384 0.660 3677
574.389 166.503 0.660 3678
574.389 166.623 0.659 3679
574.349 166.742 0.659 3693
574.269 166.822 0.660 3709
574.269 166.981 0.659 3709
574.189 167.100 0.660 3709
574.189 167.220 0.660 3725
574.109 167.299 0.659 3725
574.109 167.419 0.660 3725
574.068 167.538 0.661 3741
574.028 167.618 0.660 3757
573.988 167.737 0.661 3757
573.948 167.817 0.660 3757
573.908 167.936 0.659 3773
573.868 168.056 0.660 3773
573.828 168.175 0.659 3789
573.828 168.255 0.659 3789
573.788 168.374 0.660 3805
573.788 168.494 0.660 3805
573.748 168.573 0.659 3821
573.748 168.693 0.660 3821
573.708 168.812 0.660 3821
573.668 168.892 0.659 3837
573.628 169.011 0.660 3837
573.628 169.130 0.660 3837
573.588 169.290 0.659 3853
573.588 169.369 0.659 3869
573.548 169.489 0.659 3869
573.548 169.568 0.660 3869
573.548 169.688 0.659 3886
573.508 169.807 0.659 3886
573.508 169.887 0.660 3902
573.467 169.966 0.659 3902
573.467 170.046 0.659 3902
573.467 170.126 0.660 3918
573.427 170.245 0.660 3934
573.387 170.325 0.659 3934
573.387 170.444 0.660 3934
573.307 170.564 0.659 3950
573.307 170.683 0.659 3950
573.267 170.802 0.660 3950
573.267 170.922 0.660 3966
573.227 171.041 0.660 3982
573.187 171.161 0.660 3982
573.147 171.280 0.661 3982
573.147 171.439 0.660 3998
573.147 171.559 0.660 4014
573.107 171.638 0.660 4014
573.107 171.758 0.660 4014
573.107 171.877 0.659 4030
573.107 171.957 0.660 4030
573.107 172.076 0.660 4031
573.067 172.196 0.660 4046
573.067 172.315 0.660 4062
573.067 172.395 0.661 4063
573.027 172.514 0.660 4064
573.027 172.594 0.662 4078
572.987 172.673 0.661 4079
572.987 172.793 0.661 4094
572.947 172.872 0.662 4094
572.947 172.952 0.662 4094
572.906 173.072 0.663 4110
572.906 173.151 0.663 4126
572.866 173.271 0.663 4126
572.866 173.390 0.663 4127
572.866 173.509 0.664 4142
572.826 173.629 0.664 4142
572.826 173.788 0.665 4143
572.826 173.868 0.665 4158
572.826 173.987 0.664 4174
572.826 174.067 0.665 4174
572.826 174.186 0.666 4175
572.826 174.266 0.666 4190
572.826 174.345 0.668 4190
572.826 174.465 0.667 4206
572.786 174.584 0.668 4206
572.786 174.664 0.669 4206
572.786 174.783 0.670 4223
572.786 174.863 0.670 4239
572.746 174.982 0.670 4239
572.746 175.062 0.671 4239
572.746 175.142 0.671 4255
572.746 175.261 0.672 4271
572.746 175.341 0.672 4271
572.746 175.420 0.673 4271
572.746 175.540 0.673 4287
572.706 175.619 0.673 4287
572.706 175.739 0.674 4287
572.706 175.818 0.674 4303
572.706 175.938 0.674 4303
572.706 176.057 0.674 4320
572.706 176.137 0.674 4320
572.706 176.216 0.675 4336
572.706 176.336 0.675 4336
572.706 176.415 0.675 4352
572.706 176.535 0.675 4352
572.706 176.614 0.676 4352
572.706 176.694 0.677 4368
572.706 176.814 0.677 4368
572.706 176.893 0.677 4384
572.706 177.013 0.677 4384
572.706 177.092 0.678 4400
572.706 177.172 0.678 4400
572.706 177.251 0.678 4400
572.706 177.371 0.679 4416
572.706 177.450 0.680 4432
572.706 177.530 0.682 4432
572.706 177.649 0.683 4432
572.706 177.729 0.682 4449
572.746 177.849 0.683 4449
572.786 177.928 0.683 4449
572.826 178.008 0.683 4465
572.866 178.087 0.684 4481
572.866 178.247 0.684 4481
572.947 178.326 0.684 4481
572.987 178.406 0.684 4497
573.027 178.485 0.684 4513
573.067 178.565 0.685 4513
573.107 178.645 0.686 4513
573.147 178.724 0.686 4529
573.147 178.844 0.686 4529
573.187 178.923 0.687 4529
573.227 179.043 0.687 4545
573.267 179.122 0.687 4561
573.307 179.202 0.688 4561
573.347 179.282 0.689 4562
573.387 179.361 0.688 4577
573.427 179.441 0.689 4577
573.467 179.520 0.689 4593
573.508 179.600 0.689 4593
573.548 179.640 0.689 4594
573.628 179.759 0.689 4609
573.668 179.839 0.689 4609
573.708 179.919 0.691 4625
573.788 179.998 0.690 4625
573.828 180.078 0.691 4641
573.908 180.157 0.691 4641
573.988 180.237 0.691 4642
574.068 180.317 0.691 4657
574.109 180.436 0.691 4673
574.189 180.476 0.691 4673
574.229 180.555 0.691 4673
574.309 180.595 0.691 4689
574.349 180.635 0.691 4689
574.429 180.715 0.691 4705
574.469 180.755 0.692 4705
574.509 180.794 0.692 4705
574.549 180.874 0.693 4722
574.589 180.954 0.693 4738
574.669 180.993 0.694 4738
574.710 181.073 0.694 4738
574.750 181.153 0.694 4754
574.830 181.192 0.695 4754
574.870 181.272 0.695 4770
574.910 181.312 0.695 4770
574.950 181.391 0.696 4786
574.990 181.431 0.696 4786
575.030 181.471 0.696 4786
575.110 181.551 0.696 4802
575.150 181.630 0.696 4802
575.190 181.710 0.696 4818
575.230 181.790 0.697 4818
575.270 181.829 0.696 4834
575.351 181.909 0.697 4834
575.391 181.989 0.697 4850
575.471 182.068 0.697 4850
575.551 182.148 0.697 4850
575.591 182.227 0.697 4866
575.671 182.307 0.697 4866
575.711 182.387 0.698 4882
575.791 182.466 0.697 4882
575.871 182.506 0.698 4898
575.952 182.586 0.698 4898
576.032 182.705 0.698 4898
576.072 182.785 0.698 4915
576.152 182.864 0.698 4915
576.232 182.904 0.698 4931
576.352 183.024 0.698 4931
576.392 183.103 0.698 4947
576.472 183.143 0.698 4947
576.553 183.223 0.698 4963
576.633 183.302 0.698 4963
576.713 183.342 0.698 4964
576.753 183.382 0.698 4979
576.793 183.422 0.698 4979
576.913 183.461 0.698 4995
576.993 183.461 0.697 4995
577.073 183.501 0.698 5011
577.114 183.581 0.698 5011
577.194 183.621 0.698 5012
577.234 183.660 0.698 5027
577.354 183.700 0.698 5043
577.394 183.740 0.698 5043
577.514 183.780 0.698 5043
577.594 183.820 0.698 5059
577.674 183.820 0.698 5059
577.755 183.860 0.698 5075
577.875 183.899 0.698 5075
577.955 183.939 0.698 5091
578.035 183.979 0.698 5091
578.155 184.019 0.698 5091
578.235 184.059 0.698 5107
578.315 184.098 0.698 5107
578.396 184.138 0.699 5123
578.436 184.178 0.699 5123
578.556 184.218 0.698 5139
578.596 184.297 0.699 5139
578.676 184.297 0.698 5155
578.756 184.337 0.699 5155
578.796 184.377 0.699 5155
578.917 184.377 0.698 5171
578.957 184.417 0.698 5171
579.037 184.417 0.698 5171
579.117 184.457 0.699 5188
579.157 184.457 0.700 5204
579.237 184.497 0.699 5204
579.277 184.536 0.699 5204
579.357 184.576 0.700 5220
579.437 184.616 0.700 5236
579.518 184.616 0.700 5236
579.598 184.696 0.701 5236
579.678 184.696 0.700 5252
579.758 184.735 0.701 5252
579.838 184.775 0.701 5252
579.918 184.775 0.700 5268
579.998 184.775 0.701 5268
580.078 184.855 0.701 5284
580.199 184.855 0.700 5284
580.279 184.855 0.701 5300
580.359 184.855 0.701 5300
580.439 184.895 0.701 5316
580.519 184.895 0.701 5316
580.599 184.934 0.701 5316
580.679 184.934 0.701 5332
580.800 184.974 0.702 5348
580.880 184.974 0.701 5348
580.960 185.014 0.702 5348
581.040 185.014 0.702 5364
581.160 185.054 0.702 5364
581.240 185.054 0.702 5380
581.321 185.094 0.702 5380
581.401 185.094 0.702 5380
581.481 185.133 0.702 5396
581.561 185.133 0.702 5396
581.681 185.133 0.702 5413
581.761 185.173 0.702 5413
581.881 185.173 0.702 5429
582.002 185.173 0.702 5429
582.122 185.173 0.702 5429
582.242 185.173 0.702 5445
582.362 185.173 0.703 5461
582.482 185.173 0.704 5461
582.643 185.173 0.704 5462
582.763 185.173 0.705 5477
582.883 185.173 0.705 5477
582.963 185.173 0.706 5478
583.083 185.173 0.707 5493
583.204 185.173 0.708 5509
583.284 185.173 0.708 5509
583.404 185.173 0.709 5509
583.484 185.173 0.709 5525
583.604 185.173 0.710 5541
583.685 185.173 0.710 5541
583.765 185.173 0.711 5541
583.885 185.173 0.711 5557
584.005 185.173 0.712 5557
584.085 185.173 0.712 5557
584.205 185.173 0.713 5573
584.326 185.173 0.713 5589
584.486 185.133 0.713 5589
584.566 185.133 0.713 5589
584.646 185.094 0.714 5605
584.766 185.094 0.714 5605
584.886 185.094 0.715 5621
584.967 185.054 0.714 5621
585.087 185.054 0.714 5637
585.207 185.014 0.715 5637
585.287 185.014 0.715 5653
585.407 184.974 0.715 5653
585.487 184.974 0.715 5653
585.608 184.934 0.715 5669
585.688 184.895 0.715 5669
585.808 184.895 0.716 5669
585.888 184.815 0.715 5685
586.008 184.775 0.715 5701
586.129 184.696 0.716 5701
586.209 184.616 0.716 5701
586.329 184.576 0.716 5717
586.449 184.497 0.717 5733
586.609 184.417 0.717 5733
586.730 184.337 0.717 5733
586.850 184.258 0.717 5750
586.970 184.178 0.717 5750
587.090 184.098 0.717 5750
587.210 184.019 0.717 5767
587.290 183.939 0.717 5783
587.411 183.899 0.717 5783
587.571 183.820 0.717 5783
587.651 183.780 0.717 5799
587.771 183.700 0.717 5799
587.851 183.660 0.717 5815
587.972 183.581 0.717 5815
588.052 183.541 0.717 5831
588.132 183.461 0.717 5831
588.252 183.382 0.718 5831
588.332 183.302 0.718 5847
588.452 183.223 0.717 5847
588.573 183.103 0.718 5863
588.653 183.024 0.718 5863
588.773 182.944 0.718 5863
588.853 182.864 0.718 5879
588.973 182.785 0.718 5895
589.053 182.705 0.718 5895
589.134 182.626 0.718 5895
589.214 182.546 0.719 5911
589.294 182.506 0.718 5911
589.374 182.387 0.719 5911
589.494 182.347 0.719 5927
589.614 182.267 0.719 5943
589.735 182.188 0.719 5943
589.855 182.068 0.718 5943
589.935 181.949 0.719 5959
590.055 181.869 0.719 5975
590.135 181.750 0.719 5975
590.215 181.630 0.719 5975
590.296 181.511 0.720 5991
590.416 181.391 0.719 5991
590.536 181.312 0.720 6007
590.616 181.232 0.719 6007
590.656 181.153 0.719 6007
590.736 181.073 0.720 6023
590.816 180.993 0.719 6023
590.896 180.914 0.720 6039
590.977 180.874 0.719 6039
591.097 180.755 0.719 6056
591.177 180.675 0.719 6056
591.257 180.555 0.719 6056
591.377 180.476 0.719 6072
591.457 180.356 0.720 6088
591.538 180.237 0.720 6088
591.658 180.078 0.721 6088
591.778 179.958 0.721 6104
591.858 179.879 0.720 6104
591.978 179.759 0.720 6104
592.058 179.680 0.721 6120
592.139 179.600 0.721 6136
592.219 179.481 0.721 6136
592.299 179.401 0.721 6136
592.379 179.321 0.721 6152
592.459 179.242 0.720 6152
592.539 179.162 0.720 6168
592.619 179.043 0.721 6168
592.700 178.963 0.721 6184
592.820 178.844 0.721 6184
592.860 178.724 0.721 6200
592.940 178.645 0.721 6200
593.020 178.525 0.721 6200
593.060 178.446 0.721 6216
593.180 178.326 0.721 6216
593.220 178.247 0.721 6216
593.301 178.167 0.721 6232
593.341 178.048 0.721 6248
593.421 177.928 0.721 6248
593.501 177.809 0.721 6248
593.581 177.689 0.721 6265
593.661 177.610 0.720 6281
593.701 177.450 0.722 6281
593.781 177.371 0.721 6281
593.861 177.251 0.721 6297
593.942 177.132 0.722 6297
594.022 177.013 0.722 6297
594.102 176.893 0.722 6313
594.182 176.774 0.721 6329
594.262 176.654 0.722 6329
594.342 176.535 0.722 6330
594.422 176.415 0.722 6345
594.503 176.296 0.722 6345
594.583 176.216 0.722 6361
594.663 176.097 0.722 6361
594.743 175.978 0.721 6377
594.783 175.858 0.721 6377
594.823 175.778 0.722 6378
594.903 175.659 0.722 6393
594.983 175.500 0.722 6393
595.023 175.380 0.722 6409
595.063 175.261 0.722 6409
595.144 175.142 0.722 6410
595.224 174.982 0.722 6425
595.304 174.823 0.722 6441
595.344 174.704 0.722 6441
595.424 174.544 0.722 6442
595.464 174.425 0.722 6457
595.544 174.306 0.722 6457
595.624 174.146 0.722 6458
595.664 174.027 0.723 6473
595.705 173.907 0.722 6489
595.785 173.788 0.722 6489
595.825 173.669 0.723 6490
595.865 173.549 0.722 6505
595.945 173.430 0.722 6521
596.025 173.310 0.723 6521
596.065 173.191 0.722 6521
596.145 173.111 0.723 6537
596.185 173.032 0.723 6537
596.265 172.912 0.722 6553
596.346 172.793 0.722 6553
596.386 172.713 0.723 6553
596.466 172.554 0.722 6570
596.506 172.435 0.723 6570
596.586 172.315 0.723 6586
596.626 172.196 0.722 6586
596.666 172.036 0.723 6602
596.746 171.957 0.723 6602
596.786 171.837 0.722 6602
596.826 171.758 0.723 6618
596.906 171.638 0.723 6634
596.947 171.519 0.723 6634
596.987 171.400 0.723 6634
597.067 171.280 0.723 6650
597.147 171.121 0.723 6666
597.187 170.962 0.723 6666
597.227 170.802 0.723 6666
597.307 170.683 0.723 6682
597.387 170.524 0.723 6682
597.427 170.444 0.723 6682
597.467 170.325 0.723 6698
597.548 170.205 0.723 6714
597.548 170.126 0.723 6714
597.628 170.006 0.723 6714
597.668 169.927 0.723 6730
597.708 169.807 0.723 6730
597.788 169.728 0.723 6746
597.788 169.608 0.723 6746
597.868 169.529 0.723 6746
597.908 169.409 0.723 6762
597.948 169.290 0.723 6762
597.988 169.170 0.723 6778
598.028 169.091 0.723 6778
598.068 168.971 0.723 6794
598.109 168.892 0.723 6794
598.149 168.772 0.723 6794
598.189 168.693 0.723 6811
598.229 168.613 0.723 6827
598.309 168.573 0.723 6827
598.349 168.454 0.723 6828
598.389 168.374 0.723 6843
598.429 168.255 0.723 6843
598.509 168.135 0.723 6844
598.549 168.016 0.723 6859
598.629 167.857 0.723 6875
598.629 167.737 0.723 6875
598.709 167.658 0.723 6876
598.750 167.538 0.723 6891
598.790 167.419 0.723 6891
598.870 167.299 0.723 6907
598.910 167.180 0.723 6907
598.950 167.060 0.723 6907
599.030 166.941 0.723 6923
599.070 166.782 0.723 6939
599.150 166.662 0.723 6939
599.190 166.463 0.723 6939
599.230 166.304 0.723 6955
599.310 166.145 0.723 6955
599.351 166.025 0.723 6955
599.391 165.906 0.723 6971
599.471 165.787 0.723 6987
599.551 165.707 0.723 6987
599.591 165.627 0.723 6987
599.631 165.548 0.723 7003
599.711 165.468 0.723 7019
599.751 165.388 0.723 7019
599.791 165.309 0.723 7019
599.831 165.189 0.723 7035
599.871 165.070 0.723 7035
599.992 164.990 0.723 7051
600.032 164.871 0.723 7051
600.112 164.752 0.723 7051
600.152 164.632 0.723 7068
600.232 164.513 0.723 7068
600.272 164.433 0.723 7068
600.352 164.234 0.723 7084
600.352 164.115 0.723 7100
600.432 163.995 0.723 7100
600.472 163.876 0.723 7100
600.513 163.756 0.723 7116
600.553 163.637 0.723 7132
600.593 163.518 0.723 7132
600.633 163.438 0.723 7132
600.673 163.318 0.723 7148
600.753 163.199 0.723 7148
600.833 163.080 0.723 7148
600.873 162.960 0.723 7164
600.953 162.841 0.723 7181
601.033 162.721 0.723 7181
601.114 162.602 0.723 7181
601.154 162.482 0.724 7197
601.234 162.363 0.723 7197
601.314 162.283 0.723 7213
601.394 162.164 0.723 7213
601.434 162.005 0.723 7213
601.514 161.885 0.724 7229
601.594 161.766 0.723 7245
601.634 161.647 0.723 7245
601.715 161.527 0.723 7245
601.795 161.408 0.723 7262
601.835 161.288 0.723 7262
601.875 161.169 0.723 7262
601.955 161.049 0.723 7278
601.995 160.930 0.723 7294
602.035 160.811 0.723 7294
602.115 160.691 0.724 7295
602.155 160.572 0.724 7310
602.195 160.452 0.724 7326
602.276 160.333 0.724 7326
602.316 160.213 0.724 7327
602.396 160.094 0.724 7342
602.436 159.975 0.724 7342
602.516 159.855 0.724 7344
602.556 159.696 0.724 7358
602.636 159.576 0.724 7358
602.676 159.457 0.724 7374
602.716 159.338 0.724 7374
602.756 159.218 0.724 7390
602.796 159.139 0.725 7390
602.836 159.019 0.725 7406
602.876 158.940 0.724 7406
602.917 158.860 0.725 7406
602.917 158.780 0.725 7422
602.957 158.741 0.724 7439
602.997 158.661 0.725 7439
602.997 158.581 0.725 7439
603.037 158.502 0.725 7455
603.077 158.382 0.725 7455
603.117 158.303 0.725 7455
603.197 158.183 0.725 7471
603.237 158.064 0.725 7487
603.317 157.944 0.726 7487
603.357 157.785 0.726 7487
603.397 157.666 0.727 7503
603.437 157.506 0.727 7503
603.437 157.347 0.728 7519
603.477 157.268 0.729 7519
603.518 157.148 0.730 7535
603.558 157.069 0.731 7535
603.598 156.949 0.731 7535
603.678 156.870 0.731 7552
603.718 156.790 0.732 7552
603.798 156.671 0.733 7568
603.838 156.551 0.733 7568
603.878 156.432 0.734 7568
603.958 156.312 0.734 7584
603.998 156.193 0.734 7600
604.038 156.034 0.735 7600
604.078 155.914 0.736 7601
604.119 155.755 0.736 7616
604.199 155.635 0.736 7632
604.239 155.476 0.736 7632
604.279 155.357 0.737 7633
604.399 155.198 0.737 7648
604.439 155.078 0.737 7648
604.479 154.959 0.737 7649
604.519 154.839 0.738 7664
604.599 154.720 0.738 7664
604.639 154.600 0.738 7680
604.680 154.481 0.738 7680
604.720 154.362 0.738 7681
604.760 154.282 0.739 7696
604.800 154.163 0.739 7712
604.800 154.043 0.739 7712
604.880 153.884 0.740 7712
604.920 153.764 0.740 7728
604.960 153.605 0.741 7744
605.000 153.446 0.741 7744
605.040 153.287 0.741 7744
605.080 153.128 0.741 7760
605.120 152.968 0.742 7760
605.160 152.809 0.742 7760
605.200 152.650 0.742 7776
605.280 152.530 0.743 7776
605.321 152.411 0.743 7793
605.401 152.252 0.743 7793
605.441 152.093 0.743 7809
605.481 151.973 0.744 7809
605.561 151.814 0.744 7825
605.601 151.655 0.745 7825
605.681 151.495 0.745 7825
605.681 151.336 0.745 7841
605.721 151.177 0.745 7841
605.761 151.018 0.746 7857
605.801 150.858 0.746 7857
605.841 150.659 0.746 7873
605.881 150.500 0.747 7873
605.922 150.341 0.747 7873
605.962 150.182 0.747 7889
606.002 150.022 0.747 7905
606.042 149.903 0.747 7905
606.082 149.744 0.747 7905
606.122 149.624 0.747 7921
606.162 149.505 0.747 7921
606.282 149.346 0.747 7921
606.322 149.186 0.748 7937
606.402 149.067 0.748 7953
606.442 148.908 0.748 7953
606.482 148.749 0.748 7953
606.523 148.589 0.747 7969
606.603 148.390 0.748 7985
606.643 148.231 0.748 7985
606.683 148.112 0.748 7985
606.723 147.952 0.748 8001
606.763 147.793 0.749 8001
606.803 147.634 0.748 8017
606.843 147.515 0.749 8017
606.883 147.395 0.749 8017
606.923 147.276 0.748 8033
606.963 147.156 0.749 8033
607.003 147.037 0.749 8050
607.043 146.917 0.749 8050
607.083 146.798 0.749 8066
607.124 146.639 0.748 8066
607.164 146.519 0.749 8066
607.244 146.360 0.749 8082
607.284 146.201 0.749 8098
607.324 146.081 0.749 8098
607.364 145.962 0.750 8098
607.404 145.843 0.749 8114
607.444 145.763 0.750 8114
607.484 145.644 0.749 8130
607.484 145.524 0.748 8130
607.524 145.445 0.749 8146
607.564 145.325 0.749 8146
607.604 145.246 0.749 8146
607.644 145.126 0.748 8162
607.684 145.007 0.748 8162
607.725 144.887 0.748 8178
607.765 144.768 0.750 8178
607.805 144.648 0.750 8178
607.805 144.529 0.750 8194
607.845 144.409 0.750 8210
607.885 144.290 0.750 8210
607.965 144.171 0.750 8210
607.965 144.011 0.749 8226
608.005 143.892 0.750 8242
608.045 143.773 0.750 8242
608.085 143.653 0.750 8242
608.165 143.494 0.750 8258
608.205 143.375 0.749 8258
608.245 143.255 0.750 8258
608.285 143.096 0.750 8274
608.326 142.976 0.750 8274
608.366 142.817 0.750 8291
608.406 142.698 0.750 8291
608.446 142.578 0.750 8307
608.486 142.459 0.750 8307
608.526 142.379 0.750 8323
608.526 142.260 0.750 8323
608.566 142.180 0.750 8323
608.606 142.061 0.750 8339
608.646 141.941 0.750 8355
608.686 141.782 0.750 8355
608.726 141.663 0.750 8355
608.766 141.543 0.750 8371
608.806 141.424 0.750 8371
608.846 141.304 0.750 8371
608.886 141.145 0.750 8387
608.927 141.026 0.750 8403
609.007 140.867 0.750 8403
609.047 140.747 0.749 8403
609.087 140.588 0.749 8419
609.127 140.468 0.750 8435
609.167 140.349 0.750 8435
609.207 140.230 0.750 8435
609.247 140.150 0.750 8451
609.287 140.031 0.749 8451
609.287 139.911 0.751 8451
609.367 139.792 0.750 8467
609.367 139.672 0.749 8467
609.407 139.473 0.751 8484
609.447 139.354 0.751 8484
609.487 139.195 0.751 8500
609.528 139.075 0.751 8500
609.568 138.956 0.750 8516
609.608 138.836 0.751 8516
609.648 138.717 0.751 8516
609.648 138.637 0.750 8532
609.688 138.518 0.751 8532
609.728 138.398 0.751 8548
609.808 138.279 0.750 8548
609.848 138.160 0.751 8564
609.888 138.040 0.750 8564
609.928 137.881 0.750 8564
609.968 137.762 0.750 8580
610.048 137.602 0.751 8596
610.089 137.483 0.751 8596
610.129 137.363 0.751 8596
610.169 137.164 0.750 8612
610.249 137.005 0.750 8612
610.289 136.886 0.751 8612
610.289 136.766 0.750 8629
610.369 136.647 0.750 8645
610.369 136.527 0.751 8645
610.409 136.408 0.750 8645
610.449 136.289 0.750 8661
610.489 136.169 0.751 8677
610.529 136.050 0.750 8677
610.569 135.930 0.751 8678
610.609 135.771 0.750 8693
610.649 135.652 0.751 8693
610.689 135.532 0.750 8694
610.770 135.413 0.751 8709
610.810 135.254 0.750 8725
610.850 135.134 0.751 8725
610.890 134.935 0.751 8726
610.930 134.816 0.751 8741
611.010 134.696 0.751 8741
611.050 134.537 0.750 8757
611.090 134.418 0.751 8757
611.130 134.258 0.750 8773
611.210 134.139 0.751 8773
611.250 133.980 0.751 8774
611.291 133.860 0.751 8789
611.331 133.741 0.752 8789
611.371 133.621 0.751 8805
611.451 133.462 0.752 8805
611.491 133.343 0.752 8805
611.531 133.223 0.752 8821
611.531 133.104 0.751 8837
611.571 132.984 0.752 8837
611.611 132.825 0.751 8837
611.691 132.706 0.751 8853
611.731 132.586 0.751 8853
611.771 132.467 0.752 8853
611.851 132.348 0.752 8869
611.891 132.188 0.752 8885
611.972 132.069 0.751 8885
612.052 131.870 0.752 8885
612.092 131.711 0.751 8901
612.132 131.551 0.752 8918
612.172 131.392 0.751 8918
612.252 131.273 0.751 8918
612.252 131.113 0.751 8934
612.332 130.994 0.751 8934
612.372 130.875 0.752 8935
612.412 130.715 0.751 8950
612.452 130.556 0.751 8966
612.492 130.437 0.751 8966
612.533 130.317 0.752 8966
612.573 130.198 0.751 8982
612.613 130.079 0.751 8982
612.653 129.959 0.751 8998
612.733 129.840 0.751 8998
612.773 129.720 0.751 8998
612.813 129.601 0.751 9015
612.853 129.481 0.752 9015
612.893 129.322 0.751 9031
612.933 129.203 0.751 9031
612.973 129.083 0.751 9047
613.013 128.964 0.751 9047
613.053 128.844 0.751 9047
613.093 128.725 0.751 9063
613.134 128.645 0.751 9079
613.174 128.526 0.751 9079
613.214 128.446 0.751 9079
613.254 128.327 0.752 9096
613.294 128.208 0.752 9096
613.334 128.088 0.752 9112
613.374 128.008 0.752 9112
613.414 127.889 0.752 9128
613.414 127.770 0.752 9128
613.454 127.690 0.753 9128
613.494 127.571 0.753 9144
613.494 127.451 0.753 9144
613.534 127.332 0.753 9160
613.574 127.212 0.754 9160
613.614 127.093 0.753 9177
613.654 126.973 0.754 9177
613.695 126.854 0.755 9193
613.735 126.735 0.754 9193
613.775 126.575 0.756 9193
613.815 126.456 0.755 9209
613.815 126.337 0.757 9209
613.895 126.137 0.757 9209
613.895 126.018 0.756 9225
613.935 125.899 0.758 9241
613.975 125.779 0.758 9241
614.015 125.620 0.758 9242
614.055 125.540 0.758 9257
614.055 125.421 0.759 9273
614.095 125.302 0.759 9273
614.135 125.182 0.761 9274
614.175 125.023 0.761 9289
614.175 124.903 0.761 9289
614.215 124.744 0.763 9290
614.255 124.585 0.763 9305
614.255 124.466 0.763 9321
614.295 124.306 0.764 9321
614.295 124.187 0.764 9322
614.295 124.067 0.765 9337
614.336 123.868 0.765 9337
614.336 123.749 0.766 9353
614.376 123.590 0.766 9353
614.376 123.470 0.767 9354
614.376 123.311 0.767 9369
614.416 123.192 0.768 9386
614.416 123.032 0.768 9386
614.456 122.913 0.769 9386
614.456 122.754 0.770 9402
614.456 122.634 0.770 9402
614.456 122.555 0.770 9402
614.456 122.435 0.771 9418
614.456 122.356 0.772 9434
614.456 122.276 0.771 9434
614.496 122.157 0.773 9434
614.496 122.077 0.772 9450
614.496 121.997 0.772 9450
614.536 121.918 0.773 9466
614.536 121.798 0.773 9466
614.536 121.679 0.774 9482
614.536 121.599 0.774 9482
614.536 121.520 0.775 9498
614.536 121.400 0.775 9498
614.536 121.321 0.776 9498
614.536 121.201 0.777 9514
614.536 121.122 0.777 9514
614.536 121.042 0.778 9514
614.536 120.962 0.779 9531
614.536 120.843 0.780 9547
614.536 120.763 0.782 9547
614.536 120.684 0.783 9547
614.536 120.604 0.784 9563
614.536 120.525 0.785 9579
614.536 120.445 0.787 9579
614.536 120.365 0.788 9579
614.536 120.286 0.789 9595
614.536 120.206 0.791 9595
614.536 120.126 0.791 9595
614.536 120.047 0.791 9611
614.536 119.967 0.793 9628
614.536 119.927 0.793 9628
614.536 119.848 0.794 9628
614.536 119.808 0.795 9644
614.536 119.728 0.795 9660
614.536 119.689 0.796 9660
614.496 119.609 0.796 9660
614.496 119.529 0.797 9676
614.496 119.410 0.797 9676
614.456 119.330 0.798 9676
614.416 119.211 0.797 9692
614.376 119.131 0.797 9692
614.336 119.012 0.798 9708
614.255 118.892 0.797 9708
614.215 118.733 0.798 9724
614.135 118.614 0.799 9724
614.095 118.494 0.799 9741
614.015 118.375 0.799 9741
613.975 118.255 0.799 9741
613.935 118.136 0.799 9757
613.855 118.056 0.800 9757
613.815 117.937 0.799 9773
613.735 117.818 0.800 9773
613.695 117.738 0.800 9789
613.654 117.658 0.800 9789
613.574 117.579 0.800 9789
613.534 117.499 0.801 9805
613.454 117.419 0.801 9821
613.374 117.340 0.802 9821
613.334 117.220 0.803 9821
613.254 117.181 0.803 9838
613.174 117.101 0.804 9838
613.093 116.982 0.804 9838
613.013 116.902 0.804 9854
612.893 116.822 0.805 9870
612.813 116.743 0.805 9870
612.693 116.663 0.807 9870
612.573 116.583 0.807 9886
612.452 116.504 0.807 9902
612.332 116.424 0.808 9902
612.212 116.345 0.808 9902
612.092 116.225 0.810 9918
611.972 116.185 0.810 9918
611.851 116.106 0.811 9918
611.731 116.026 0.812 9934
611.611 115.986 0.813 9934
611.491 115.947 0.813 9951
611.371 115.907 0.814 9951
611.250 115.867 0.814 9951
611.130 115.827 0.814 9967
611.050 115.787 0.814 9983
610.850 115.748 0.813 9983
610.730 115.668 0.814 9983
610.609 115.628 0.813 10000
610.489 115.588 0.815 10000
610.329 115.548 0.815 10000
610.209 115.509 0.814 10016
610.129 115.509 0.815 10032
610.008 115.469 0.813 10032
609.888 115.469 0.813 10032
609.768 115.469 0.814 10048
609.688 115.469 0.814 10065
609.528 115.469 0.813 10065
609.407 115.469 0.814 10065
609.287 115.469 0.814 10081
609.167 115.469 0.814 10081
609.007 115.469 0.814 10081
608.846 115.469 0.814 10097
608.766 115.469 0.814 10113
608.646 115.509 0.813 10113
608.526 115.548 0.813 10113
608.446 115.628 0.813 10129
608.366 115.668 0.812 10129
608.245 115.787 0.813 10145
608.125 115.867 0.812 10145
608.045 115.947 0.812 10145
607.965 116.066 0.812 10161
607.885 116.185 0.812 10161
607.805 116.265 0.812 10177
607.765 116.384 0.812 10177
607.644 116.504 0.812 10193
607.524 116.623 0.812 10193
607.484 116.703 0.811 10193
607.404 116.822 0.811 10209
607.324 116.942 0.811 10225
607.244 117.021 0.811 10225
607.204 117.141 0.811 10225
607.124 117.220 0.812 10241
607.043 117.340 0.812 10241
607.003 117.459 0.812 10241
606.923 117.579 0.812 10257
606.883 117.698 0.811 10274
606.803 117.857 0.811 10274
606.723 117.977 0.810 10274
606.683 118.136 0.811 10290
606.603 118.295 0.810 10290
606.563 118.454 0.811 10306
606.482 118.614 0.810 10306
606.442 118.813 0.810 10322
606.362 118.972 0.810 10322
606.322 119.131 0.810 10338
606.242 119.290 0.810 10338
606.202 119.489 0.810 10338
606.162 119.689 0.810 10354
606.122 119.888 0.810 10370
606.082 120.087 0.810 10370
606.042 120.286 0.809 10370
606.042 120.445 0.809 10386
606.042 120.644 0.808 10386
606.002 120.843 0.808 10386
606.002 121.042 0.808 10402
606.002 121.201 0.808 10418
606.002 121.400 0.808 10418
606.002 121.560 0.808 10418
606.002 121.759 0.808 10434
606.002 121.958 0.808 10434
606.002 122.117 0.808 10450
606.002 122.316 0.808 10450
606.002 122.475 0.808 10450
606.002 122.674 0.808 10466
606.002 122.833 0.807 10482
605.962 123.072 0.808 10482
605.962 123.271 0.808 10482
605.962 123.470 0.808 10499
605.962 123.630 0.808 10499
605.962 123.829 0.807 10499
605.962 124.028 0.807 10515
605.962 124.227 0.807 10531
605.962 124.426 0.807 10531
606.002 124.625 0.807 10531
606.042 124.784 0.807 10547
606.122 124.983 0.806 10563
606.162 125.142 0.807 10563
606.242 125.302 0.806 10563
606.322 125.501 0.806 10579
606.402 125.660 0.806 10579
606.523 125.859 0.806 10579
606.603 126.018 0.806 10595
606.763 126.297 0.806 10611
606.883 126.456 0.805 10611
607.003 126.655 0.806 10611
607.124 126.854 0.806 10627
607.244 127.053 0.805 10627
607.364 127.212 0.806 10643
607.444 127.372 0.805 10643
607.564 127.571 0.806 10643
607.684 127.690 0.806 10659
607.805 127.849 0.806 10659
607.925 128.008 0.806 10675
608.005 128.128 0.806 10675
608.165 128.247 0.806 10691
608.285 128.367 0.806 10691
608.406 128.566 0.806 10691
608.526 128.685 0.805 10707
608.686 128.805 0.805 10724
608.806 128.964 0.806 10724
608.927 129.123 0.806 10724
609.087 129.242 0.805 10740
609.247 129.402 0.805 10741
609.407 129.521 0.806 10764
609.568 129.601 0.805 10764
609.728 129.720 0.806 10780
609.888 129.800 0.806 10780
610.089 129.879 0.806 10780
610.249 129.959 0.805 10796
610.449 130.079 0.806 10796
610.609 130.158 0.806 10796
610.810 130.238 0.806 10812
610.970 130.278 0.806 10812
611.170 130.357 0.806 10828
611.331 130.437 0.807 10828
611.611 130.477 0.806 10828
611.771 130.556 0.806 10844
612.012 130.596 0.806 10844
612.212 130.676 0.806 10861
612.412 130.715 0.806 10861
612.613 130.755 0.806 10877
612.813 130.795 0.806 10877
613.013 130.835 0.806 10877
613.174 130.875 0.806 10893
613.374 130.914 0.806 10909
613.574 130.914 0.807 10909
613.735 130.954 0.806 10909
613.975 130.954 0.807 10925
614.175 130.994 0.806 10925
614.376 130.994 0.806 10925
614.576 130.994 0.807 10941
614.816 130.994 0.807 10957
615.017 130.994 0.807 10957
615.257 130.994 0.807 10957
615.417 130.994 0.807 10974
615.618 130.994 0.808 10990
615.818 130.994 0.807 10990
616.018 130.994 0.807 10990
616.259 130.994 0.808 11006
616.459 130.994 0.808 11006
616.700 130.994 0.808 11006
616.940 130.914 0.808 11022
617.180 130.875 0.808 11039
617.461 130.795 0.808 11039
617.661 130.755 0.809 11039
617.942 130.676 0.808 11055
618.142 130.636 0.809 11055
618.382 130.636 0.809 11071
618.623 130.596 0.809 11071
618.863 130.556 0.809 11071
619.063 130.477 0.809 11087
619.304 130.437 0.809 11087
619.544 130.397 0.809 11103
619.785 130.317 0.809 11103
620.025 130.278 0.809 11119
620.265 130.198 0.809 11119
620.506 130.158 0.809 11119
620.786 130.118 0.810 11135
620.987 130.039 0.810 11152
621.227 129.959 0.810 11152
621.467 129.879 0.810 11152
621.708 129.800 0.810 11168
622.028 129.760 0.810 11168
622.229 129.680 0.810 11168
622.509 129.641 0.810 11184
622.750 129.561 0.810 11184
622.990 129.521 0.811 11200
623.230 129.442 0.811 11200
623.471 129.362 0.810 11216
623.711 129.282 0.811 11216
623.911 129.163 0.810 11232
624.152 129.083 0.811 11232
624.352 129.004 0.811 11232
624.593 128.884 0.811 11248
624.793 128.765 0.811 11264
625.033 128.685 0.811 11264
625.274 128.566 0.811 11264
625.474 128.446 0.812 11281
625.715 128.327 0.812 11281
625.915 128.168 0.811 11281
626.115 128.048 0.812 11297
626.356 127.969 0.812 11313
626.596 127.849 0.812 11313
626.796 127.730 0.812 11313
627.037 127.650 0.812 11329
627.277 127.531 0.812 11345
627.558 127.411 0.812 11345
627.758 127.252 0.812 11345
628.078 127.133 0.812 11362
628.319 126.973 0.812 11362
628.599 126.854 0.812 11362
628.840 126.695 0.812 11378
629.080 126.575 0.813 11394
629.361 126.416 0.812 11394
629.601 126.297 0.812 11394
629.801 126.137 0.812 11410
630.042 126.018 0.813 11410
630.282 125.819 0.813 11426
630.523 125.660 0.813 11426
630.763 125.540 0.813 11426
631.003 125.381 0.813 11442
631.324 125.222 0.813 11442
631.564 125.102 0.813 11458
631.805 124.943 0.814 11458
632.085 124.784 0.813 11475
632.326 124.665 0.813 11475
632.606 124.505 0.813 11475
632.846 124.346 0.812 11491
633.087 124.147 0.813 11507
633.367 123.988 0.814 11507
633.608 123.789 0.814 11507
633.888 123.590 0.814 11523
634.169 123.391 0.813 11523
634.449 123.231 0.814 11523
634.690 123.032 0.814 11539
634.890 122.873 0.813 11555
635.130 122.754 0.814 11555
635.331 122.595 0.814 11555
635.571 122.475 0.814 11571
635.771 122.356 0.813 11588
636.012 122.236 0.814 11588
636.252 122.077 0.813 11588
636.492 121.918 0.814 11604
636.693 121.759 0.813 11604
636.933 121.639 0.814 11620
637.214 121.480 0.814 11620
637.414 121.281 0.814 11620
637.614 121.122 0.814 11636
637.815 121.002 0.814 11636
638.015 120.883 0.814 11652
638.175 120.763 0.814 11652
638.376 120.644 0.815 11668
638.576 120.525 0.814 11668
638.736 120.405 0.815 11668
638.937 120.286 0.814 11684
639.137 120.126 0.814 11700
639.337 120.007 0.814 11700
639.538 119.848 0.814 11700
639.778 119.689 0.814 11716
640.018 119.489 0.814 11716
640.219 119.330 0.815 11716
640.419 119.171 0.815 11732
640.619 118.972 0.815 11749
640.820 118.853 0.815 11749
640.980 118.733 0.815 11749
641.100 118.614 0.815 11765
641.260 118.494 0.815 11781
641.381 118.415 0.815 11781
641.501 118.335 0.815 11781
641.621 118.255 0.815 11797
641.741 118.176 0.815 11797
641.821 118.096 0.815 11797
641.942 118.017 0.814 11813
642.022 117.977 0.815 11830
642.102 117.937 0.815 11830
642.182 117.857 0.816 11830
642.302 117.818 0.816 11846
642.382 117.738 0.815 11846
642.462 117.658 0.816 11862
642.583 117.539 0.816 11862
642.703 117.459 0.816 11862
642.823 117.380 0.816 11878
642.943 117.300 0.816 11878
643.063 117.181 0.816 11894
643.184 117.101 0.816 11894
643.264 117.021 0.816 11910
643.344 116.942 0.816 11910
643.424 116.822 0.816 11910
643.464 116.783 0.816 11926
643.464 116.743 0.799 11942
643.464 116.743 0.757 11942
643.464 116.743 0.689 11942
643.424 116.703 0.585 11958
643.264 116.663 0.409 11958

