% x_coordinate y_coordinate pressure time
% shape 0, 1760 points
739.319 125.683 0.062 0
739.359 125.683 0.101 16
739.359 125.683 0.124 16
739.359 125.683 0.147 16
739.359 125.683 0.166 32
739.359 125.643 0.186 32
739.359 125.683 0.200 48
739.359 125.643 0.217 48
739.399 125.643 0.236 48
739.399 125.603 0.246 64
739.399 125.603 0.255 64
739.399 125.564 0.266 80
739.399 125.564 0.275 80
739.399 125.524 0.282 96
739.399 125.484 0.285 112
739.439 125.444 0.289 112
739.479 125.365 0.295 112
739.559 125.325 0.300 128
739.599 125.245 0.306 128
739.679 125.126 0.311 128
739.800 125.046 0.315 144
739.880 124.927 0.319 144
740.000 124.887 0.326 160
740.080 124.728 0.332 160
740.200 124.568 0.339 176
740.280 124.409 0.345 176
740.401 124.250 0.350 192
740.521 124.091 0.355 192
740.601 123.971 0.361 192
740.721 123.812 0.367 209
740.761 123.653 0.370 209
740.922 123.494 0.374 209
741.002 123.295 0.377 225
741.122 123.135 0.381 241
741.282 123.016 0.383 241
741.402 122.857 0.385 241
741.523 122.697 0.387 257
741.643 122.538 0.391 273
741.803 122.419 0.393 273
741.923 122.260 0.395 273
742.043 122.100 0.396 289
742.164 121.981 0.397 289
742.284 121.861 0.399 289
742.404 121.742 0.399 305
742.484 121.622 0.400 321
742.604 121.503 0.401 321
742.685 121.384 0.402 321
742.805 121.264 0.403 337
742.965 121.145 0.405 337
743.085 120.946 0.406 353
743.245 120.826 0.408 353
743.366 120.707 0.410 353
743.486 120.588 0.411 369
743.606 120.468 0.413 385
743.726 120.309 0.413 385
743.886 120.189 0.415 385
744.007 120.070 0.416 401
744.167 119.951 0.418 401
744.247 119.871 0.419 401
744.407 119.752 0.419 417
744.528 119.672 0.420 434
744.648 119.553 0.421 434
744.768 119.473 0.422 434
744.888 119.393 0.422 450
745.008 119.314 0.424 450
745.129 119.194 0.425 466
745.249 119.115 0.426 466
745.369 119.035 0.427 466
745.489 118.955 0.428 482
745.609 118.836 0.430 498
745.730 118.756 0.433 498
745.850 118.677 0.435 498
746.010 118.557 0.437 514
746.130 118.478 0.439 530
746.250 118.398 0.441 530
746.331 118.358 0.443 530
746.451 118.279 0.444 546
746.531 118.239 0.444 546
746.651 118.199 0.445 546
746.771 118.159 0.445 562
746.891 118.119 0.445 578
746.972 118.080 0.446 578
747.092 118.000 0.446 578
747.252 117.960 0.446 594
747.372 117.881 0.446 594
747.533 117.841 0.447 610
747.653 117.761 0.447 610
747.813 117.721 0.448 610
747.933 117.642 0.449 626
748.094 117.562 0.449 642
748.254 117.522 0.450 642
748.374 117.443 0.451 642
748.534 117.403 0.451 658
748.614 117.363 0.452 658
748.694 117.323 0.453 658
748.815 117.283 0.454 674
748.935 117.204 0.454 691
749.055 117.164 0.455 691
749.215 117.124 0.456 691
749.376 117.045 0.457 707
749.536 117.005 0.458 707
749.696 116.925 0.459 723
749.816 116.885 0.460 723
749.937 116.806 0.460 739
750.137 116.766 0.461 739
750.217 116.726 0.462 739
750.377 116.686 0.462 755
750.538 116.686 0.463 755
750.658 116.646 0.463 771
750.778 116.607 0.464 771
750.898 116.607 0.464 771
751.058 116.567 0.465 787
751.139 116.567 0.466 803
751.259 116.527 0.466 803
751.419 116.527 0.466 803
751.539 116.487 0.467 819
751.659 116.487 0.467 835
751.780 116.447 0.467 835
751.940 116.447 0.468 835
752.060 116.408 0.468 851
752.220 116.408 0.468 851
752.341 116.288 0.469 851
752.501 116.209 0.469 867
752.621 116.209 0.470 883
752.741 116.209 0.470 883
752.901 116.209 0.470 883
752.982 116.209 0.470 899
753.142 116.209 0.470 899
753.262 116.209 0.471 915
753.422 116.209 0.471 915
753.583 116.209 0.471 931
753.743 116.209 0.471 931
753.903 116.209 0.471 931
754.063 116.209 0.471 947
754.224 116.169 0.473 947
754.384 116.169 0.473 963
754.504 116.169 0.473 963
754.705 116.129 0.473 979
754.825 116.129 0.473 979
754.985 116.129 0.473 995
755.105 116.129 0.474 995
755.265 116.129 0.474 995
755.386 116.129 0.474 1012
755.546 116.169 0.474 1028
755.706 116.169 0.474 1028
755.826 116.169 0.474 1028
756.027 116.169 0.474 1045
756.227 116.169 0.475 1045
756.387 116.169 0.475 1045
756.548 116.129 0.476 1061
756.668 116.129 0.476 1077
756.828 116.089 0.477 1077
756.948 116.089 0.477 1077
757.068 116.089 0.478 1093
757.149 116.089 0.479 1093
757.269 116.089 0.480 1109
757.349 116.089 0.481 1109
757.469 116.089 0.482 1125
757.589 116.129 0.484 1125
757.709 116.129 0.485 1125
757.830 116.169 0.485 1141
757.950 116.248 0.486 1141
758.070 116.288 0.486 1157
758.190 116.328 0.487 1157
758.311 116.328 0.487 1174
758.431 116.368 0.487 1174
758.511 116.368 0.488 1190
758.631 116.408 0.488 1190
758.711 116.408 0.488 1190
758.831 116.408 0.489 1206
758.911 116.408 0.489 1206
758.992 116.408 0.490 1206
759.112 116.408 0.491 1222
759.192 116.408 0.491 1238
759.312 116.408 0.492 1238
759.392 116.408 0.493 1238
759.513 116.447 0.493 1254
759.593 116.447 0.493 1270
759.673 116.487 0.494 1270
759.793 116.527 0.494 1270
759.873 116.527 0.494 1286
760.033 116.567 0.494 1286
760.114 116.607 0.495 1286
760.194 116.607 0.495 1303
760.314 116.646 0.496 1319
760.394 116.646 0.496 1319
760.474 116.646 0.497 1319
760.554 116.686 0.497 1335
760.634 116.686 0.498 1335
760.715 116.686 0.498 1351
760.795 116.686 0.499 1351
760.875 116.726 0.499 1351
760.915 116.726 0.499 1367
760.995 116.766 0.500 1383
761.035 116.766 0.500 1383
761.115 116.806 0.500 1383
761.195 116.846 0.500 1399
761.275 116.885 0.500 1399
761.356 116.925 0.501 1399
761.396 116.965 0.501 1415
761.476 116.965 0.501 1431
761.556 117.005 0.501 1431
761.636 117.045 0.502 1431
761.756 117.084 0.502 1448
761.836 117.084 0.502 1464
761.917 117.124 0.503 1464
761.997 117.164 0.503 1464
762.117 117.204 0.504 1480
762.157 117.244 0.504 1480
762.197 117.323 0.504 1480
762.237 117.363 0.505 1496
762.277 117.403 0.505 1512
762.357 117.482 0.506 1512
762.357 117.522 0.506 1512
762.437 117.562 0.507 1528
762.477 117.642 0.507 1528
762.558 117.682 0.508 1544
762.598 117.721 0.508 1544
762.678 117.761 0.508 1544
762.758 117.801 0.508 1560
762.798 117.881 0.508 1560
762.878 117.920 0.509 1576
762.918 117.960 0.509 1576
762.998 118.040 0.509 1592
762.998 118.119 0.509 1592
763.078 118.199 0.509 1592
763.119 118.239 0.510 1608
763.159 118.318 0.510 1624
763.199 118.398 0.510 1624
763.239 118.518 0.510 1624
763.279 118.597 0.511 1640
763.319 118.677 0.510 1640
763.359 118.756 0.511 1656
763.439 118.836 0.511 1656
763.479 118.916 0.511 1672
763.519 118.955 0.511 1672
763.559 118.995 0.511 1672
763.599 119.075 0.511 1688
763.639 119.154 0.511 1688
763.639 119.194 0.512 1704
763.679 119.234 0.512 1704
763.720 119.314 0.512 1720
763.760 119.393 0.512 1720
763.760 119.433 0.512 1737
763.800 119.513 0.512 1737
763.840 119.553 0.512 1737
763.880 119.632 0.512 1753
763.920 119.712 0.512 1769
763.960 119.791 0.512 1769
764.040 119.871 0.513 1769
764.040 119.951 0.513 1785
764.040 120.030 0.513 1785
764.040 120.110 0.513 1785
764.080 120.189 0.513 1802
764.080 120.269 0.513 1818
764.080 120.388 0.513 1818
764.120 120.468 0.513 1818
764.120 120.548 0.513 1834
764.200 120.627 0.513 1834
764.200 120.707 0.513 1850
764.200 120.826 0.513 1850
764.240 120.906 0.513 1850
764.240 120.986 0.513 1866
764.280 121.065 0.514 1882
764.280 121.145 0.513 1882
764.280 121.224 0.513 1882
764.280 121.344 0.514 1898
764.280 121.423 0.513 1898
764.280 121.503 0.513 1914
764.280 121.622 0.514 1914
764.280 121.702 0.514 1930
764.280 121.822 0.514 1930
764.280 121.941 0.514 1930
764.320 122.021 0.514 1946
764.320 122.100 0.514 1946
764.320 122.180 0.514 1962
764.320 122.260 0.514 1962
764.320 122.339 0.514 1962
764.320 122.379 0.514 1978
764.320 122.459 0.514 1994
764.320 122.538 0.514 1994
764.320 122.618 0.514 1994
764.361 122.737 0.514 2010
764.361 122.817 0.514 2010
764.361 122.896 0.514 2010
764.361 123.016 0.514 2026
764.361 123.135 0.514 2042
764.361 123.255 0.514 2042
764.361 123.334 0.514 2042
764.361 123.414 0.515 2058
764.361 123.533 0.514 2074
764.361 123.613 0.514 2074
764.361 123.693 0.514 2074
764.361 123.812 0.514 2091
764.361 123.892 0.515 2091
764.361 124.011 0.514 2091
764.361 124.091 0.514 2107
764.361 124.170 0.514 2123
764.361 124.290 0.514 2123
764.361 124.369 0.515 2123
764.361 124.449 0.515 2139
764.361 124.529 0.514 2139
764.361 124.608 0.515 2155
764.361 124.688 0.515 2155
764.361 124.767 0.515 2155
764.361 124.847 0.515 2171
764.361 124.927 0.515 2188
764.361 125.006 0.514 2188
764.361 125.086 0.515 2188
764.361 125.165 0.515 2204
764.361 125.285 0.514 2204
764.361 125.365 0.515 2204
764.361 125.524 0.515 2220
764.361 125.603 0.515 2236
764.361 125.723 0.515 2236
764.361 125.802 0.515 2236
764.361 125.922 0.515 2252
764.361 126.001 0.515 2268
764.361 126.121 0.515 2268
764.361 126.201 0.515 2268
764.361 126.320 0.515 2284
764.361 126.439 0.515 2284
764.361 126.519 0.515 2284
764.320 126.638 0.515 2300
764.320 126.718 0.515 2300
764.280 126.837 0.515 2316
764.280 126.917 0.515 2316
764.280 126.997 0.515 2332
764.280 127.116 0.515 2332
764.280 127.196 0.515 2349
764.240 127.275 0.515 2349
764.240 127.355 0.515 2349
764.240 127.474 0.515 2365
764.240 127.554 0.515 2365
764.200 127.634 0.515 2365
764.200 127.793 0.515 2381
764.160 127.872 0.515 2397
764.120 127.952 0.515 2397
764.120 128.072 0.515 2397
764.080 128.151 0.515 2413
764.040 128.271 0.515 2429
764.000 128.390 0.515 2429
763.960 128.509 0.515 2429
763.880 128.629 0.515 2445
763.840 128.748 0.515 2445
763.800 128.828 0.515 2461
763.760 128.907 0.515 2461
763.720 129.027 0.515 2477
763.679 129.107 0.515 2477
763.639 129.226 0.515 2477
763.599 129.306 0.515 2493
763.559 129.425 0.516 2493
763.519 129.505 0.515 2509
763.479 129.624 0.515 2509
763.479 129.743 0.516 2526
763.439 129.863 0.516 2526
763.359 129.943 0.516 2542
763.359 130.062 0.515 2542
763.279 130.142 0.516 2542
763.279 130.261 0.516 2558
763.199 130.380 0.515 2558
763.199 130.540 0.516 2558
763.159 130.659 0.516 2574
763.119 130.778 0.516 2590
763.078 130.898 0.516 2590
763.078 131.017 0.516 2590
763.038 131.137 0.516 2606
762.998 131.256 0.516 2622
762.998 131.376 0.516 2622
762.918 131.495 0.516 2622
762.878 131.614 0.516 2638
762.878 131.734 0.516 2638
762.838 131.853 0.516 2638
762.798 131.973 0.516 2654
762.758 132.092 0.516 2670
762.718 132.212 0.516 2670
762.678 132.331 0.516 2670
762.638 132.530 0.516 2686
762.638 132.649 0.516 2686
762.598 132.769 0.516 2702
762.558 132.928 0.516 2702
762.558 133.048 0.516 2702
762.518 133.167 0.516 2718
762.477 133.286 0.516 2734
762.437 133.406 0.516 2734
762.437 133.565 0.516 2734
762.397 133.685 0.516 2751
762.357 133.804 0.517 2767
762.317 133.923 0.516 2767
762.277 134.083 0.517 2767
762.277 134.202 0.517 2783
762.197 134.321 0.517 2783
762.117 134.441 0.517 2783
762.077 134.560 0.518 2799
762.077 134.680 0.517 2799
761.997 134.839 0.518 2815
761.957 134.958 0.519 2815
761.917 135.078 0.519 2831
761.876 135.157 0.520 2831
761.876 135.277 0.521 2847
761.796 135.356 0.522 2847
761.756 135.436 0.523 2847
761.716 135.555 0.523 2863
761.676 135.635 0.524 2863
761.636 135.755 0.525 2879
761.596 135.874 0.526 2879
761.556 135.993 0.526 2895
761.516 136.113 0.527 2895
761.516 136.232 0.527 2895
761.436 136.352 0.527 2912
761.396 136.471 0.528 2928
761.356 136.590 0.528 2928
761.316 136.710 0.529 2928
761.275 136.829 0.529 2944
761.195 136.949 0.529 2944
761.155 137.068 0.530 2944
761.075 137.227 0.529 2960
761.075 137.347 0.530 2976
761.035 137.466 0.531 2976
760.955 137.546 0.531 2976
760.955 137.665 0.531 2992
760.875 137.785 0.532 3008
760.875 137.904 0.533 3008
760.795 138.024 0.534 3008
760.755 138.143 0.535 3025
760.674 138.262 0.535 3025
760.634 138.382 0.537 3025
760.594 138.501 0.538 3041
760.514 138.621 0.538 3041
760.514 138.740 0.539 3057
760.434 138.820 0.539 3057
760.394 138.899 0.539 3073
760.354 139.019 0.539 3073
760.274 139.098 0.540 3089
760.234 139.218 0.540 3089
760.154 139.297 0.541 3089
760.073 139.417 0.541 3105
760.033 139.536 0.542 3105
759.993 139.656 0.542 3121
759.953 139.735 0.542 3121
759.913 139.855 0.543 3138
759.873 139.974 0.543 3138
759.833 140.054 0.543 3138
759.833 140.173 0.543 3154
759.793 140.253 0.543 3170
759.753 140.332 0.543 3170
759.753 140.412 0.543 3170
759.673 140.492 0.544 3186
759.673 140.571 0.544 3186
759.593 140.651 0.545 3186
759.593 140.770 0.545 3202
759.553 140.850 0.545 3218
759.513 140.930 0.546 3218
759.513 141.009 0.546 3218
759.472 141.129 0.546 3234
759.472 141.208 0.546 3250
759.432 141.288 0.546 3250
759.432 141.407 0.547 3250
759.432 141.527 0.547 3266
759.392 141.606 0.547 3266
759.392 141.726 0.547 3282
759.352 141.885 0.547 3282
759.352 141.965 0.548 3282
759.312 142.084 0.548 3298
759.272 142.164 0.548 3298
759.232 142.243 0.548 3298
759.192 142.363 0.548 3314
759.152 142.442 0.548 3331
759.112 142.562 0.549 3331
759.072 142.641 0.549 3331
759.032 142.721 0.548 3347
758.992 142.840 0.549 3363
758.911 142.920 0.549 3363
758.871 143.000 0.549 3363
758.831 143.079 0.549 3379
758.791 143.199 0.550 3379
758.791 143.278 0.550 3379
758.751 143.358 0.550 3395
758.711 143.438 0.550 3411
758.711 143.517 0.550 3411
758.671 143.597 0.550 3411
758.631 143.716 0.550 3427
758.591 143.796 0.551 3427
758.591 143.875 0.551 3443
758.511 143.955 0.551 3443
758.471 144.074 0.552 3443
758.471 144.154 0.552 3459
758.391 144.313 0.552 3475
758.391 144.433 0.552 3475
758.351 144.552 0.552 3475
758.351 144.632 0.552 3491
758.270 144.751 0.552 3491
758.190 144.871 0.552 3507
758.150 144.950 0.552 3507
758.110 145.030 0.553 3507
758.070 145.149 0.552 3523
757.990 145.229 0.552 3539
757.950 145.348 0.553 3539
757.910 145.428 0.553 3539
757.870 145.508 0.553 3555
757.830 145.627 0.553 3571
757.750 145.707 0.553 3571
757.709 145.786 0.553 3571
757.669 145.906 0.553 3587
757.629 145.985 0.553 3587
757.589 146.105 0.554 3587
757.549 146.224 0.554 3603
757.509 146.304 0.554 3619
757.469 146.423 0.554 3619
757.469 146.503 0.554 3619
757.389 146.662 0.554 3635
757.349 146.742 0.555 3635
757.309 146.821 0.555 3651
757.229 146.941 0.556 3651
757.229 147.020 0.556 3651
757.149 147.140 0.556 3668
757.149 147.219 0.556 3684
757.109 147.299 0.557 3684
757.068 147.418 0.557 3684
757.068 147.498 0.557 3700
757.028 147.617 0.557 3700
757.028 147.697 0.557 3700
757.028 147.816 0.557 3716
756.988 147.896 0.557 3733
756.948 148.015 0.558 3733
756.948 148.095 0.558 3733
756.948 148.214 0.558 3749
756.908 148.334 0.558 3749
756.908 148.414 0.558 3765
756.868 148.533 0.558 3765
756.868 148.652 0.558 3765
756.828 148.772 0.558 3781
756.828 148.851 0.558 3797
756.788 148.971 0.558 3797
756.748 149.090 0.558 3797
756.708 149.170 0.558 3813
756.668 149.250 0.559 3813
756.668 149.369 0.559 3813
756.588 149.449 0.559 3829
756.588 149.528 0.559 3845
756.508 149.648 0.559 3845
756.508 149.727 0.559 3845
756.467 149.807 0.559 3861
756.427 149.926 0.559 3861
756.387 150.006 0.559 3877
756.347 150.086 0.560 3877
756.347 150.205 0.560 3877
756.267 150.285 0.560 3893
756.227 150.404 0.560 3909
756.227 150.484 0.560 3909
756.187 150.603 0.560 3909
756.147 150.722 0.560 3925
756.107 150.802 0.560 3925
756.107 150.922 0.560 3925
756.067 151.041 0.560 3941
756.027 151.160 0.560 3957
755.987 151.320 0.561 3957
755.947 151.399 0.560 3957
755.907 151.519 0.561 3973
755.826 151.638 0.561 3973
755.786 151.757 0.561 3989
755.746 151.837 0.561 3989
755.706 151.956 0.561 4005
755.666 152.076 0.561 4005
755.666 152.156 0.561 4021
755.666 152.275 0.561 4021
755.586 152.355 0.561 4021
755.586 152.474 0.561 4037
755.546 152.554 0.561 4053
755.506 152.673 0.562 4053
755.506 152.753 0.562 4053
755.426 152.872 0.562 4069
755.426 152.952 0.562 4069
755.386 153.031 0.563 4069
755.346 153.151 0.563 4085
755.305 153.230 0.563 4102
755.265 153.350 0.563 4102
755.265 153.469 0.563 4102
755.185 153.589 0.564 4118
755.145 153.708 0.564 4118
755.065 153.828 0.564 4134
755.025 153.907 0.564 4134
754.985 154.027 0.565 4150
754.945 154.106 0.564 4150
754.945 154.186 0.565 4150
754.865 154.265 0.565 4166
754.865 154.345 0.566 4166
754.825 154.425 0.566 4182
754.785 154.504 0.567 4182
754.745 154.584 0.568 4198
754.705 154.663 0.569 4198
754.705 154.783 0.570 4214
754.624 154.862 0.570 4214
754.624 154.982 0.571 4214
754.584 155.062 0.572 4231
754.584 155.141 0.572 4231
754.544 155.221 0.572 4247
754.544 155.300 0.572 4247
754.544 155.380 0.573 4263
754.504 155.499 0.572 4263
754.504 155.579 0.573 4263
754.464 155.659 0.573 4279
754.384 155.738 0.574 4295
754.384 155.858 0.574 4295
754.344 155.937 0.574 4295
754.344 156.057 0.574 4311
754.264 156.136 0.574 4311
754.264 156.216 0.574 4311
754.224 156.296 0.574 4327
754.184 156.375 0.575 4343
754.144 156.495 0.575 4343
754.104 156.574 0.575 4343
754.104 156.654 0.575 4359
754.023 156.773 0.575 4359
754.023 156.853 0.575 4375
753.983 156.933 0.576 4375
753.983 157.052 0.575 4391
753.983 157.132 0.576 4391
753.943 157.211 0.576 4407
753.943 157.291 0.576 4407
753.863 157.410 0.577 4407
753.863 157.490 0.576 4423
753.823 157.569 0.576 4423
753.823 157.689 0.577 4423
753.823 157.768 0.577 4439
753.783 157.848 0.577 4456
753.783 157.928 0.577 4456
753.743 158.007 0.577 4456
753.743 158.087 0.577 4472
753.703 158.167 0.577 4488
753.663 158.246 0.577 4488
753.663 158.366 0.577 4488
753.623 158.445 0.577 4504
753.623 158.525 0.577 4504
753.583 158.604 0.577 4504
753.543 158.684 0.577 4520
753.503 158.764 0.577 4536
753.462 158.804 0.578 4536
753.462 158.883 0.578 4536
753.422 158.963 0.578 4552
753.422 159.042 0.578 4552
753.382 159.082 0.578 4569
753.382 159.162 0.578 4569
753.342 159.202 0.578 4569
753.302 159.281 0.577 4585
753.302 159.361 0.578 4585
753.262 159.440 0.578 4602
753.262 159.480 0.578 4602
753.222 159.560 0.578 4618
753.182 159.640 0.578 4618
753.182 159.719 0.578 4618
753.142 159.799 0.578 4634
753.142 159.839 0.578 4650
753.102 159.918 0.578 4650
753.102 159.958 0.578 4650
753.062 160.038 0.578 4666
753.062 160.117 0.578 4666
753.022 160.157 0.578 4682
752.982 160.237 0.578 4682
752.982 160.316 0.579 4682
752.901 160.396 0.579 4698
752.901 160.476 0.579 4714
752.861 160.555 0.579 4714
752.861 160.635 0.579 4714
752.861 160.754 0.579 4730
752.821 160.834 0.579 4730
752.821 160.913 0.578 4730
752.781 160.993 0.579 4746
752.741 161.033 0.579 4762
752.701 161.073 0.579 4762
752.661 161.152 0.579 4762
752.661 161.192 0.580 4778
752.621 161.272 0.580 4778
752.621 161.311 0.580 4794
752.541 161.391 0.581 4794
752.541 161.471 0.580 4794
752.501 161.550 0.582 4810
752.461 161.590 0.582 4826
752.421 161.670 0.582 4826
752.381 161.749 0.583 4826
752.381 161.829 0.584 4842
752.300 161.909 0.584 4842
752.300 161.948 0.585 4858
752.260 162.068 0.585 4858
752.220 162.108 0.585 4874
752.220 162.187 0.586 4874
752.140 162.267 0.586 4890
752.140 162.346 0.587 4890
752.100 162.426 0.587 4890
752.060 162.506 0.587 4906
752.020 162.585 0.587 4906
751.980 162.625 0.587 4906
751.980 162.745 0.588 4922
751.940 162.824 0.587 4938
751.900 162.904 0.589 4938
751.860 162.983 0.589 4938
751.860 163.103 0.590 4954
751.820 163.182 0.590 4970
751.780 163.262 0.591 4970
751.780 163.342 0.591 4970
751.740 163.461 0.592 4986
751.740 163.541 0.592 4986
751.700 163.620 0.592 4986
751.659 163.700 0.593 5002
751.619 163.819 0.593 5018
751.579 163.899 0.594 5018
751.579 163.979 0.594 5018
751.499 164.098 0.595 5034
751.459 164.218 0.595 5034
751.419 164.297 0.595 5050
751.379 164.377 0.596 5050
751.379 164.496 0.596 5066
751.299 164.536 0.596 5066
751.299 164.655 0.596 5083
751.219 164.735 0.597 5083
751.219 164.815 0.597 5083
751.139 164.894 0.598 5099
751.099 165.014 0.598 5099
751.099 165.093 0.598 5099
751.018 165.213 0.599 5115
751.018 165.292 0.599 5131
750.978 165.372 0.599 5131
750.938 165.531 0.600 5131
750.898 165.571 0.600 5147
750.858 165.690 0.600 5163
750.818 165.770 0.600 5163
750.778 165.850 0.600 5163
750.778 165.929 0.600 5179
750.698 166.049 0.600 5179
750.698 166.168 0.600 5195
750.618 166.248 0.601 5195
750.578 166.327 0.601 5195
750.497 166.447 0.601 5211
750.417 166.526 0.601 5211
750.417 166.606 0.601 5228
750.337 166.725 0.602 5228
750.337 166.805 0.602 5244
750.257 166.885 0.602 5244
750.257 166.964 0.602 5244
750.217 167.084 0.602 5260
750.177 167.203 0.602 5276
750.177 167.283 0.602 5276
750.097 167.402 0.603 5276
750.097 167.522 0.602 5292
750.017 167.641 0.603 5292
749.977 167.721 0.603 5292
749.937 167.880 0.602 5308
749.856 167.999 0.603 5324
749.856 168.079 0.603 5324
749.776 168.159 0.603 5324
749.776 168.278 0.603 5340
749.736 168.358 0.603 5340
749.696 168.437 0.603 5356
749.656 168.557 0.604 5356
749.616 168.676 0.604 5372
749.576 168.756 0.604 5372
749.536 168.875 0.604 5372
749.536 168.955 0.604 5388
749.496 169.034 0.604 5388
749.456 169.114 0.604 5404
749.456 169.233 0.604 5404
749.376 169.313 0.604 5420
749.376 169.393 0.604 5420
749.336 169.512 0.604 5436
749.296 169.631 0.604 5436
749.255 169.711 0.605 5436
749.215 169.830 0.605 5452
749.215 169.910 0.605 5468
749.175 169.990 0.604 5468
749.175 170.069 0.604 5468
749.135 170.189 0.605 5484
749.095 170.229 0.605 5484
749.055 170.348 0.605 5484
749.015 170.428 0.605 5500
749.015 170.467 0.605 5500
748.975 170.587 0.605 5516
748.935 170.627 0.605 5516
748.895 170.706 0.606 5532
748.855 170.786 0.606 5532
748.855 170.826 0.606 5548
748.815 170.905 0.606 5548
748.815 170.985 0.606 5548
748.775 171.064 0.606 5564
748.775 171.104 0.606 5580
748.735 171.184 0.606 5580
748.735 171.264 0.606 5580
748.694 171.343 0.606 5596
748.694 171.423 0.607 5596
748.694 171.502 0.606 5596
748.654 171.582 0.607 5612
748.654 171.622 0.607 5628
748.574 171.701 0.607 5628
748.534 171.781 0.607 5628
748.534 171.861 0.607 5644
748.454 171.940 0.607 5660
748.454 171.980 0.607 5660
748.414 172.060 0.607 5660
748.414 172.139 0.607 5676
748.374 172.219 0.608 5676
748.374 172.299 0.607 5676
748.374 172.338 0.608 5692
748.334 172.418 0.608 5692
748.334 172.498 0.608 5708
748.334 172.577 0.608 5708
748.334 172.657 0.608 5724
748.334 172.736 0.607 5724
748.294 172.816 0.608 5740
748.294 172.856 0.608 5740
748.294 172.935 0.608 5740
748.254 172.975 0.609 5756
748.254 173.055 0.608 5772
748.254 173.095 0.609 5772
748.214 173.135 0.609 5772
748.214 173.214 0.609 5788
748.214 173.254 0.609 5788
748.214 173.334 0.609 5804
748.214 173.413 0.609 5804
748.214 173.493 0.609 5820
748.214 173.533 0.609 5820
748.174 173.612 0.609 5836
748.174 173.652 0.610 5836
748.174 173.732 0.610 5836
748.174 173.771 0.609 5852
748.174 173.851 0.610 5852
748.174 173.891 0.610 5852
748.174 173.971 0.610 5868
748.174 174.050 0.610 5884
748.174 174.130 0.610 5884
748.174 174.209 0.610 5884
748.174 174.289 0.610 5900
748.174 174.369 0.610 5900
748.174 174.408 0.610 5916
748.174 174.488 0.610 5916
748.174 174.528 0.610 5916
748.174 174.607 0.610 5932
748.174 174.687 0.610 5948
748.174 174.767 0.610 5948
748.174 174.806 0.610 5948
748.174 174.926 0.610 5964
748.174 175.006 0.610 5964
748.174 175.085 0.610 5964
748.174 175.125 0.610 5980
748.174 175.165 0.610 5996
748.134 175.205 0.611 5996
748.134 175.284 0.611 5996
748.134 175.324 0.611 6012
748.134 175.404 0.611 6029
748.134 175.443 0.611 6029
748.134 175.523 0.611 6029
748.134 175.563 0.611 6045
748.094 175.642 0.611 6045
748.094 175.722 0.611 6045
748.094 175.802 0.611 6061
748.094 175.881 0.611 6077
748.094 175.961 0.612 6077
748.094 176.041 0.612 6077
748.094 176.120 0.612 6093
748.094 176.200 0.612 6093
748.094 176.240 0.612 6109
748.094 176.319 0.613 6109
748.094 176.359 0.613 6125
748.094 176.439 0.613 6125
748.053 176.518 0.613 6125
748.053 176.598 0.613 6141
748.053 176.638 0.614 6141
748.053 176.757 0.614 6157
748.053 176.797 0.614 6157
748.053 176.877 0.614 6173
748.053 176.956 0.615 6173
748.053 177.036 0.616 6190
748.053 177.076 0.616 6190
748.053 177.115 0.617 6190
748.053 177.195 0.618 6206
748.053 177.275 0.618 6206
748.053 177.314 0.619 6206
748.053 177.354 0.620 6222
748.053 177.434 0.620 6238
748.053 177.513 0.621 6238
748.013 177.593 0.621 6238
748.013 177.673 0.622 6254
748.013 177.713 0.621 6270
748.013 177.792 0.622 6270
748.013 177.872 0.623 6270
748.013 177.951 0.623 6286
748.013 177.991 0.623 6286
748.013 178.071 0.623 6302
748.013 178.111 0.624 6302
748.013 178.190 0.624 6318
748.013 178.270 0.624 6318
748.013 178.310 0.625 6318
748.013 178.389 0.625 6334
748.013 178.469 0.625 6334
748.013 178.548 0.626 6351
748.013 178.588 0.626 6351
748.013 178.668 0.626 6351
748.013 178.708 0.626 6367
748.013 178.787 0.627 6383
748.013 178.827 0.627 6383
748.013 178.867 0.627 6383
748.013 178.907 0.628 6399
748.013 178.947 0.628 6399
748.013 178.986 0.628 6399
748.013 179.066 0.628 6415
748.013 179.106 0.628 6431
748.013 179.146 0.628 6431
748.013 179.225 0.628 6431
748.013 179.265 0.628 6447
748.013 179.345 0.628 6463
748.013 179.384 0.628 6463
748.013 179.424 0.628 6463
748.053 179.504 0.628 6479
748.053 179.583 0.628 6479
748.094 179.663 0.628 6479
748.094 179.743 0.628 6496
748.134 179.822 0.628 6512
748.174 179.902 0.628 6512
748.214 179.982 0.628 6512
748.294 180.021 0.628 6528
748.294 180.101 0.627 6528
748.374 180.141 0.628 6544
748.374 180.220 0.628 6544
748.414 180.260 0.628 6560
748.454 180.300 0.628 6560
748.494 180.380 0.627 6560
748.574 180.419 0.628 6576
748.614 180.459 0.628 6576
748.654 180.499 0.628 6592
748.694 180.579 0.628 6592
748.735 180.618 0.628 6592
748.775 180.658 0.628 6608
748.775 180.698 0.628 6624
748.855 180.738 0.628 6624
748.895 180.818 0.628 6624
748.935 180.857 0.629 6640
748.975 180.897 0.628 6640
749.015 180.977 0.629 6640
749.095 181.056 0.629 6656
749.135 181.096 0.628 6672
749.175 181.176 0.629 6672
749.215 181.255 0.629 6672
749.296 181.295 0.629 6689
749.336 181.375 0.629 6705
749.376 181.415 0.629 6705
749.456 181.494 0.629 6705
749.496 181.534 0.629 6721
749.616 181.614 0.629 6721
749.656 181.654 0.629 6737
749.736 181.733 0.630 6737
749.776 181.773 0.630 6737
749.856 181.813 0.630 6753
749.937 181.892 0.630 6753
749.937 181.932 0.629 6770
749.977 182.052 0.629 6770
749.977 182.091 0.629 6786
750.057 182.131 0.630 6786
750.057 182.171 0.630 6786
750.097 182.211 0.630 6803
750.177 182.251 0.630 6803
750.217 182.290 0.630 6803
750.297 182.330 0.630 6819
750.297 182.370 0.630 6835
750.377 182.450 0.630 6835
750.417 182.490 0.630 6835
750.457 182.529 0.630 6851
750.538 182.569 0.630 6867
750.538 182.609 0.630 6867
750.618 182.649 0.630 6867
750.658 182.649 0.631 6883
750.738 182.689 0.630 6899
750.818 182.728 0.631 6899
750.858 182.768 0.631 6899
750.978 182.768 0.631 6915
750.978 182.808 0.631 6915
751.099 182.848 0.631 6915
751.139 182.848 0.631 6931
751.219 182.888 0.631 6931
751.299 182.927 0.631 6947
751.339 182.967 0.631 6947
751.419 182.967 0.632 6963
751.419 183.007 0.631 6963
751.539 183.047 0.632 6979
751.579 183.087 0.632 6979
751.659 183.126 0.632 6979
751.740 183.166 0.632 6995
751.780 183.206 0.632 6995
751.860 183.246 0.632 6995
751.940 183.286 0.633 7011
751.980 183.326 0.632 7027
752.060 183.365 0.633 7027
752.100 183.445 0.632 7027
752.180 183.485 0.633 7043
752.260 183.525 0.633 7059
752.341 183.564 0.633 7059
752.381 183.644 0.633 7059
752.501 183.684 0.632 7075
752.541 183.724 0.633 7075
752.661 183.763 0.633 7075
752.741 183.803 0.633 7091
752.781 183.843 0.633 7107
752.901 183.883 0.633 7107
752.942 183.923 0.633 7107
753.022 183.962 0.633 7123
753.102 184.002 0.633 7123
753.182 184.042 0.633 7140
753.262 184.122 0.633 7140
753.302 184.161 0.633 7140
753.422 184.201 0.633 7156
753.462 184.241 0.633 7172
753.543 184.360 0.633 7172
753.583 184.400 0.633 7172
753.623 184.440 0.632 7188
753.703 184.520 0.633 7188
753.743 184.560 0.633 7188
753.823 184.599 0.633 7204
753.863 184.639 0.633 7220
753.943 184.639 0.634 7220
753.983 184.679 0.633 7220
754.063 184.679 0.634 7236
754.144 184.719 0.633 7252
754.184 184.719 0.633 7252
754.264 184.759 0.634 7252
754.304 184.759 0.634 7268
754.384 184.798 0.633 7268
754.424 184.838 0.634 7268
754.504 184.878 0.633 7284
754.624 184.918 0.634 7301
754.664 184.958 0.633 7301
754.785 184.958 0.634 7301
754.865 184.997 0.633 7317
754.945 185.077 0.634 7317
755.025 185.077 0.634 7333
755.065 185.117 0.634 7333
755.145 185.157 0.634 7333
755.225 185.157 0.633 7349
755.305 185.276 0.634 7365
755.386 185.316 0.633 7365
755.506 185.316 0.633 7365
755.586 185.316 0.634 7381
755.706 185.316 0.633 7381
755.826 185.276 0.634 7381
755.907 185.276 0.633 7397
755.987 185.276 0.633 7413
756.067 185.276 0.634 7413
756.147 185.276 0.634 7413
756.267 185.276 0.633 7429
756.347 185.276 0.634 7429
756.467 185.276 0.634 7445
756.548 185.316 0.633 7445
756.668 185.316 0.634 7445
756.748 185.316 0.634 7461
756.908 185.316 0.634 7477
756.988 185.316 0.634 7477
757.068 185.316 0.634 7477
757.189 185.316 0.635 7493
757.269 185.356 0.635 7493
757.389 185.356 0.636 7493
757.469 185.356 0.636 7509
757.589 185.356 0.637 7525
757.709 185.356 0.637 7525
757.790 185.356 0.638 7525
757.910 185.356 0.638 7542
757.950 185.356 0.639 7558
758.030 185.356 0.639 7558
758.070 185.356 0.640 7558
758.110 185.316 0.640 7574
758.190 185.316 0.641 7574
758.230 185.316 0.642 7574
758.351 185.316 0.641 7590
758.391 185.316 0.643 7590
758.511 185.316 0.643 7606
758.591 185.316 0.643 7606
758.671 185.276 0.644 7622
758.751 185.276 0.644 7622
758.831 185.276 0.644 7638
758.952 185.276 0.645 7638
759.032 185.236 0.645 7638
759.152 185.236 0.645 7654
759.232 185.196 0.645 7670
759.352 185.157 0.646 7670
759.472 185.117 0.647 7670
759.593 185.077 0.647 7687
759.753 185.037 0.647 7687
759.833 184.997 0.648 7687
759.953 184.958 0.648 7703
760.033 184.918 0.648 7719
760.114 184.918 0.649 7719
760.234 184.878 0.650 7719
760.274 184.878 0.650 7735
760.394 184.878 0.650 7735
760.514 184.878 0.650 7751
760.634 184.878 0.652 7751
760.715 184.838 0.652 7751
760.795 184.798 0.652 7767
760.915 184.759 0.652 7783
760.995 184.719 0.652 7783
761.075 184.679 0.653 7783
761.155 184.639 0.653 7799
761.235 184.599 0.654 7799
761.316 184.560 0.654 7799
761.396 184.520 0.654 7815
761.516 184.440 0.654 7831
761.596 184.400 0.654 7831
761.716 184.360 0.655 7831
761.756 184.281 0.655 7848
761.876 184.201 0.654 7848
761.997 184.122 0.655 7865
762.077 184.042 0.655 7865
762.197 183.962 0.655 7881
762.277 183.883 0.655 7881
762.397 183.803 0.655 7881
762.477 183.763 0.655 7897
762.598 183.684 0.655 7897
762.678 183.604 0.655 7913
762.758 183.564 0.656 7913
762.878 183.485 0.656 7913
762.918 183.445 0.655 7929
763.038 183.365 0.656 7945
763.119 183.286 0.657 7945
763.239 183.206 0.657 7945
763.319 183.126 0.658 7961
763.439 183.087 0.658 7977
763.599 183.007 0.659 7977
763.639 182.927 0.659 7977
763.760 182.888 0.660 7993
763.840 182.808 0.660 7993
763.960 182.768 0.661 7993
764.040 182.689 0.661 8010
764.120 182.609 0.662 8010
764.240 182.529 0.663 8026
764.320 182.450 0.664 8026
764.441 182.370 0.665 8042
764.521 182.290 0.666 8042
764.641 182.251 0.667 8058
764.761 182.171 0.667 8058
764.881 182.091 0.668 8058
765.002 182.012 0.668 8074
765.082 181.972 0.669 8090
765.202 181.892 0.669 8090
765.282 181.733 0.670 8090
765.402 181.654 0.670 8106
765.482 181.574 0.671 8106
765.563 181.454 0.672 8106
765.643 181.375 0.672 8122
765.723 181.295 0.673 8138
765.803 181.216 0.674 8138
765.843 181.176 0.674 8138
765.923 181.136 0.674 8155
766.003 181.056 0.674 8155
766.083 181.017 0.674 8171
766.204 180.977 0.675 8171
766.284 180.897 0.676 8187
766.404 180.818 0.676 8187
766.484 180.738 0.676 8187
766.644 180.658 0.676 8203
766.765 180.579 0.676 8203
766.845 180.499 0.676 8219
766.925 180.419 0.677 8219
767.005 180.300 0.677 8219
767.085 180.220 0.677 8235
767.165 180.141 0.676 8251
767.245 180.101 0.677 8251
767.366 180.021 0.678 8251
767.406 179.942 0.678 8267
767.526 179.862 0.678 8283
767.606 179.783 0.678 8283
767.686 179.703 0.678 8283
767.766 179.623 0.678 8299
767.846 179.504 0.678 8299
767.967 179.384 0.678 8299
768.007 179.265 0.679 8315
768.127 179.185 0.679 8332
768.167 179.066 0.678 8332
768.287 178.947 0.679 8332
768.367 178.867 0.679 8348
768.447 178.787 0.679 8348
768.568 178.668 0.679 8364
768.608 178.588 0.679 8364
768.728 178.509 0.679 8364
768.768 178.429 0.679 8380
768.848 178.349 0.679 8380
768.968 178.310 0.680 8396
769.008 178.230 0.680 8396
769.129 178.150 0.680 8412
769.209 178.111 0.680 8412
769.289 178.031 0.680 8412
769.369 177.951 0.680 8428
769.449 177.872 0.680 8444
769.569 177.792 0.680 8444
769.609 177.673 0.680 8444
769.690 177.553 0.681 8460
769.770 177.474 0.681 8460
769.850 177.354 0.680 8460
769.890 177.235 0.681 8476
769.930 177.115 0.681 8492
770.010 176.956 0.681 8492
770.050 176.837 0.681 8492
770.130 176.797 0.681 8508
770.170 176.677 0.681 8524
770.250 176.558 0.681 8524
770.291 176.399 0.681 8524
770.371 176.279 0.681 8540
770.451 176.160 0.681 8540
770.491 176.041 0.681 8557
770.571 175.921 0.681 8557
770.571 175.841 0.681 8557
770.651 175.722 0.682 8573
770.691 175.642 0.682 8573
770.731 175.563 0.682 8573
770.811 175.483 0.682 8589
770.851 175.404 0.682 8605
770.932 175.324 0.682 8605
770.972 175.205 0.682 8605
771.052 175.125 0.682 8621
771.092 175.006 0.682 8638
771.132 174.886 0.682 8638
771.212 174.806 0.683 8638
771.252 174.647 0.683 8654
771.332 174.528 0.683 8654
771.332 174.448 0.683 8670
771.372 174.329 0.683 8670
771.412 174.209 0.683 8670
771.452 174.130 0.684 8686
771.492 174.010 0.684 8686
771.533 173.931 0.684 8686
771.653 173.811 0.684 8702
771.693 173.692 0.684 8719
771.773 173.612 0.684 8719
771.813 173.493 0.684 8719
771.893 173.413 0.684 8735
771.973 173.334 0.685 8751
771.973 173.214 0.684 8751
772.053 173.135 0.685 8751
772.094 173.015 0.685 8767
772.174 172.896 0.685 8767
772.214 172.816 0.685 8767
772.254 172.697 0.685 8783
772.334 172.577 0.685 8799
772.334 172.498 0.685 8799
772.414 172.378 0.685 8799
772.454 172.219 0.685 8815
772.494 172.100 0.686 8815
772.534 171.980 0.685 8831
772.574 171.901 0.685 8831
772.654 171.741 0.686 8847
772.654 171.662 0.686 8847
772.735 171.542 0.686 8847
772.735 171.423 0.686 8863
772.815 171.303 0.685 8863
772.855 171.224 0.686 8879
772.895 171.104 0.686 8879
772.975 171.025 0.686 8895
772.975 170.905 0.686 8895
773.015 170.826 0.686 8911
773.055 170.706 0.686 8911
773.095 170.627 0.686 8911
773.175 170.507 0.686 8927
773.175 170.428 0.686 8927
773.215 170.308 0.686 8927
773.255 170.189 0.686 8943
773.295 170.069 0.686 8959
773.336 169.950 0.687 8959
773.336 169.791 0.687 8959
773.416 169.671 0.687 8976
773.456 169.512 0.687 8992
773.496 169.432 0.687 8992
773.536 169.313 0.687 8992
773.576 169.194 0.687 9008
773.616 169.114 0.686 9008
773.656 169.034 0.687 9008
773.776 168.915 0.687 9024
773.776 168.835 0.687 9040
773.856 168.716 0.687 9040
773.856 168.596 0.687 9040
773.937 168.477 0.687 9056
773.937 168.358 0.687 9056
773.977 168.278 0.687 9072
774.057 168.119 0.687 9072
774.097 167.999 0.687 9072
774.177 167.880 0.687 9088
774.217 167.721 0.687 9104
774.257 167.522 0.687 9104
774.297 167.402 0.687 9104
774.377 167.243 0.687 9120
774.417 167.123 0.687 9120
774.457 167.004 0.687 9120
774.538 166.885 0.687 9136
774.578 166.765 0.687 9152
774.658 166.646 0.687 9152
774.698 166.526 0.687 9152
774.738 166.367 0.687 9169
774.818 166.248 0.687 9169
774.858 166.088 0.687 9185
774.938 165.969 0.687 9185
774.978 165.810 0.687 9185
775.058 165.690 0.687 9201
775.099 165.531 0.687 9217
775.139 165.412 0.687 9217
775.219 165.292 0.687 9217
775.259 165.133 0.687 9233
775.339 165.014 0.687 9249
775.339 164.894 0.687 9249
775.419 164.775 0.687 9249
775.459 164.655 0.687 9265
775.499 164.536 0.687 9265
775.579 164.417 0.687 9265
775.579 164.297 0.687 9281
775.699 164.178 0.687 9298
775.699 164.058 0.687 9298
775.820 163.939 0.687 9298
775.900 163.819 0.687 9314
775.940 163.700 0.687 9314
776.020 163.581 0.687 9330
776.060 163.501 0.687 9330
776.100 163.381 0.687 9330
776.140 163.262 0.687 9346
776.180 163.143 0.687 9346
776.220 163.023 0.687 9346
776.260 162.904 0.687 9362
776.341 162.745 0.687 9378
776.341 162.625 0.687 9378
776.421 162.506 0.687 9378
776.421 162.386 0.687 9394
776.501 162.267 0.687 9410
776.541 162.108 0.687 9410
776.581 161.988 0.687 9410
776.621 161.869 0.687 9426
776.661 161.749 0.687 9426
776.741 161.590 0.687 9442
776.781 161.471 0.688 9442
776.821 161.351 0.687 9442
776.901 161.232 0.687 9458
776.942 161.112 0.687 9474
777.022 161.033 0.687 9474
777.062 160.913 0.687 9474
777.142 160.794 0.687 9490
777.142 160.714 0.687 9490
777.222 160.595 0.687 9490
777.302 160.436 0.687 9506
777.302 160.356 0.687 9522
777.382 160.237 0.687 9522
777.422 160.117 0.687 9522
777.462 159.998 0.687 9538
777.503 159.878 0.687 9554
777.543 159.759 0.687 9554
777.583 159.679 0.687 9554
777.623 159.560 0.687 9570
777.703 159.440 0.687 9570
777.743 159.321 0.687 9570
777.823 159.241 0.687 9586
777.903 159.122 0.687 9586
777.943 159.042 0.687 9602
778.023 158.923 0.687 9602
778.023 158.843 0.687 9618
778.063 158.724 0.687 9618
778.104 158.604 0.688 9634
778.144 158.525 0.687 9634
778.184 158.405 0.687 9634
778.224 158.286 0.688 9651
778.264 158.167 0.687 9667
778.304 158.007 0.687 9667
778.384 157.888 0.687 9667
778.424 157.768 0.687 9683
778.504 157.609 0.687 9683
778.544 157.490 0.687 9699
778.584 157.370 0.687 9699
778.664 157.251 0.687 9699
778.664 157.132 0.687 9715
778.745 156.972 0.687 9715
778.785 156.853 0.687 9731
778.825 156.734 0.687 9731
778.905 156.614 0.688 9748
778.905 156.455 0.688 9748
778.985 156.335 0.687 9748
778.985 156.216 0.687 9764
779.025 156.097 0.688 9780
779.025 156.017 0.687 9780
779.065 155.898 0.688 9780
779.105 155.778 0.687 9796
779.145 155.659 0.688 9796
779.185 155.539 0.688 9796
779.185 155.460 0.687 9812
779.225 155.380 0.688 9828
779.225 155.261 0.688 9828
779.265 155.181 0.688 9828
779.306 155.062 0.688 9844
779.346 154.982 0.687 9861
779.386 154.862 0.687 9861
779.426 154.783 0.687 9861
779.426 154.703 0.687 9877
779.466 154.584 0.687 9877
779.506 154.504 0.688 9877
779.586 154.425 0.687 9893
779.626 154.345 0.688 9893
779.666 154.226 0.688 9909
779.746 154.146 0.688 9909
779.826 154.027 0.688 9909
779.866 153.907 0.688 9925
779.906 153.828 0.689 9941
779.947 153.708 0.689 9941
779.987 153.628 0.689 9941
780.027 153.549 0.689 9958
780.067 153.429 0.689 9974
780.107 153.310 0.689 9974
780.147 153.191 0.689 9974
780.187 153.071 0.689 9990
780.227 152.952 0.689 9990
780.267 152.872 0.689 9990
780.307 152.753 0.689 10006
780.347 152.633 0.689 10022
780.387 152.514 0.689 10022
780.387 152.394 0.689 10022
780.427 152.275 0.690 10038
780.467 152.156 0.689 10038
780.508 152.076 0.689 10054
780.548 151.956 0.690 10054
780.628 151.837 0.690 10070
780.668 151.757 0.689 10070
780.748 151.638 0.690 10070
780.788 151.519 0.689 10086
780.868 151.399 0.689 10086
780.908 151.320 0.691 10103
780.948 151.200 0.689 10103
780.988 151.081 0.689 10103
781.028 150.922 0.689 10119
781.068 150.842 0.689 10135
781.068 150.722 0.691 10135
781.149 150.643 0.689 10135
781.149 150.523 0.689 10151
781.229 150.444 0.691 10151
781.229 150.324 0.689 10151
781.269 150.245 0.691 10167
781.309 150.125 0.690 10183
781.349 150.046 0.689 10183
781.429 149.926 0.689 10183
781.429 149.847 0.691 10199
781.469 149.727 0.691 10215
781.509 149.568 0.691 10215
781.549 149.449 0.690 10215
781.589 149.329 0.690 10231
781.589 149.170 0.690 10231
781.629 149.050 0.690 10231
781.629 148.931 0.691 10247
781.669 148.772 0.691 10247
781.710 148.613 0.691 10263
781.750 148.493 0.690 10263
781.790 148.374 0.691 10279
781.830 148.214 0.691 10279
781.870 148.095 0.690 10296
781.910 147.976 0.691 10296
781.950 147.856 0.691 10296
781.990 147.737 0.690 10312
782.030 147.617 0.691 10328
782.070 147.498 0.691 10328
782.070 147.379 0.690 10328
782.150 147.259 0.690 10344
782.150 147.140 0.690 10344
782.230 147.020 0.690 10344
782.270 146.901 0.691 10360
782.310 146.821 0.690 10376
782.351 146.702 0.690 10376
782.391 146.582 0.691 10376
782.431 146.463 0.690 10392
782.471 146.383 0.691 10408
782.511 146.224 0.690 10408
782.511 146.145 0.690 10408
782.551 146.025 0.691 10424
782.591 145.945 0.691 10424
782.631 145.866 0.691 10424
782.671 145.746 0.691 10440
782.711 145.627 0.691 10440
782.751 145.547 0.690 10457
782.791 145.428 0.691 10457
782.831 145.309 0.690 10473
782.871 145.189 0.691 10473
782.911 145.070 0.691 10489
782.992 144.950 0.691 10489
782.992 144.791 0.691 10489
783.032 144.672 0.691 10505
783.072 144.552 0.691 10505
783.112 144.433 0.691 10505
783.152 144.313 0.691 10521
783.192 144.234 0.691 10537
783.232 144.114 0.691 10537
783.232 144.035 0.691 10537
783.272 143.875 0.691 10553
783.272 143.796 0.691 10569
783.272 143.676 0.691 10569
783.312 143.597 0.691 10569
783.352 143.477 0.691 10585
783.392 143.358 0.691 10585
783.392 143.238 0.691 10585
783.432 143.119 0.691 10602
783.513 143.000 0.691 10618
783.553 142.880 0.691 10618
783.593 142.721 0.691 10618
783.633 142.602 0.691 10634
783.673 142.442 0.691 10634
783.713 142.323 0.691 10650
783.753 142.164 0.691 10650
783.793 142.044 0.691 10650
783.793 141.925 0.691 10666
783.833 141.805 0.691 10682
783.833 141.686 0.691 10682
783.873 141.527 0.691 10682
783.913 141.447 0.691 10698
783.913 141.328 0.691 10698
783.953 141.248 0.691 10698
783.993 141.129 0.691 10714
784.033 141.009 0.691 10730
784.033 140.890 0.691 10730
784.114 140.770 0.691 10730
784.154 140.651 0.691 10746
784.194 140.531 0.691 10762
784.234 140.412 0.691 10762
784.274 140.253 0.691 10762
784.354 140.133 0.691 10778
784.394 140.014 0.692 10778
784.434 139.934 0.692 10778
784.474 139.855 0.692 10794
784.514 139.775 0.692 10794
784.554 139.695 0.692 10811
784.554 139.616 0.692 10811
784.594 139.536 0.693 10811
784.634 139.457 0.693 10827
784.674 139.377 0.693 10843
784.674 139.297 0.693 10843
784.715 139.178 0.693 10843
784.755 139.098 0.693 10859
784.795 138.979 0.693 10875
784.835 138.899 0.693 10875
784.875 138.780 0.693 10875
784.915 138.661 0.693 10891
784.955 138.581 0.693 10891
784.995 138.461 0.694 10891
785.035 138.342 0.694 10907
785.035 138.223 0.694 10923
785.075 138.143 0.694 10923
785.115 138.024 0.694 10923
785.155 137.944 0.694 10939
785.195 137.825 0.694 10939
785.235 137.745 0.694 10956
785.275 137.665 0.695 10956
785.315 137.586 0.696 10972
785.396 137.506 0.696 10972
785.396 137.427 0.697 10972
785.476 137.307 0.698 10988
785.476 137.227 0.698 10988
785.516 137.108 0.699 11004
785.556 136.989 0.699 11004
785.596 136.829 0.700 11004
785.636 136.710 0.700 11020
785.636 136.590 0.701 11036
785.676 136.511 0.702 11036
785.716 136.431 0.703 11036
785.756 136.312 0.703 11052
785.756 136.232 0.704 11068
785.796 136.153 0.705 11068
785.836 136.073 0.705 11068
785.836 135.993 0.705 11084
785.836 135.914 0.706 11084
785.876 135.834 0.705 11084
785.876 135.755 0.706 11100
785.917 135.675 0.706 11100
785.957 135.595 0.706 11116
785.997 135.516 0.707 11116
785.997 135.396 0.706 11132
786.037 135.317 0.706 11132
786.077 135.237 0.707 11148
786.077 135.157 0.707 11148
786.117 135.078 0.707 11148
786.117 134.958 0.707 11165
786.157 134.919 0.707 11181
786.157 134.799 0.707 11181
786.197 134.759 0.707 11181
786.237 134.640 0.707 11197
786.237 134.600 0.707 11197
786.277 134.481 0.707 11197
786.277 134.401 0.707 11213
786.317 134.321 0.707 11229
786.357 134.202 0.707 11229
786.357 134.122 0.707 11229
786.397 134.003 0.707 11245
786.437 133.923 0.707 11245
786.477 133.804 0.707 11261
786.518 133.685 0.707 11261
786.558 133.565 0.707 11261
786.558 133.446 0.708 11277
786.598 133.326 0.707 11293
786.638 133.247 0.707 11293
786.678 133.127 0.708 11293
786.718 133.008 0.707 11309
786.758 132.888 0.708 11309
786.798 132.769 0.708 11309
786.798 132.689 0.708 11325
786.838 132.570 0.708 11341
786.878 132.450 0.708 11341
786.878 132.331 0.707 11341
786.918 132.251 0.707 11358
786.918 132.092 0.708 11358
786.958 131.973 0.708 11374
786.998 131.853 0.708 11374
787.119 131.734 0.708 11374
787.159 131.575 0.708 11390
787.199 131.455 0.708 11406
787.279 131.376 0.708 11406
787.319 131.256 0.708 11406
787.359 131.137 0.708 11422
787.439 131.017 0.708 11438
787.479 130.938 0.708 11438
787.559 130.818 0.708 11438
787.599 130.659 0.708 11454
787.679 130.540 0.708 11454
787.679 130.420 0.708 11454
787.760 130.341 0.708 11470
787.800 130.221 0.708 11470
787.840 130.102 0.708 11487
787.880 130.022 0.708 11487
787.920 129.903 0.708 11503
787.960 129.743 0.708 11503
788.000 129.624 0.708 11519
788.040 129.544 0.709 11519
788.120 129.425 0.709 11519
788.160 129.306 0.709 11535
788.200 129.186 0.709 11535
788.240 129.067 0.709 11535
788.281 128.987 0.709 11551
788.321 128.868 0.709 11567
788.361 128.788 0.709 11567
788.441 128.669 0.709 11567
788.481 128.549 0.709 11583
788.561 128.430 0.709 11599
788.561 128.310 0.709 11599
788.641 128.231 0.709 11599
788.681 128.111 0.709 11615
788.721 127.992 0.709 11615
788.761 127.912 0.710 11631
788.801 127.793 0.709 11631
788.841 127.713 0.710 11631
788.881 127.594 0.710 11647
788.962 127.435 0.710 11664
788.962 127.355 0.710 11664
789.002 127.236 0.710 11664
789.082 127.116 0.710 11680
789.122 127.036 0.710 11680
789.202 126.917 0.710 11680
789.242 126.798 0.710 11696
789.282 126.718 0.710 11712
789.322 126.599 0.710 11712
789.362 126.519 0.710 11712
789.402 126.400 0.710 11728
789.402 126.320 0.710 11728
789.442 126.201 0.710 11744
789.482 126.121 0.710 11744
789.523 126.041 0.710 11760
789.523 125.922 0.710 11760
789.563 125.842 0.710 11760
789.603 125.763 0.710 11776
789.603 125.683 0.710 11776
789.643 125.564 0.711 11793
789.683 125.484 0.711 11793
789.723 125.365 0.711 11793
789.723 125.285 0.711 11809
789.763 125.126 0.711 11825
789.803 125.046 0.711 11825
789.843 124.966 0.711 11825
789.883 124.847 0.711 11842
789.923 124.767 0.711 11842
789.963 124.688 0.711 11842
790.003 124.568 0.712 11858
790.043 124.489 0.712 11874
790.083 124.409 0.712 11874
790.124 124.330 0.712 11874
790.164 124.250 0.712 11891
790.164 124.170 0.712 11907
790.204 124.091 0.712 11907
790.244 124.011 0.712 11907
790.244 123.931 0.712 11923
790.324 123.892 0.712 11923
790.324 123.812 0.712 11923
790.364 123.732 0.712 11939
790.404 123.653 0.712 11939
790.444 123.573 0.712 11955
790.444 123.494 0.713 11955
790.484 123.414 0.712 11971
790.564 123.334 0.712 11971
790.564 123.215 0.713 11987
790.644 123.096 0.712 11987
790.685 123.016 0.713 11987
790.725 122.896 0.713 12003
790.805 122.777 0.712 12019
790.845 122.658 0.713 12019
790.885 122.578 0.713 12019
790.925 122.459 0.713 12036
790.965 122.379 0.713 12036
791.005 122.299 0.713 12036
791.045 122.180 0.713 12052
791.085 122.100 0.713 12052
791.125 122.021 0.713 12068
791.245 121.901 0.713 12068
791.285 121.822 0.713 12084
791.366 121.742 0.713 12084
791.406 121.662 0.713 12100
791.446 121.622 0.713 12100
791.486 121.543 0.713 12100
791.526 121.463 0.713 12116
791.566 121.384 0.713 12132
791.566 121.304 0.713 12132
791.606 121.224 0.714 12132
791.606 121.105 0.714 12149
791.646 121.025 0.714 12149
791.646 120.946 0.714 12149
791.686 120.826 0.714 12165
791.726 120.747 0.714 12181
791.766 120.667 0.715 12181
791.806 120.588 0.715 12181
791.846 120.508 0.715 12197
791.886 120.349 0.716 12197
791.927 120.269 0.717 12213
791.927 120.189 0.717 12213
792.007 120.070 0.717 12213
792.047 119.990 0.718 12229
792.087 119.911 0.719 12229
792.087 119.831 0.719 12245
792.167 119.752 0.720 12245
792.207 119.672 0.721 12262
792.247 119.592 0.721 12262
792.287 119.513 0.721 12262
792.327 119.433 0.721 12278
792.367 119.314 0.722 12294
792.447 119.234 0.722 12294
792.487 119.154 0.722 12294
792.568 119.035 0.722 12310
792.608 118.955 0.722 12326
792.688 118.836 0.723 12326
792.728 118.717 0.722 12326
792.728 118.597 0.723 12342
792.768 118.478 0.723 12342
792.808 118.358 0.723 12342
792.848 118.279 0.723 12358
792.848 118.159 0.723 12374
792.928 118.040 0.723 12374
792.968 117.920 0.723 12374
793.048 117.841 0.723 12390
793.089 117.761 0.723 12390
793.089 117.642 0.723 12406
793.169 117.602 0.723 12406
793.169 117.522 0.723 12406
793.209 117.443 0.723 12423
793.249 117.403 0.723 12423
793.289 117.363 0.723 12439
793.329 117.323 0.723 12439
793.329 117.283 0.723 12455
793.329 117.164 0.723 12455
793.329 117.204 0.723 12471
793.329 117.244 0.723 12487
793.329 117.323 0.722 12487
793.329 117.403 0.709 12487
793.329 117.482 0.647 12503
793.329 117.482 0.521 12503
793.089 117.403 0.224 12503

% x_coordinate y_coordinate pressure time
% shape 1, 1250 points
774.578 167.999 0.059 0
774.578 168.079 0.092 0
774.578 168.159 0.120 16
774.578 168.238 0.146 33
774.538 168.318 0.166 33
774.497 168.397 0.179 33
774.457 168.517 0.182 49
774.417 168.596 0.190 65
774.337 168.716 0.199 65
774.297 168.756 0.207 65
774.217 168.835 0.219 81
774.137 168.915 0.230 81
774.097 168.995 0.241 97
774.017 169.074 0.251 97
773.977 169.154 0.261 97
773.937 169.233 0.269 113
773.896 169.313 0.276 113
773.816 169.432 0.281 129
773.776 169.472 0.285 129
773.776 169.592 0.289 145
773.736 169.751 0.292 145
773.696 169.950 0.295 145
773.656 170.109 0.298 161
773.616 170.268 0.303 177
773.576 170.428 0.308 177
773.496 170.627 0.312 177
773.456 170.786 0.317 193
773.376 170.945 0.321 193
773.336 171.144 0.325 210
773.295 171.303 0.328 210
773.255 171.463 0.332 226
773.215 171.622 0.335 226
773.135 171.781 0.339 226
773.135 171.901 0.343 242
773.055 172.060 0.348 242
773.015 172.179 0.353 258
772.975 172.338 0.358 258
772.895 172.458 0.362 258
772.895 172.577 0.367 274
772.815 172.736 0.371 290
772.815 172.856 0.375 290
772.775 173.015 0.378 290
772.735 173.135 0.379 307
772.695 173.294 0.382 323
772.654 173.453 0.383 323
772.614 173.612 0.384 323
772.574 173.732 0.385 339
772.574 173.891 0.385 339
772.574 174.050 0.386 339
772.534 174.209 0.386 355
772.534 174.369 0.387 355
772.494 174.528 0.388 371
772.494 174.727 0.389 371
772.494 174.846 0.390 387
772.494 175.006 0.391 387
772.494 175.125 0.393 403
772.494 175.284 0.393 403
772.494 175.443 0.395 403
772.454 175.563 0.396 419
772.454 175.722 0.397 435
772.454 175.841 0.400 435
772.454 176.001 0.402 435
772.374 176.120 0.404 451
772.374 176.279 0.407 451
772.374 176.439 0.409 451
772.374 176.558 0.411 467
772.374 176.717 0.412 483
772.374 176.837 0.413 483
772.374 176.996 0.413 483
772.374 177.155 0.415 499
772.374 177.275 0.417 499
772.374 177.394 0.419 515
772.374 177.553 0.420 515
772.374 177.673 0.422 515
772.374 177.792 0.424 531
772.374 177.912 0.426 547
772.374 178.031 0.428 547
772.374 178.150 0.429 547
772.414 178.270 0.431 563
772.414 178.349 0.432 563
772.454 178.469 0.433 563
772.454 178.588 0.435 580
772.494 178.668 0.436 596
772.534 178.748 0.436 596
772.534 178.867 0.437 596
772.574 178.947 0.438 612
772.574 179.026 0.439 612
772.654 179.146 0.439 628
772.654 179.225 0.440 628
772.695 179.305 0.441 628
772.735 179.464 0.441 644
772.775 179.544 0.443 660
772.855 179.623 0.444 660
772.855 179.703 0.445 660
772.895 179.783 0.445 676
772.935 179.862 0.446 676
772.975 179.982 0.447 676
773.015 180.021 0.448 692
773.055 180.141 0.449 708
773.135 180.220 0.450 708
773.175 180.260 0.451 708
773.215 180.340 0.453 725
773.215 180.419 0.454 741
773.295 180.499 0.455 741
773.336 180.539 0.456 741
773.376 180.618 0.457 757
773.456 180.698 0.457 757
773.496 180.778 0.458 757
773.576 180.857 0.459 773
773.576 180.897 0.460 773
773.656 180.977 0.461 789
773.696 181.056 0.463 789
773.776 181.136 0.463 805
773.856 181.176 0.464 805
773.896 181.255 0.465 821
773.977 181.335 0.465 821
774.017 181.415 0.466 821
774.097 181.494 0.466 837
774.177 181.534 0.465 837
774.297 181.614 0.465 854
774.377 181.693 0.466 854
774.417 181.813 0.466 870
774.497 181.853 0.467 870
774.578 181.932 0.467 870
774.618 181.972 0.467 886
774.738 182.012 0.468 903
774.778 182.052 0.469 903
774.858 182.091 0.469 903
774.898 182.171 0.470 919
774.978 182.211 0.470 919
774.978 182.251 0.471 919
775.018 182.251 0.471 935
775.099 182.330 0.473 951
775.139 182.330 0.474 951
775.219 182.410 0.474 951
775.259 182.410 0.475 951
775.339 182.490 0.475 967
775.379 182.529 0.475 983
775.459 182.529 0.476 983
775.539 182.609 0.475 983
775.619 182.649 0.475 999
775.699 182.689 0.475 1015
775.780 182.728 0.476 1015
775.900 182.768 0.476 1015
775.980 182.808 0.477 1031
776.060 182.848 0.477 1031
776.140 182.888 0.478 1047
776.180 182.927 0.478 1047
776.300 182.967 0.479 1047
776.341 183.007 0.478 1063
776.421 183.047 0.477 1079
776.501 183.087 0.476 1079
776.541 183.126 0.476 1079
776.661 183.166 0.477 1095
776.661 183.166 0.478 1095
776.781 183.206 0.480 1095
776.821 183.246 0.481 1111
776.901 183.286 0.481 1127
776.982 183.286 0.482 1127
777.062 183.326 0.482 1127
777.142 183.326 0.482 1143
777.222 183.365 0.482 1143
777.302 183.485 0.482 1159
777.382 183.485 0.482 1159
777.462 183.525 0.483 1159
777.543 183.525 0.483 1175
777.583 183.525 0.482 1191
777.663 183.564 0.484 1191
777.743 183.564 0.485 1191
777.823 183.564 0.485 1207
777.903 183.604 0.485 1207
777.983 183.644 0.486 1207
778.104 183.644 0.486 1224
778.144 183.684 0.487 1240
778.264 183.724 0.486 1240
778.344 183.724 0.487 1240
778.464 183.763 0.487 1256
778.504 183.763 0.487 1272
778.584 183.763 0.487 1272
778.704 183.803 0.486 1272
778.825 183.803 0.485 1288
778.945 183.803 0.486 1288
779.065 183.843 0.487 1304
779.185 183.883 0.487 1304
779.265 183.883 0.488 1304
779.386 183.923 0.488 1320
779.466 183.923 0.488 1320
779.546 183.962 0.488 1336
779.626 183.962 0.488 1336
779.706 183.962 0.488 1352
779.786 184.002 0.488 1352
779.826 184.002 0.489 1352
779.906 184.042 0.489 1368
779.987 184.042 0.489 1384
780.027 184.042 0.488 1384
780.147 184.042 0.487 1384
780.187 184.042 0.488 1401
780.267 184.042 0.487 1401
780.307 184.042 0.487 1401
780.387 184.122 0.487 1417
780.467 184.122 0.487 1433
780.508 184.161 0.488 1433
780.628 184.161 0.488 1433
780.708 184.201 0.489 1449
780.788 184.201 0.489 1465
780.828 184.201 0.488 1465
780.908 184.241 0.488 1465
780.988 184.241 0.488 1481
781.068 184.281 0.489 1481
781.149 184.281 0.489 1481
781.189 184.281 0.489 1497
781.229 184.321 0.489 1513
781.269 184.321 0.489 1513
781.309 184.321 0.489 1513
781.349 184.321 0.489 1529
781.389 184.321 0.488 1529
781.429 184.321 0.488 1545
781.469 184.321 0.487 1545
781.549 184.321 0.487 1545
781.589 184.321 0.487 1561
781.669 184.321 0.488 1577
781.750 184.321 0.488 1577
781.790 184.360 0.488 1577
781.870 184.360 0.488 1593
781.910 184.360 0.488 1593
781.950 184.360 0.488 1609
781.990 184.360 0.488 1609
782.070 184.400 0.489 1609
782.150 184.360 0.489 1625
782.190 184.360 0.488 1641
782.270 184.360 0.487 1641
782.351 184.360 0.487 1641
782.431 184.321 0.486 1657
782.511 184.321 0.486 1657
782.591 184.321 0.487 1673
782.711 184.281 0.487 1673
782.751 184.281 0.488 1673
782.831 184.281 0.488 1689
782.871 184.281 0.489 1705
782.952 184.281 0.489 1705
783.032 184.281 0.489 1705
783.112 184.281 0.490 1722
783.192 184.241 0.490 1722
783.272 184.241 0.490 1722
783.352 184.201 0.490 1738
783.432 184.201 0.490 1754
783.553 184.161 0.491 1754
783.633 184.122 0.491 1754
783.753 184.082 0.491 1770
783.873 184.002 0.491 1770
783.953 183.962 0.492 1786
784.073 183.923 0.492 1786
784.154 183.923 0.493 1786
784.234 183.883 0.493 1802
784.314 183.843 0.493 1802
784.394 183.843 0.493 1818
784.474 183.843 0.493 1818
784.554 183.803 0.494 1834
784.634 183.763 0.494 1834
784.715 183.763 0.494 1834
784.795 183.724 0.494 1850
784.915 183.684 0.494 1866
784.995 183.644 0.495 1866
785.115 183.604 0.496 1866
785.195 183.564 0.496 1882
785.315 183.525 0.496 1898
785.396 183.485 0.497 1898
785.516 183.445 0.497 1898
785.596 183.405 0.498 1914
785.676 183.405 0.498 1914
785.796 183.326 0.498 1930
785.876 183.326 0.499 1930
785.997 183.286 0.499 1930
786.117 183.246 0.499 1946
786.197 183.206 0.500 1946
786.317 183.166 0.500 1946
786.437 183.126 0.500 1962
786.558 183.087 0.500 1978
786.638 183.047 0.500 1978
786.758 183.007 0.500 1978
786.878 182.967 0.500 1994
786.958 182.927 0.500 2010
787.119 182.888 0.500 2010
787.199 182.848 0.501 2010
787.319 182.808 0.501 2026
787.399 182.768 0.501 2026
787.519 182.689 0.501 2026
787.599 182.649 0.502 2042
787.679 182.609 0.502 2058
787.800 182.529 0.502 2058
787.920 182.490 0.502 2058
788.040 182.410 0.503 2075
788.160 182.330 0.503 2091
788.281 182.251 0.503 2091
788.401 182.171 0.504 2091
788.521 182.091 0.504 2107
788.641 181.972 0.504 2107
788.761 181.892 0.505 2107
788.881 181.813 0.505 2123
789.042 181.693 0.505 2123
789.202 181.574 0.506 2139
789.322 181.494 0.506 2139
789.442 181.415 0.506 2139
789.563 181.335 0.506 2155
789.683 181.255 0.507 2171
789.803 181.216 0.508 2171
789.883 181.136 0.509 2171
790.003 181.056 0.509 2187
790.083 181.017 0.510 2203
790.164 180.937 0.511 2203
790.284 180.897 0.511 2203
790.364 180.818 0.512 2219
790.484 180.778 0.512 2219
790.564 180.698 0.513 2219
790.685 180.658 0.514 2235
790.805 180.579 0.514 2252
790.885 180.499 0.514 2252
791.005 180.459 0.515 2252
791.085 180.380 0.515 2268
791.205 180.340 0.516 2268
791.285 180.260 0.517 2284
791.366 180.220 0.517 2284
791.486 180.141 0.518 2284
791.566 180.101 0.518 2300
791.646 180.021 0.519 2300
791.726 179.902 0.520 2316
791.806 179.822 0.520 2316
791.927 179.743 0.522 2332
792.007 179.663 0.523 2332
792.127 179.583 0.524 2332
792.247 179.504 0.524 2348
792.327 179.424 0.526 2364
792.407 179.345 0.527 2364
792.487 179.265 0.528 2364
792.528 179.185 0.529 2380
792.608 179.106 0.529 2380
792.688 179.066 0.530 2380
792.728 179.066 0.530 2396
792.808 178.986 0.531 2412
792.888 178.947 0.531 2412
792.968 178.907 0.532 2412
793.008 178.827 0.532 2429
793.048 178.748 0.533 2445
793.129 178.668 0.533 2445
793.209 178.588 0.534 2445
793.289 178.509 0.534 2461
793.329 178.429 0.534 2461
793.409 178.310 0.535 2461
793.489 178.230 0.536 2477
793.569 178.150 0.537 2493
793.649 178.031 0.537 2493
793.730 177.951 0.538 2493
793.810 177.872 0.537 2509
793.850 177.792 0.539 2509
793.930 177.713 0.539 2525
793.970 177.633 0.540 2525
794.050 177.553 0.541 2525
794.130 177.474 0.541 2541
794.210 177.394 0.542 2557
794.290 177.314 0.542 2557
794.331 177.235 0.543 2557
794.451 177.155 0.543 2573
794.491 177.036 0.543 2573
794.571 176.956 0.543 2573
794.611 176.797 0.544 2589
794.691 176.677 0.544 2605
794.731 176.598 0.545 2605
794.771 176.478 0.546 2605
794.811 176.399 0.547 2621
794.891 176.319 0.548 2621
794.972 176.200 0.550 2637
795.012 176.120 0.551 2637
795.092 176.001 0.552 2654
795.172 175.921 0.553 2654
795.252 175.802 0.553 2670
795.332 175.682 0.553 2670
795.412 175.603 0.553 2670
795.452 175.483 0.554 2686
795.533 175.364 0.554 2686
795.573 175.284 0.554 2686
795.653 175.244 0.555 2703
795.693 175.125 0.555 2719
795.773 175.006 0.556 2719
795.813 174.886 0.555 2719
795.893 174.767 0.556 2735
795.973 174.647 0.557 2735
796.013 174.528 0.556 2751
796.053 174.369 0.557 2751
796.094 174.249 0.557 2751
796.174 174.170 0.557 2767
796.254 174.050 0.557 2783
796.294 173.971 0.558 2783
796.374 173.891 0.559 2783
796.414 173.811 0.558 2799
796.494 173.732 0.558 2815
796.534 173.652 0.559 2815
796.574 173.533 0.559 2815
796.654 173.453 0.560 2831
796.694 173.334 0.560 2831
796.735 173.254 0.560 2831
796.775 173.135 0.561 2847
796.815 173.015 0.561 2847
796.895 172.896 0.562 2863
796.935 172.736 0.563 2863
797.015 172.617 0.563 2879
797.055 172.498 0.564 2879
797.095 172.378 0.564 2896
797.215 172.219 0.566 2896
797.255 172.100 0.567 2896
797.296 171.901 0.571 2912
797.376 171.781 0.573 2912
797.416 171.662 0.573 2912
797.456 171.542 0.576 2928
797.536 171.383 0.577 2945
797.576 171.264 0.578 2945
797.616 171.184 0.580 2945
797.656 171.064 0.581 2961
797.736 170.985 0.582 2977
797.776 170.865 0.583 2977
797.816 170.786 0.582 2977
797.896 170.666 0.584 2993
797.977 170.547 0.583 2993
798.017 170.428 0.584 3009
798.097 170.308 0.585 3009
798.177 170.189 0.584 3009
798.257 170.069 0.585 3025
798.337 169.950 0.585 3025
798.417 169.791 0.586 3041
798.497 169.631 0.586 3041
798.578 169.512 0.587 3057
798.618 169.393 0.587 3057
798.658 169.273 0.588 3057
798.698 169.154 0.588 3073
798.738 169.074 0.588 3090
798.778 168.955 0.589 3090
798.818 168.835 0.589 3090
798.858 168.716 0.589 3106
798.938 168.596 0.590 3122
798.978 168.517 0.591 3122
799.018 168.397 0.591 3122
799.058 168.278 0.591 3138
799.099 168.159 0.591 3138
799.139 168.039 0.591 3138
799.219 167.920 0.592 3154
799.259 167.760 0.591 3154
799.379 167.641 0.592 3170
799.419 167.522 0.592 3170
799.419 167.402 0.593 3186
799.499 167.243 0.592 3186
799.499 167.123 0.594 3202
799.539 167.004 0.594 3202
799.619 166.924 0.594 3202
799.659 166.845 0.594 3218
799.700 166.725 0.594 3218
799.740 166.606 0.595 3234
799.820 166.526 0.595 3234
799.860 166.407 0.595 3250
799.900 166.287 0.597 3250
799.940 166.168 0.596 3250
800.020 166.049 0.596 3266
800.060 165.969 0.598 3282
800.100 165.850 0.599 3282
800.140 165.730 0.599 3282
800.220 165.611 0.600 3298
800.260 165.491 0.601 3298
800.301 165.372 0.602 3298
800.341 165.253 0.603 3314
800.421 165.133 0.603 3331
800.461 165.053 0.604 3331
800.501 164.894 0.604 3331
800.541 164.775 0.605 3347
800.581 164.655 0.606 3347
800.661 164.576 0.606 3363
800.661 164.456 0.606 3363
800.701 164.337 0.608 3380
800.741 164.218 0.607 3380
800.781 164.098 0.609 3380
800.821 163.979 0.608 3396
800.861 163.859 0.608 3396
800.901 163.740 0.609 3412
800.942 163.620 0.610 3412
800.982 163.501 0.610 3412
801.022 163.381 0.610 3428
801.102 163.262 0.611 3444
801.142 163.143 0.610 3444
801.182 163.023 0.611 3444
801.222 162.944 0.611 3460
801.262 162.824 0.612 3476
801.302 162.705 0.613 3476
801.382 162.545 0.613 3476
801.462 162.466 0.612 3492
801.503 162.346 0.612 3492
801.543 162.227 0.613 3492
801.583 162.147 0.613 3508
801.623 162.068 0.613 3524
801.663 161.948 0.614 3524
801.703 161.829 0.614 3524
801.743 161.710 0.614 3540
801.823 161.630 0.614 3540
801.863 161.510 0.615 3556
801.863 161.391 0.616 3556
801.943 161.272 0.614 3556
801.983 161.152 0.615 3573
801.983 161.073 0.615 3589
802.023 160.953 0.616 3589
802.063 160.834 0.616 3589
802.063 160.675 0.617 3605
802.104 160.555 0.617 3605
802.104 160.436 0.618 3605
802.144 160.316 0.618 3621
802.144 160.157 0.620 3637
802.184 160.038 0.621 3637
802.264 159.918 0.621 3637
802.304 159.839 0.622 3653
802.344 159.719 0.623 3653
802.384 159.600 0.624 3670
802.464 159.520 0.624 3670
802.464 159.401 0.625 3670
802.544 159.321 0.625 3686
802.544 159.241 0.624 3686
802.584 159.162 0.625 3702
802.624 159.082 0.625 3702
802.664 159.003 0.625 3718
802.705 158.923 0.625 3718
802.745 158.843 0.625 3718
802.785 158.764 0.625 3734
802.825 158.684 0.626 3750
802.865 158.565 0.626 3750
802.905 158.485 0.626 3750
802.945 158.366 0.625 3766
802.985 158.286 0.626 3782
803.025 158.206 0.626 3782
803.105 158.087 0.625 3782
803.145 157.968 0.626 3798
803.185 157.888 0.627 3798
803.225 157.729 0.626 3798
803.265 157.609 0.626 3815
803.346 157.530 0.626 3815
803.386 157.410 0.626 3831
803.426 157.291 0.627 3831
803.506 157.171 0.627 3831
803.546 157.052 0.626 3847
803.626 156.933 0.627 3863
803.666 156.773 0.626 3863
803.706 156.654 0.626 3863
803.746 156.534 0.627 3879
803.786 156.415 0.627 3879
803.826 156.256 0.628 3895
803.866 156.136 0.628 3895
803.906 155.977 0.628 3911
803.947 155.818 0.627 3911
803.987 155.659 0.627 3927
804.027 155.460 0.627 3927
804.067 155.340 0.628 3927
804.067 155.181 0.628 3943
804.107 155.062 0.628 3943
804.187 154.902 0.629 3943
804.227 154.743 0.628 3959
804.267 154.624 0.628 3975
804.307 154.464 0.628 3975
804.347 154.345 0.628 3975
804.387 154.186 0.628 3991
804.387 154.066 0.628 4007
804.467 153.907 0.628 4007
804.508 153.788 0.629 4007
804.548 153.668 0.628 4023
804.588 153.509 0.628 4023
804.628 153.390 0.628 4039
804.668 153.270 0.629 4039
804.708 153.151 0.629 4039
804.748 152.992 0.628 4055
804.748 152.832 0.629 4055
804.788 152.713 0.628 4071
804.828 152.593 0.628 4071
804.908 152.474 0.628 4087
804.948 152.315 0.629 4087
804.948 152.195 0.629 4087
804.988 152.116 0.629 4103
805.028 151.996 0.629 4119
805.109 151.877 0.628 4119
805.149 151.757 0.628 4119
805.189 151.678 0.629 4135
805.229 151.558 0.629 4135
805.269 151.439 0.629 4135
805.309 151.320 0.628 4151
805.349 151.200 0.628 4168
805.389 151.081 0.629 4168
805.429 150.961 0.629 4168
805.469 150.842 0.629 4184
805.549 150.683 0.628 4200
805.589 150.563 0.628 4200
805.629 150.404 0.628 4200
805.669 150.285 0.629 4216
805.709 150.165 0.628 4216
805.750 150.006 0.628 4232
805.830 149.886 0.629 4232
805.870 149.767 0.629 4232
805.910 149.648 0.629 4248
805.990 149.528 0.629 4248
806.030 149.369 0.628 4264
806.070 149.250 0.629 4264
806.110 149.130 0.629 4280
806.150 149.011 0.629 4280
806.190 148.891 0.628 4280
806.230 148.732 0.629 4296
806.270 148.613 0.629 4312
806.351 148.453 0.629 4312
806.391 148.294 0.629 4312
806.471 148.135 0.628 4328
806.511 148.015 0.629 4328
806.591 147.856 0.629 4328
806.631 147.737 0.629 4345
806.711 147.617 0.629 4361
806.791 147.498 0.629 4361
806.831 147.379 0.629 4361
806.871 147.259 0.629 4377
806.912 147.140 0.629 4393
806.992 147.020 0.629 4393
807.072 146.901 0.629 4393
807.112 146.781 0.628 4409
807.192 146.662 0.629 4409
807.232 146.503 0.629 4409
807.272 146.383 0.629 4425
807.312 146.264 0.629 4425
807.352 146.105 0.629 4441
807.392 145.945 0.629 4441
807.432 145.786 0.629 4457
807.513 145.667 0.629 4457
807.553 145.547 0.629 4473
807.633 145.428 0.629 4473
807.673 145.309 0.629 4473
807.753 145.149 0.629 4489
807.793 144.990 0.629 4505
807.833 144.871 0.629 4505
807.873 144.711 0.629 4505
807.913 144.592 0.629 4521
807.953 144.472 0.629 4521
807.993 144.353 0.629 4521
808.033 144.234 0.630 4537
808.073 144.114 0.629 4553
808.114 143.995 0.629 4553
808.154 143.875 0.629 4553
808.234 143.756 0.629 4569
808.274 143.557 0.630 4569
808.354 143.438 0.629 4585
808.394 143.318 0.629 4585
808.434 143.199 0.630 4585
808.474 143.079 0.629 4601
808.514 142.920 0.629 4617
808.594 142.801 0.630 4617
808.634 142.681 0.629 4617
808.715 142.602 0.630 4633
808.755 142.482 0.630 4633
808.795 142.363 0.629 4633
808.835 142.243 0.629 4649
808.875 142.124 0.630 4665
808.915 142.004 0.630 4665
808.955 141.885 0.630 4665
809.035 141.766 0.629 4681
809.075 141.646 0.630 4698
809.115 141.527 0.630 4698
809.155 141.407 0.630 4698
809.235 141.248 0.630 4714
809.276 141.129 0.629 4714
809.316 140.969 0.630 4714
809.356 140.850 0.630 4730
809.436 140.731 0.630 4730
809.476 140.611 0.630 4746
809.556 140.452 0.630 4746
809.596 140.332 0.630 4746
809.676 140.173 0.630 4762
809.716 140.014 0.630 4778
809.756 139.895 0.629 4778
809.836 139.775 0.629 4778
809.876 139.616 0.630 4794
809.917 139.496 0.630 4810
809.957 139.417 0.629 4810
809.997 139.297 0.630 4810
810.037 139.178 0.629 4826
810.077 139.059 0.629 4826
810.157 138.899 0.630 4842
810.237 138.780 0.629 4842
810.317 138.661 0.629 4842
810.357 138.541 0.630 4858
810.437 138.422 0.629 4874
810.518 138.302 0.629 4874
810.558 138.183 0.630 4874
810.638 138.063 0.629 4890
810.678 137.984 0.630 4890
810.758 137.864 0.630 4890
810.798 137.745 0.629 4906
810.838 137.626 0.629 4922
810.918 137.506 0.629 4922
810.958 137.427 0.630 4922
810.998 137.307 0.630 4938
811.119 137.148 0.630 4938
811.159 137.028 0.630 4954
811.199 136.909 0.630 4954
811.239 136.789 0.629 4954
811.279 136.590 0.630 4970
811.319 136.471 0.630 4986
811.399 136.352 0.630 4986
811.439 136.232 0.630 4986
811.479 136.073 0.630 5002
811.519 135.954 0.630 5002
811.599 135.834 0.630 5002
811.639 135.675 0.630 5018
811.680 135.516 0.630 5034
811.720 135.396 0.630 5034
811.800 135.237 0.630 5034
811.880 135.118 0.630 5050
811.920 134.958 0.630 5066
811.960 134.839 0.630 5066
812.040 134.680 0.630 5066
812.080 134.520 0.629 5082
812.120 134.361 0.630 5082
812.200 134.162 0.630 5082
812.240 134.043 0.630 5098
812.321 133.844 0.630 5114
812.361 133.685 0.630 5114
812.441 133.525 0.630 5114
812.521 133.406 0.630 5131
812.561 133.247 0.630 5131
812.641 133.087 0.630 5147
812.681 132.928 0.630 5147
812.761 132.769 0.630 5147
812.801 132.610 0.630 5163
812.841 132.490 0.630 5163
812.881 132.331 0.630 5179
812.922 132.212 0.630 5179
813.002 132.052 0.630 5195
813.082 131.893 0.630 5195
813.122 131.774 0.630 5195
813.202 131.654 0.630 5211
813.242 131.495 0.630 5227
813.282 131.376 0.630 5227
813.362 131.256 0.630 5227
813.402 131.137 0.630 5243
813.482 131.017 0.630 5259
813.523 130.858 0.630 5259
813.603 130.699 0.630 5259
813.683 130.540 0.630 5275
813.723 130.420 0.630 5275
813.803 130.261 0.630 5275
813.883 130.102 0.630 5291
813.963 129.982 0.630 5307
814.003 129.863 0.630 5307
814.083 129.743 0.630 5307
814.124 129.544 0.630 5323
814.204 129.385 0.630 5323
814.244 129.266 0.630 5339
814.284 129.107 0.630 5339
814.364 128.947 0.630 5339
814.404 128.828 0.630 5355
814.444 128.669 0.630 5371
814.524 128.549 0.630 5371
814.564 128.430 0.630 5371
814.604 128.271 0.630 5387
814.644 128.151 0.630 5387
814.684 127.992 0.630 5387
814.725 127.872 0.630 5403
814.765 127.753 0.630 5419
814.845 127.594 0.630 5419
814.885 127.474 0.630 5419
814.965 127.355 0.630 5435
815.085 127.156 0.630 5435
815.125 127.036 0.630 5451
815.165 126.877 0.630 5451
815.205 126.758 0.630 5451
815.285 126.599 0.630 5467
815.326 126.479 0.630 5483
815.366 126.360 0.630 5483
815.406 126.240 0.630 5483
815.446 126.121 0.630 5499
815.526 126.001 0.630 5499
815.526 125.842 0.630 5499
815.566 125.683 0.630 5515
815.606 125.564 0.630 5531
815.686 125.404 0.630 5531
815.726 125.245 0.630 5531
815.766 125.086 0.630 5548
815.806 124.847 0.630 5548
815.846 124.688 0.630 5564
815.886 124.529 0.630 5564
815.927 124.369 0.630 5580
815.967 124.210 0.630 5580
815.967 124.051 0.630 5596
815.967 123.892 0.630 5596
815.967 123.732 0.630 5596
815.967 123.573 0.630 5612
816.007 123.414 0.630 5612
816.007 123.295 0.630 5628
816.047 123.135 0.630 5628
816.047 123.016 0.630 5644
816.087 122.896 0.630 5644
816.127 122.777 0.630 5644
816.127 122.697 0.630 5660
816.167 122.578 0.630 5676
816.207 122.459 0.630 5676
816.247 122.339 0.630 5676
816.247 122.220 0.630 5692
816.287 122.140 0.630 5692
816.327 122.060 0.630 5692
816.327 121.941 0.630 5708
816.327 121.822 0.630 5724
816.367 121.742 0.630 5724
816.367 121.622 0.630 5724
816.407 121.543 0.630 5740
816.407 121.423 0.630 5756
816.407 121.304 0.630 5756
816.407 121.185 0.630 5756
816.447 121.105 0.630 5772
816.447 120.986 0.630 5772
816.447 120.866 0.630 5788
816.447 120.787 0.630 5788
816.528 120.667 0.631 5788
816.528 120.588 0.630 5804
816.528 120.468 0.630 5820
816.568 120.388 0.631 5820
816.568 120.309 0.630 5820
816.568 120.150 0.631 5836
816.608 120.070 0.631 5836
816.608 119.951 0.631 5836
816.608 119.871 0.631 5852
816.608 119.752 0.631 5868
816.608 119.672 0.631 5868
816.608 119.553 0.631 5868
816.608 119.473 0.631 5884
816.608 119.354 0.631 5884
816.608 119.274 0.631 5900
816.608 119.154 0.631 5900
816.608 119.075 0.631 5900
816.608 118.995 0.631 5917
816.608 118.916 0.632 5917
816.608 118.836 0.632 5917
816.608 118.717 0.632 5933
816.608 118.637 0.632 5949
816.608 118.518 0.633 5949
816.608 118.398 0.633 5949
816.608 118.318 0.632 5965
816.568 118.199 0.633 5981
816.528 118.080 0.633 5981
816.487 118.000 0.633 5981
816.447 117.841 0.633 5997
816.407 117.761 0.633 5997
816.367 117.682 0.633 6013
816.287 117.602 0.633 6013
816.247 117.522 0.633 6013
816.207 117.443 0.633 6029
816.127 117.363 0.634 6045
816.087 117.283 0.633 6045
816.007 117.204 0.634 6045
815.927 117.124 0.634 6061
815.846 117.045 0.634 6061
815.766 116.965 0.634 6061
815.726 116.885 0.634 6077
815.646 116.806 0.634 6093
815.566 116.726 0.634 6093
815.486 116.646 0.634 6093
815.406 116.567 0.634 6109
815.326 116.487 0.634 6125
815.245 116.408 0.634 6125
815.165 116.368 0.634 6125
815.085 116.288 0.634 6141
814.965 116.248 0.634 6141
814.885 116.209 0.635 6141
814.805 116.169 0.635 6157
814.725 116.129 0.635 6173
814.644 116.089 0.635 6173
814.564 116.089 0.635 6173
814.484 116.049 0.635 6189
814.364 116.049 0.635 6189
814.284 115.930 0.635 6205
814.164 115.930 0.635 6205
814.083 115.930 0.635 6205
813.963 115.930 0.635 6222
813.883 115.930 0.634 6238
813.763 115.930 0.634 6238
813.683 115.970 0.634 6238
813.603 115.970 0.634 6254
813.482 116.010 0.634 6254
813.402 116.049 0.634 6254
813.282 116.049 0.634 6270
813.202 116.049 0.635 6286
813.122 116.089 0.635 6286
813.002 116.089 0.635 6286
812.922 116.129 0.635 6302
812.801 116.129 0.635 6318
812.721 116.129 0.636 6318
812.641 116.169 0.636 6318
812.521 116.169 0.636 6334
812.441 116.169 0.637 6334
812.361 116.209 0.637 6334
812.280 116.209 0.638 6350
812.240 116.209 0.638 6350
812.160 116.209 0.639 6366
812.040 116.209 0.640 6366
811.960 116.248 0.641 6383
811.880 116.248 0.641 6383
811.800 116.288 0.642 6399
811.680 116.328 0.643 6399
811.599 116.368 0.643 6399
811.519 116.447 0.644 6415
811.439 116.527 0.644 6431
811.279 116.607 0.645 6431
811.199 116.686 0.645 6431
811.119 116.806 0.646 6447
811.038 116.925 0.647 6447
810.958 117.005 0.648 6447
810.878 117.124 0.648 6463
810.798 117.244 0.648 6479
810.718 117.323 0.649 6479
810.678 117.403 0.649 6479
810.598 117.522 0.649 6496
810.518 117.602 0.650 6496
810.437 117.721 0.650 6512
810.397 117.801 0.651 6512
810.317 117.920 0.651 6512
810.277 118.080 0.651 6528
810.197 118.080 0.652 6528
810.157 118.239 0.651 6544
810.117 118.358 0.652 6544
810.077 118.478 0.652 6560
810.037 118.637 0.652 6560
809.997 118.756 0.653 6560
809.957 118.876 0.653 6576
809.917 118.995 0.654 6593
809.917 119.115 0.654 6593
809.876 119.234 0.655 6593
809.876 119.354 0.655 6609
809.836 119.473 0.656 6609
809.836 119.553 0.657 6609
809.836 119.672 0.658 6625
809.836 119.752 0.659 6641
809.836 119.831 0.659 6641
809.836 119.951 0.660 6641
809.836 120.070 0.661 6657
809.836 120.189 0.662 6657
809.836 120.349 0.662 6673
809.836 120.508 0.663 6673
809.836 120.627 0.663 6689
809.836 120.747 0.664 6689
809.836 120.866 0.665 6689
809.836 120.986 0.665 6705
809.836 121.105 0.665 6705
809.836 121.224 0.667 6721
809.836 121.384 0.667 6721
809.836 121.503 0.667 6737
809.836 121.622 0.668 6737
809.876 121.742 0.669 6753
809.917 121.861 0.669 6753
809.917 122.021 0.670 6753
809.957 122.140 0.670 6769
809.997 122.260 0.672 6769
810.037 122.379 0.673 6785
810.077 122.498 0.673 6785
810.117 122.658 0.674 6802
810.117 122.777 0.674 6802
810.157 122.896 0.674 6802
810.157 123.056 0.676 6818
810.157 123.175 0.676 6834
810.157 123.334 0.677 6834
810.197 123.454 0.677 6834
810.197 123.613 0.678 6850
810.237 123.732 0.678 6850
810.197 123.892 0.679 6850
810.237 124.011 0.679 6866
810.277 124.170 0.680 6882
810.317 124.290 0.680 6882
810.357 124.409 0.681 6882
810.397 124.568 0.681 6898
810.437 124.728 0.682 6898
810.477 124.847 0.682 6914
810.558 125.006 0.683 6914
810.598 125.165 0.683 6914
810.638 125.325 0.683 6930
810.718 125.484 0.684 6946
810.758 125.603 0.684 6946
810.798 125.763 0.684 6946
810.838 125.882 0.684 6962
810.878 126.041 0.684 6979
810.958 126.161 0.685 6979
811.078 126.280 0.686 6979
811.119 126.400 0.686 6995
811.199 126.519 0.687 6995
811.279 126.638 0.689 6995
811.319 126.758 0.691 7011
811.399 126.877 0.692 7011
811.479 126.997 0.693 7027
811.559 127.116 0.694 7027
811.680 127.315 0.695 7043
811.760 127.435 0.696 7043
811.840 127.514 0.696 7059
811.960 127.634 0.698 7059
812.080 127.753 0.698 7059
812.160 127.872 0.699 7075
812.280 127.952 0.700 7075
812.401 128.072 0.699 7075
812.521 128.151 0.700 7091
812.641 128.271 0.701 7107
812.801 128.350 0.701 7107
812.922 128.470 0.702 7107
813.042 128.549 0.701 7123
813.162 128.629 0.702 7139
813.322 128.708 0.702 7139
813.442 128.748 0.702 7139
813.563 128.788 0.703 7155
813.723 128.868 0.703 7171
813.843 128.868 0.703 7171
814.003 128.907 0.703 7171
814.124 128.947 0.704 7187
814.284 128.987 0.704 7187
814.444 129.027 0.704 7187
814.604 129.067 0.704 7203
814.765 129.107 0.704 7203
814.925 129.186 0.704 7220
815.125 129.226 0.704 7220
815.245 129.266 0.705 7220
815.446 129.345 0.705 7236
815.606 129.385 0.705 7252
815.766 129.425 0.705 7252
815.967 129.465 0.705 7252
816.167 129.505 0.705 7268
816.327 129.584 0.706 7268
816.487 129.584 0.706 7268
816.688 129.624 0.706 7284
816.848 129.664 0.706 7300
817.008 129.664 0.706 7300
817.169 129.704 0.706 7300
817.289 129.704 0.706 7316
817.449 129.823 0.706 7332
817.569 129.823 0.707 7332
817.730 129.823 0.707 7332
817.850 129.863 0.707 7348
818.010 129.863 0.707 7348
818.130 129.863 0.707 7364
818.250 129.863 0.707 7364
818.371 129.863 0.707 7364
818.531 129.903 0.708 7380
818.651 129.903 0.708 7380
818.771 129.943 0.708 7396
818.891 129.943 0.708 7396
819.012 129.982 0.708 7412
819.132 129.982 0.708 7412
819.252 129.982 0.708 7412
819.372 129.982 0.708 7428
819.533 129.982 0.708 7444
819.653 129.943 0.708 7444
819.813 129.943 0.708 7444
819.933 129.903 0.709 7461
820.053 129.903 0.709 7477
820.214 129.863 0.709 7477
820.294 129.863 0.709 7477
820.414 129.863 0.709 7493
820.534 129.823 0.709 7493
820.654 129.823 0.709 7493
820.775 129.823 0.709 7509
820.895 129.783 0.709 7509
821.015 129.783 0.709 7525
821.135 129.743 0.709 7525
821.295 129.704 0.709 7541
821.456 129.664 0.710 7541
821.616 129.624 0.710 7557
821.776 129.584 0.710 7557
821.896 129.544 0.710 7557
822.057 129.465 0.709 7573
822.217 129.425 0.710 7573
822.377 129.425 0.710 7589
822.497 129.385 0.710 7589
822.618 129.345 0.709 7605
822.778 129.306 0.709 7605
822.898 129.266 0.710 7605
823.058 129.186 0.709 7621
823.219 129.146 0.709 7638
823.339 129.067 0.710 7638
823.459 129.027 0.710 7638
823.619 128.947 0.710 7654
823.740 128.868 0.710 7654
823.900 128.788 0.710 7654
824.060 128.748 0.710 7670
824.180 128.708 0.710 7686
824.341 128.629 0.710 7686
824.461 128.589 0.710 7686
824.581 128.589 0.710 7702
824.701 128.509 0.710 7718
824.821 128.470 0.711 7718
824.942 128.390 0.711 7718
825.062 128.350 0.710 7734
825.182 128.271 0.711 7734
825.302 128.231 0.710 7734
825.462 128.151 0.711 7750
825.583 128.072 0.711 7750
825.703 127.992 0.711 7766
825.863 127.952 0.711 7766
825.983 127.872 0.711 7766
826.104 127.793 0.711 7782
826.224 127.673 0.711 7798
826.384 127.634 0.711 7798
826.504 127.554 0.711 7798
826.624 127.474 0.711 7814
826.785 127.395 0.712 7831
826.945 127.315 0.711 7831
827.065 127.275 0.712 7831
827.185 127.196 0.711 7847
827.346 127.076 0.711 7847
827.466 126.997 0.712 7847
827.586 126.917 0.711 7863
827.706 126.837 0.712 7879
827.826 126.798 0.712 7879
827.947 126.718 0.712 7879
828.067 126.599 0.712 7895
828.187 126.519 0.712 7895
828.307 126.479 0.712 7911
828.467 126.360 0.712 7911
828.588 126.280 0.712 7927
828.708 126.201 0.712 7927
828.868 126.121 0.712 7927
828.988 126.041 0.712 7943
829.149 126.001 0.712 7943
829.269 125.922 0.712 7959
829.429 125.842 0.712 7959
829.549 125.802 0.712 7959
829.710 125.723 0.712 7975
829.830 125.643 0.712 7991
829.950 125.603 0.712 7991
830.070 125.524 0.712 7991
830.190 125.404 0.712 8007
830.351 125.325 0.713 8023
830.471 125.245 0.712 8023
830.591 125.126 0.712 8023
830.711 125.046 0.713 8039
830.871 124.966 0.713 8039
830.992 124.887 0.713 8055
831.112 124.807 0.713 8055
831.232 124.688 0.713 8055
831.392 124.568 0.713 8071
831.472 124.529 0.713 8071
831.593 124.409 0.713 8071
831.713 124.330 0.713 8087
831.873 124.250 0.713 8103
831.953 124.170 0.713 8103
832.073 124.051 0.713 8103
832.194 123.971 0.713 8119
832.314 123.892 0.713 8135
832.474 123.812 0.713 8135
832.554 123.732 0.713 8135
832.674 123.613 0.713 8151
832.795 123.533 0.713 8151
832.915 123.454 0.712 8167
832.995 123.334 0.713 8167
833.075 123.215 0.713 8183
833.195 123.135 0.713 8183
833.315 123.056 0.713 8183
833.396 122.976 0.713 8199
833.516 122.857 0.713 8199
833.636 122.777 0.713 8215
833.756 122.697 0.714 8215
833.876 122.578 0.713 8231
833.997 122.498 0.714 8231
834.117 122.419 0.714 8248
834.237 122.299 0.713 8248
834.357 122.180 0.713 8248
834.477 122.100 0.714 8265
834.598 122.021 0.714 8265
834.678 121.941 0.714 8265
834.798 121.822 0.714 8281
834.918 121.742 0.713 8297
834.998 121.662 0.713 8297
835.119 121.583 0.714 8297
835.199 121.503 0.714 8313
835.359 121.384 0.714 8329
835.479 121.304 0.713 8329
835.599 121.224 0.714 8329
835.720 121.145 0.714 8345
835.840 121.065 0.714 8345
835.960 120.986 0.713 8345
836.080 120.906 0.714 8361
836.200 120.826 0.714 8378
836.321 120.747 0.713 8378
836.441 120.667 0.714 8378
836.521 120.588 0.714 8394
836.681 120.508 0.714 8394
836.801 120.388 0.713 8410
836.922 120.309 0.714 8410
837.042 120.189 0.714 8410
837.162 120.110 0.714 8426
837.282 119.951 0.714 8442
837.402 119.871 0.714 8442
837.482 119.752 0.714 8442
837.603 119.672 0.715 8458
837.723 119.592 0.714 8458
837.803 119.513 0.714 8458
837.923 119.433 0.715 8474
838.043 119.354 0.714 8491
838.124 119.274 0.714 8491
838.284 119.234 0.714 8491
838.404 119.154 0.715 8507
838.524 119.075 0.714 8507
838.684 118.995 0.714 8523
838.805 118.916 0.714 8523
838.925 118.836 0.714 8539
839.005 118.717 0.715 8539
839.165 118.637 0.714 8539
839.245 118.597 0.715 8555
839.366 118.478 0.715 8555
839.486 118.398 0.715 8571
839.606 118.318 0.715 8571
839.726 118.239 0.715 8571
839.806 118.159 0.715 8587
839.927 118.040 0.716 8603
840.047 117.960 0.715 8603
840.127 117.881 0.715 8603
840.247 117.801 0.717 8619
840.367 117.721 0.716 8635
840.487 117.642 0.717 8635
840.568 117.522 0.717 8635
840.688 117.443 0.718 8651
840.768 117.363 0.719 8651
840.888 117.283 0.721 8651
840.968 117.204 0.721 8667
841.048 117.124 0.723 8683
841.169 117.084 0.724 8683
841.249 117.045 0.725 8683
841.329 116.965 0.726 8699
841.369 116.925 0.726 8699
841.409 116.885 0.728 8715
841.489 116.885 0.728 8715
841.529 116.846 0.729 8731
841.569 116.806 0.729 8731
841.609 116.766 0.730 8731
841.690 116.726 0.731 8747
841.730 116.726 0.733 8747
841.770 116.686 0.733 8763
841.850 116.646 0.735 8763
841.850 116.646 0.737 8763
841.890 116.607 0.738 8779
841.890 116.567 0.739 8795
841.930 116.567 0.742 8795
841.930 116.527 0.744 8795
841.930 116.527 0.746 8811
841.930 116.487 0.747 8827
841.930 116.487 0.747 8827
841.970 116.487 0.748 8827
841.970 116.487 0.749 8843
842.010 116.527 0.748 8843
842.090 116.527 0.748 8859
842.170 116.567 0.738 8859
842.170 116.567 0.681 8875
842.170 116.527 0.548 8875
842.170 116.089 0.223 8891

