% x_coordinate y_coordinate pressure time
% shape 0, 1059 points
851.270 371.008 0.061 0
851.270 370.929 0.087 0
851.270 370.889 0.103 0
851.270 370.889 0.141 16
851.270 370.889 0.160 16
851.270 370.889 0.175 32
851.270 370.889 0.186 32
851.270 370.889 0.196 48
851.270 370.889 0.209 48
851.270 370.849 0.222 48
851.270 370.849 0.236 64
851.270 370.770 0.246 81
851.270 370.690 0.257 81
851.270 370.610 0.269 81
851.270 370.531 0.280 97
851.270 370.411 0.293 113
851.270 370.292 0.308 113
851.270 370.212 0.322 113
851.310 370.093 0.332 129
851.351 370.013 0.339 129
851.431 369.894 0.342 129
851.471 369.774 0.345 145
851.551 369.695 0.348 145
851.631 369.655 0.351 161
851.711 369.536 0.354 161
851.791 369.416 0.357 177
851.871 369.257 0.361 177
851.992 369.137 0.364 194
852.072 368.978 0.367 194
852.112 368.819 0.370 194
852.192 368.660 0.376 210
852.272 368.461 0.383 210
852.352 368.262 0.388 226
852.432 368.102 0.396 226
852.472 367.943 0.404 242
852.553 367.784 0.412 242
852.633 367.625 0.418 242
852.673 367.466 0.423 258
852.753 367.306 0.427 274
852.833 367.107 0.431 274
852.993 366.948 0.436 274
853.114 366.749 0.439 290
853.234 366.590 0.441 290
853.394 366.431 0.444 290
853.514 366.311 0.445 307
853.634 366.152 0.446 323
853.755 365.993 0.447 323
853.835 365.873 0.448 323
853.915 365.754 0.450 339
854.035 365.634 0.454 339
854.115 365.475 0.459 355
854.276 365.316 0.467 355
854.356 365.196 0.476 355
854.516 364.997 0.483 371
854.676 364.798 0.487 387
854.876 364.639 0.490 387
855.037 364.440 0.491 387
855.237 364.201 0.493 403
855.437 364.002 0.494 403
855.638 363.843 0.496 403
855.798 363.684 0.497 420
855.918 363.564 0.499 436
856.038 363.445 0.500 436
856.159 363.365 0.501 436
856.239 363.286 0.502 452
856.359 363.206 0.505 468
856.439 363.126 0.507 468
856.559 363.047 0.508 468
856.680 362.967 0.509 485
856.800 362.848 0.510 485
856.960 362.768 0.511 485
857.120 362.649 0.512 501
857.280 362.529 0.513 501
857.441 362.450 0.514 517
857.601 362.370 0.516 517
857.721 362.330 0.517 533
857.881 362.290 0.518 533
858.002 362.211 0.519 549
858.162 362.171 0.519 549
858.282 362.131 0.520 549
858.402 362.091 0.520 565
858.523 362.012 0.520 565
858.643 361.972 0.521 565
858.763 361.932 0.522 581
858.883 361.853 0.522 598
859.003 361.813 0.523 598
859.124 361.733 0.524 598
859.244 361.693 0.525 614
859.364 361.654 0.527 630
859.524 361.614 0.527 630
859.644 361.574 0.528 630
859.765 361.534 0.529 646
859.885 361.494 0.529 646
860.045 361.494 0.530 646
860.165 361.335 0.530 662
860.366 361.295 0.530 678
860.486 361.295 0.530 678
860.646 361.295 0.531 678
860.766 361.255 0.531 694
860.927 361.216 0.531 694
861.047 361.176 0.532 711
861.167 361.136 0.532 711
861.247 361.096 0.535 727
861.367 361.017 0.540 727
861.487 360.977 0.546 727
861.568 360.897 0.552 743
861.688 360.857 0.556 743
861.808 360.778 0.558 759
861.928 360.738 0.559 759
862.048 360.698 0.560 759
862.129 360.658 0.560 775
862.289 360.618 0.561 791
862.369 360.579 0.561 791
862.489 360.579 0.561 791
862.609 360.539 0.561 808
862.689 360.539 0.561 808
862.810 360.539 0.561 808
862.930 360.539 0.561 824
863.010 360.499 0.561 840
863.130 360.499 0.562 840
863.210 360.499 0.561 840
863.250 360.499 0.561 856
863.331 360.499 0.562 856
863.411 360.499 0.562 872
863.491 360.499 0.562 872
863.571 360.499 0.563 872
863.731 360.499 0.563 888
863.851 360.499 0.563 905
864.012 360.459 0.564 905
864.132 360.419 0.564 905
864.252 360.380 0.565 921
864.372 360.380 0.567 921
864.492 360.380 0.567 921
864.613 360.380 0.568 937
864.693 360.419 0.568 953
864.773 360.459 0.568 953
864.893 360.499 0.568 953
864.973 360.539 0.569 969
865.093 360.579 0.569 985
865.214 360.618 0.570 985
865.334 360.658 0.570 985
865.454 360.658 0.570 1001
865.574 360.698 0.570 1001
865.654 360.698 0.571 1001
865.775 360.698 0.571 1017
865.895 360.698 0.572 1017
866.015 360.698 0.574 1033
866.095 360.698 0.574 1033
866.215 360.738 0.576 1050
866.336 360.778 0.577 1050
866.456 360.818 0.577 1066
866.576 360.857 0.579 1066
866.656 360.897 0.579 1066
866.776 360.937 0.580 1082
866.937 361.017 0.579 1098
867.057 361.056 0.580 1098
867.217 361.136 0.580 1098
867.377 361.176 0.580 1114
867.538 361.216 0.580 1114
867.738 361.216 0.580 1114
867.858 361.255 0.580 1130
867.978 361.255 0.581 1146
868.099 361.255 0.581 1146
868.219 361.335 0.582 1146
868.339 361.335 0.583 1163
868.459 361.335 0.584 1163
868.579 361.335 0.585 1179
868.659 361.375 0.586 1179
868.780 361.375 0.586 1195
868.860 361.415 0.587 1195
868.980 361.415 0.587 1195
869.100 361.454 0.587 1211
869.180 361.494 0.587 1211
869.300 361.534 0.588 1227
869.421 361.574 0.587 1227
869.541 361.614 0.588 1243
869.661 361.654 0.588 1243
869.781 361.654 0.588 1259
869.942 361.693 0.588 1259
870.062 361.733 0.588 1259
870.142 361.773 0.588 1275
870.262 361.853 0.588 1275
870.342 361.892 0.589 1275
870.422 361.932 0.589 1292
870.543 361.972 0.589 1308
870.623 362.052 0.590 1308
870.743 362.091 0.590 1308
870.863 362.171 0.591 1324
870.983 362.251 0.591 1340
871.104 362.330 0.592 1340
871.224 362.370 0.592 1340
871.344 362.450 0.592 1356
871.504 362.490 0.593 1356
871.624 362.569 0.593 1372
871.745 362.609 0.593 1372
871.865 362.689 0.594 1372
872.025 362.728 0.594 1389
872.145 362.808 0.595 1405
872.265 362.848 0.596 1405
872.386 362.927 0.596 1405
872.466 363.007 0.596 1421
872.546 363.087 0.597 1421
872.666 363.206 0.597 1421
872.786 363.246 0.597 1437
872.866 363.326 0.597 1453
872.987 363.405 0.598 1453
873.107 363.485 0.598 1453
873.227 363.525 0.598 1470
873.347 363.564 0.598 1470
873.467 363.684 0.599 1486
873.548 363.763 0.599 1486
873.668 363.803 0.600 1486
873.748 363.883 0.600 1502
873.788 363.962 0.601 1502
873.868 364.042 0.601 1518
873.948 364.122 0.602 1518
874.028 364.201 0.603 1534
874.109 364.281 0.604 1534
874.189 364.360 0.605 1534
874.269 364.480 0.605 1550
874.349 364.560 0.606 1567
874.429 364.599 0.606 1567
874.469 364.679 0.607 1567
874.549 364.759 0.608 1583
874.589 364.838 0.608 1583
874.669 364.878 0.608 1583
874.750 364.918 0.609 1599
874.790 364.997 0.609 1615
874.870 365.037 0.609 1615
874.910 365.117 0.610 1615
874.950 365.196 0.610 1631
875.030 365.236 0.611 1631
875.070 365.316 0.611 1648
875.110 365.395 0.611 1648
875.150 365.475 0.612 1664
875.190 365.555 0.612 1664
875.230 365.594 0.612 1664
875.311 365.674 0.613 1680
875.351 365.754 0.613 1680
875.391 365.833 0.614 1696
875.431 365.873 0.614 1696
875.471 365.953 0.614 1696
875.511 366.072 0.614 1712
875.511 366.112 0.615 1728
875.551 366.192 0.615 1728
875.551 366.231 0.615 1728
875.591 366.311 0.616 1744
875.631 366.391 0.616 1744
875.671 366.470 0.616 1744
875.711 366.550 0.617 1760
875.711 366.590 0.617 1777
875.751 366.669 0.617 1777
875.791 366.749 0.617 1777
875.791 366.829 0.618 1793
875.831 366.908 0.618 1809
875.831 366.988 0.618 1809
875.871 367.068 0.618 1809
875.911 367.147 0.618 1825
875.952 367.227 0.618 1825
875.952 367.267 0.618 1825
875.992 367.346 0.619 1842
876.032 367.426 0.618 1858
876.032 367.505 0.618 1858
876.032 367.585 0.619 1858
876.032 367.665 0.619 1874
876.032 367.744 0.619 1874
876.072 367.824 0.620 1890
876.072 367.943 0.620 1890
876.072 368.023 0.620 1890
876.072 368.102 0.620 1906
876.112 368.182 0.620 1906
876.112 368.262 0.621 1922
876.112 368.341 0.620 1922
876.112 368.461 0.620 1938
876.112 368.540 0.621 1938
876.112 368.620 0.621 1938
876.112 368.660 0.621 1955
876.112 368.739 0.621 1971
876.112 368.819 0.621 1971
876.112 368.899 0.621 1971
876.112 368.978 0.622 1987
876.112 369.058 0.622 1987
876.112 369.137 0.622 1987
876.112 369.217 0.622 2003
876.112 369.257 0.622 2019
876.112 369.336 0.622 2019
876.112 369.376 0.622 2019
876.112 369.456 0.622 2035
876.112 369.536 0.622 2035
876.112 369.615 0.622 2051
876.112 369.695 0.622 2051
876.112 369.774 0.623 2067
876.112 369.854 0.623 2067
876.112 369.934 0.623 2067
876.112 370.053 0.623 2084
876.112 370.133 0.623 2084
876.112 370.212 0.623 2100
876.112 370.252 0.623 2100
876.112 370.332 0.623 2116
876.112 370.411 0.623 2116
876.112 370.531 0.623 2132
876.112 370.610 0.623 2132
876.072 370.730 0.623 2132
876.032 370.889 0.623 2148
876.032 371.008 0.623 2165
876.032 371.088 0.624 2165
875.992 371.208 0.623 2165
875.911 371.287 0.624 2181
875.871 371.407 0.624 2181
875.871 371.486 0.624 2181
875.831 371.566 0.624 2197
875.791 371.685 0.624 2197
875.751 371.765 0.624 2213
875.751 371.844 0.624 2213
875.751 371.924 0.624 2213
875.711 372.004 0.624 2229
875.711 372.044 0.624 2245
875.671 372.123 0.624 2245
875.671 372.203 0.624 2245
875.631 372.243 0.624 2262
875.591 372.322 0.624 2278
875.551 372.402 0.624 2278
875.511 372.481 0.625 2278
875.431 372.561 0.624 2294
875.391 372.680 0.624 2294
875.351 372.760 0.625 2294
875.311 372.840 0.624 2310
875.311 372.959 0.624 2326
875.270 373.039 0.625 2326
875.270 373.118 0.624 2326
875.270 373.238 0.624 2343
875.270 373.317 0.624 2343
875.230 373.357 0.624 2359
875.230 373.437 0.625 2359
875.230 373.516 0.624 2375
875.190 373.596 0.624 2375
875.190 373.676 0.625 2375
875.150 373.755 0.625 2391
875.150 373.875 0.624 2391
875.110 373.954 0.625 2407
875.110 374.074 0.624 2407
875.070 374.153 0.625 2407
875.070 374.233 0.625 2424
875.030 374.352 0.625 2440
875.030 374.392 0.624 2440
875.030 374.472 0.625 2440
875.030 374.551 0.624 2456
874.990 374.631 0.625 2456
874.990 374.711 0.625 2456
874.990 374.790 0.624 2472
874.950 374.870 0.625 2488
874.950 374.950 0.625 2488
874.910 375.029 0.625 2488
874.910 375.109 0.625 2504
874.870 375.149 0.625 2520
874.830 375.228 0.625 2520
874.830 375.308 0.625 2520
874.790 375.387 0.625 2537
874.790 375.467 0.625 2537
874.750 375.586 0.625 2537
874.750 375.666 0.625 2553
874.710 375.746 0.625 2553
874.669 375.825 0.625 2569
874.669 375.905 0.625 2569
874.629 375.985 0.625 2569
874.589 376.064 0.625 2585
874.549 376.144 0.625 2601
874.509 376.223 0.625 2601
874.469 376.343 0.625 2601
874.429 376.422 0.625 2617
874.389 376.502 0.626 2633
874.349 376.542 0.625 2633
874.309 376.621 0.625 2633
874.269 376.701 0.626 2650
874.229 376.781 0.625 2650
874.189 376.860 0.626 2650
874.149 376.980 0.626 2666
874.109 377.059 0.626 2682
874.109 377.179 0.626 2682
874.068 377.258 0.625 2682
874.028 377.378 0.626 2698
874.028 377.497 0.626 2698
873.988 377.577 0.625 2714
873.988 377.696 0.625 2714
873.948 377.776 0.626 2730
873.908 377.855 0.626 2730
873.908 377.975 0.626 2730
873.868 378.055 0.626 2747
873.868 378.134 0.625 2747
873.828 378.214 0.626 2763
873.828 378.293 0.626 2763
873.788 378.333 0.625 2763
873.748 378.453 0.626 2779
873.708 378.492 0.626 2795
873.708 378.612 0.626 2795
873.708 378.691 0.627 2795
873.668 378.771 0.626 2811
873.668 378.851 0.627 2811
873.628 378.930 0.627 2811
873.628 379.050 0.627 2827
873.588 379.129 0.627 2844
873.588 379.209 0.627 2844
873.548 379.289 0.627 2844
873.508 379.408 0.628 2860
873.467 379.488 0.628 2876
873.467 379.567 0.628 2876
873.427 379.647 0.629 2876
873.427 379.727 0.629 2892
873.387 379.846 0.630 2892
873.387 379.926 0.630 2892
873.347 380.045 0.630 2909
873.347 380.125 0.630 2909
873.307 380.204 0.630 2925
873.307 380.363 0.630 2925
873.307 380.403 0.630 2941
873.267 380.483 0.631 2941
873.267 380.563 0.631 2957
873.267 380.602 0.632 2957
873.227 380.682 0.633 2957
873.227 380.722 0.634 2973
873.227 380.762 0.636 2973
873.187 380.841 0.637 2989
873.187 380.881 0.637 2989
873.147 380.961 0.639 3005
873.147 381.000 0.639 3005
873.107 381.080 0.640 3005
873.107 381.120 0.640 3021
873.107 381.199 0.641 3037
873.067 381.239 0.642 3037
873.067 381.319 0.643 3037
873.067 381.398 0.643 3054
873.027 381.478 0.645 3054
872.987 381.558 0.647 3054
872.987 381.637 0.647 3070
872.947 381.717 0.648 3086
872.906 381.797 0.648 3086
872.866 381.876 0.649 3086
872.866 381.956 0.649 3102
872.866 382.035 0.649 3102
872.826 382.075 0.649 3118
872.826 382.155 0.650 3118
872.786 382.195 0.650 3118
872.746 382.274 0.650 3134
872.746 382.354 0.651 3151
872.706 382.433 0.651 3151
872.706 382.513 0.651 3151
872.666 382.593 0.652 3167
872.626 382.672 0.652 3183
872.626 382.792 0.653 3183
872.586 382.871 0.653 3183
872.586 382.911 0.653 3199
872.546 382.991 0.654 3199
872.546 383.070 0.654 3199
872.506 383.150 0.654 3215
872.466 383.230 0.655 3215
872.426 383.309 0.656 3231
872.426 383.389 0.656 3231
872.386 383.468 0.657 3248
872.346 383.508 0.657 3248
872.346 383.588 0.658 3264
872.306 383.667 0.658 3264
872.306 383.747 0.658 3264
872.265 383.827 0.658 3280
872.265 383.906 0.659 3280
872.225 383.986 0.659 3296
872.225 384.066 0.660 3296
872.185 384.145 0.660 3312
872.185 384.185 0.661 3312
872.185 384.265 0.662 3312
872.145 384.344 0.662 3329
872.105 384.424 0.663 3345
872.105 384.464 0.664 3345
872.105 384.543 0.665 3345
872.105 384.623 0.665 3361
872.105 384.663 0.667 3361
872.065 384.742 0.667 3361
872.065 384.782 0.667 3377
872.065 384.862 0.668 3393
872.065 384.941 0.668 3393
872.065 385.021 0.668 3393
872.025 385.140 0.668 3409
872.025 385.220 0.668 3409
872.025 385.300 0.669 3425
872.025 385.339 0.669 3425
872.025 385.419 0.669 3441
871.985 385.499 0.670 3441
871.985 385.578 0.670 3441
871.985 385.618 0.671 3457
871.945 385.698 0.672 3457
871.945 385.777 0.672 3474
871.905 385.857 0.673 3474
871.905 385.937 0.674 3474
871.865 386.016 0.674 3490
871.865 386.096 0.674 3506
871.825 386.175 0.674 3506
871.825 386.255 0.675 3506
871.825 386.295 0.676 3522
871.825 386.375 0.677 3522
871.785 386.454 0.677 3522
871.785 386.534 0.678 3538
871.785 386.613 0.678 3555
871.785 386.693 0.679 3555
871.785 386.773 0.679 3555
871.785 386.852 0.680 3571
871.785 386.932 0.680 3587
871.785 386.972 0.680 3587
871.785 387.091 0.680 3587
871.785 387.171 0.681 3603
871.785 387.250 0.681 3603
871.785 387.330 0.681 3603
871.785 387.409 0.682 3619
871.785 387.569 0.681 3635
871.785 387.648 0.682 3635
871.785 387.768 0.682 3635
871.785 387.847 0.682 3651
871.785 387.927 0.682 3651
871.785 388.046 0.682 3668
871.785 388.126 0.682 3668
871.785 388.245 0.683 3668
871.785 388.325 0.683 3684
871.785 388.445 0.683 3684
871.785 388.524 0.683 3700
871.785 388.604 0.683 3700
871.785 388.683 0.683 3716
871.785 388.763 0.683 3716
871.785 388.843 0.683 3716
871.785 388.922 0.684 3732
871.785 388.962 0.684 3749
871.785 389.042 0.685 3749
871.785 389.121 0.684 3749
871.785 389.201 0.685 3765
871.785 389.280 0.685 3765
871.785 389.400 0.685 3765
871.785 389.480 0.685 3781
871.785 389.599 0.685 3797
871.785 389.718 0.686 3797
871.785 389.838 0.686 3813
871.785 390.037 0.686 3829
871.785 390.156 0.686 3829
871.785 390.276 0.686 3829
871.785 390.395 0.686 3846
871.785 390.515 0.686 3846
871.785 390.594 0.686 3846
871.785 390.714 0.687 3862
871.785 390.793 0.686 3862
871.785 390.873 0.687 3878
871.825 390.992 0.687 3878
871.825 391.072 0.687 3894
871.825 391.151 0.687 3894
871.825 391.271 0.687 3910
871.825 391.351 0.688 3910
871.865 391.430 0.688 3910
871.865 391.510 0.688 3926
871.905 391.629 0.688 3943
871.905 391.709 0.688 3943
871.945 391.828 0.688 3943
871.985 391.908 0.688 3959
872.025 391.987 0.689 3959
872.065 392.107 0.689 3959
872.105 392.186 0.689 3975
872.145 392.306 0.689 3991
872.185 392.425 0.688 3991
872.225 392.505 0.689 3991
872.265 392.585 0.689 4007
872.306 392.704 0.689 4023
872.346 392.784 0.690 4023
872.386 392.863 0.691 4023
872.426 392.943 0.690 4039
872.466 393.022 0.691 4039
872.506 393.102 0.691 4039
872.546 393.182 0.691 4055
872.586 393.222 0.692 4055
872.626 393.301 0.692 4071
872.706 393.341 0.693 4071
872.746 393.421 0.694 4071
872.826 393.460 0.695 4087
872.906 393.540 0.696 4104
872.947 393.620 0.697 4104
873.027 393.699 0.698 4104
873.107 393.779 0.699 4120
873.187 393.898 0.701 4120
873.267 393.938 0.702 4120
873.347 394.018 0.704 4136
873.387 394.058 0.705 4152
873.508 394.137 0.707 4152
873.588 394.177 0.709 4152
873.628 394.217 0.710 4168
873.708 394.296 0.711 4185
873.788 394.336 0.713 4185
873.828 394.376 0.713 4185
873.908 394.456 0.713 4201
873.988 394.495 0.714 4201
874.068 394.535 0.714 4217
874.189 394.575 0.714 4217
874.269 394.694 0.714 4217
874.349 394.734 0.714 4233
874.429 394.774 0.715 4233
874.509 394.814 0.714 4249
874.589 394.854 0.715 4249
874.669 394.893 0.717 4266
874.750 394.893 0.717 4266
874.830 394.933 0.717 4266
874.950 394.933 0.718 4282
875.030 394.973 0.719 4298
875.150 395.093 0.720 4298
875.230 395.132 0.720 4298
875.311 395.172 0.721 4314
875.391 395.172 0.721 4314
875.471 395.212 0.722 4314
875.591 395.252 0.722 4330
875.671 395.292 0.723 4346
875.751 395.292 0.723 4346
875.871 395.331 0.723 4346
875.952 395.331 0.724 4363
876.112 395.371 0.724 4363
876.192 395.371 0.724 4379
876.312 395.371 0.726 4379
876.432 395.371 0.726 4395
876.513 395.411 0.728 4395
876.633 395.411 0.729 4395
876.753 395.411 0.730 4411
876.833 395.411 0.731 4411
876.913 395.451 0.732 4427
876.993 395.451 0.733 4427
877.114 395.491 0.733 4427
877.194 395.491 0.734 4443
877.274 395.530 0.733 4459
877.394 395.570 0.734 4459
877.514 395.610 0.734 4459
877.594 395.610 0.735 4476
877.715 395.650 0.735 4492
877.795 395.650 0.735 4492
877.915 395.650 0.735 4492
878.035 395.690 0.735 4508
878.155 395.690 0.736 4508
878.275 395.690 0.737 4508
878.356 395.690 0.738 4524
878.476 395.729 0.737 4540
878.556 395.729 0.738 4540
878.676 395.769 0.739 4540
878.756 395.769 0.739 4556
878.836 395.769 0.739 4556
878.917 395.769 0.739 4573
879.037 395.809 0.738 4573
879.117 395.809 0.739 4573
879.237 395.809 0.739 4589
879.357 395.849 0.739 4589
879.477 395.849 0.739 4605
879.558 395.849 0.740 4605
879.718 395.849 0.740 4621
879.798 395.849 0.740 4621
879.958 395.849 0.740 4621
880.119 395.849 0.740 4637
880.239 395.849 0.740 4654
880.359 395.849 0.740 4654
880.479 395.849 0.741 4654
880.639 395.849 0.740 4670
880.760 395.849 0.740 4670
880.840 395.849 0.741 4670
880.960 395.809 0.741 4686
881.080 395.809 0.740 4702
881.200 395.769 0.742 4702
881.321 395.769 0.741 4702
881.441 395.769 0.741 4718
881.561 395.769 0.742 4735
881.681 395.769 0.741 4735
881.801 395.769 0.741 4735
881.922 395.769 0.741 4751
882.042 395.769 0.742 4751
882.162 395.809 0.742 4751
882.282 395.809 0.741 4767
882.402 395.809 0.741 4783
882.523 395.809 0.741 4783
882.683 395.809 0.742 4783
882.803 395.809 0.741 4799
882.923 395.769 0.741 4799
883.043 395.769 0.741 4816
883.164 395.729 0.742 4816
883.284 395.690 0.743 4816
883.404 395.690 0.742 4832
883.524 395.650 0.743 4832
883.644 395.650 0.742 4848
883.805 395.650 0.743 4848
883.965 395.650 0.742 4864
884.045 395.650 0.742 4864
884.165 395.610 0.743 4864
884.286 395.610 0.742 4880
884.406 395.570 0.743 4896
884.526 395.570 0.742 4896
884.686 395.530 0.743 4896
884.806 395.491 0.743 4912
884.927 395.451 0.742 4912
885.047 395.451 0.743 4912
885.167 395.411 0.743 4929
885.327 395.371 0.743 4945
885.407 395.331 0.743 4945
885.568 395.292 0.743 4945
885.688 395.252 0.744 4961
885.808 395.212 0.744 4977
885.968 395.172 0.745 4977
886.088 395.132 0.745 4977
886.209 395.093 0.745 4993
886.329 395.053 0.745 4993
886.449 395.013 0.745 4993
886.569 394.933 0.745 5009
886.690 394.893 0.745 5009
886.810 394.854 0.745 5025
886.930 394.814 0.745 5025
887.050 394.734 0.746 5041
887.250 394.655 0.747 5041
887.371 394.615 0.746 5058
887.491 394.495 0.746 5058
887.651 394.416 0.747 5058
887.771 394.336 0.747 5074
887.891 394.257 0.747 5074
887.972 394.177 0.747 5091
888.052 394.097 0.747 5091
888.172 394.058 0.747 5107
888.252 393.938 0.748 5107
888.332 393.898 0.748 5107
888.412 393.819 0.747 5123
888.533 393.739 0.748 5123
888.613 393.659 0.748 5123
888.693 393.540 0.749 5139
888.773 393.460 0.748 5155
888.853 393.421 0.748 5155
888.973 393.341 0.750 5155
889.053 393.261 0.748 5172
889.134 393.182 0.748 5188
889.214 393.142 0.750 5188
889.334 393.062 0.748 5188
889.414 392.983 0.750 5204
889.494 392.903 0.750 5204
889.574 392.823 0.748 5220
889.654 392.744 0.750 5220
889.735 392.664 0.748 5236
889.815 392.545 0.748 5236
889.895 392.465 0.748 5236
889.975 392.425 0.748 5252
890.055 392.385 0.750 5252
890.175 392.346 0.749 5268
890.255 392.266 0.750 5268
890.295 392.226 0.749 5268
890.376 392.226 0.749 5284
890.456 392.186 0.748 5301
890.536 392.067 0.750 5301
890.576 392.027 0.750 5301
890.656 391.987 0.748 5317
890.736 391.948 0.749 5317
890.816 391.908 0.750 5317
890.897 391.828 0.749 5333
890.977 391.788 0.750 5349
891.097 391.749 0.750 5349
891.177 391.709 0.749 5349
891.297 391.629 0.750 5366
891.377 391.550 0.750 5382
891.457 391.470 0.751 5382
891.497 391.390 0.750 5382
891.578 391.311 0.750 5398
891.618 391.231 0.751 5398
891.658 391.151 0.751 5398
891.738 391.112 0.750 5414
891.818 390.992 0.751 5414
891.898 390.913 0.750 5430
891.978 390.833 0.750 5430
892.058 390.714 0.750 5446
892.139 390.634 0.750 5446
892.219 390.554 0.751 5463
892.299 390.435 0.751 5463
892.339 390.355 0.751 5463
892.379 390.276 0.750 5479
892.459 390.196 0.751 5495
892.499 390.117 0.751 5495
892.539 390.037 0.752 5495
892.579 389.957 0.751 5511
892.619 389.878 0.752 5511
892.699 389.758 0.751 5511
892.740 389.639 0.751 5527
892.780 389.559 0.752 5544
892.900 389.480 0.751 5544
892.940 389.400 0.751 5544
893.020 389.320 0.751 5560
893.100 389.241 0.752 5560
893.180 389.161 0.751 5576
893.260 389.042 0.752 5576
893.341 388.962 0.753 5592
893.421 388.882 0.752 5592
893.461 388.763 0.752 5592
893.541 388.644 0.752 5609
893.581 388.564 0.753 5609
893.661 388.445 0.753 5625
893.701 388.365 0.752 5625
893.741 388.245 0.753 5625
893.781 388.126 0.754 5641
893.821 388.007 0.753 5657
893.861 388.007 0.753 5657
893.901 387.847 0.753 5657
893.982 387.688 0.754 5673
894.022 387.529 0.754 5673
894.062 387.370 0.753 5673
894.102 387.210 0.754 5689
894.102 387.091 0.754 5705
894.142 386.932 0.754 5705
894.182 386.852 0.754 5705
894.262 386.733 0.755 5722
894.302 386.653 0.755 5738
894.342 386.574 0.754 5738
894.382 386.454 0.754 5738
894.422 386.375 0.754 5754
894.462 386.255 0.754 5754
894.503 386.175 0.754 5754
894.543 386.056 0.755 5770
894.583 385.937 0.755 5770
894.623 385.817 0.754 5786
894.663 385.738 0.755 5786
894.703 385.578 0.755 5802
894.743 385.459 0.755 5802
894.783 385.339 0.755 5819
894.823 385.220 0.755 5819
894.863 385.140 0.755 5819
894.903 385.061 0.754 5835
894.943 384.981 0.754 5835
895.023 384.862 0.755 5851
895.023 384.822 0.755 5851
895.063 384.742 0.755 5867
895.103 384.663 0.755 5867
895.144 384.623 0.755 5867
895.184 384.543 0.755 5883
895.224 384.464 0.755 5899
895.304 384.384 0.755 5899
895.344 384.265 0.755 5899
895.384 384.185 0.755 5916
895.424 384.105 0.755 5916
895.464 383.986 0.754 5916
895.504 383.906 0.755 5932
895.544 383.827 0.755 5948
895.584 383.707 0.754 5948
895.624 383.628 0.755 5948
895.664 383.548 0.755 5964
895.664 383.429 0.755 5964
895.705 383.309 0.755 5980
895.745 383.190 0.756 5980
895.745 383.070 0.755 5996
895.785 382.951 0.755 5996
895.825 382.832 0.756 6013
895.865 382.712 0.755 6013
895.905 382.553 0.756 6013
895.945 382.394 0.755 6029
895.985 382.234 0.755 6029
896.025 382.115 0.756 6029
896.065 381.996 0.755 6045
896.065 381.836 0.755 6061
896.105 381.717 0.756 6061
896.145 381.597 0.756 6061
896.185 381.518 0.756 6077
896.185 381.398 0.756 6093
896.225 381.279 0.756 6093
896.306 381.199 0.755 6093
896.306 381.080 0.756 6109
896.346 380.961 0.756 6109
896.386 380.841 0.756 6109
896.466 380.682 0.756 6126
896.466 380.523 0.756 6126
896.506 380.363 0.756 6142
896.546 380.204 0.756 6142
896.586 380.045 0.756 6158
896.626 379.886 0.756 6158
896.666 379.766 0.756 6174
896.706 379.647 0.756 6174
896.746 379.527 0.756 6174
896.826 379.448 0.756 6190
896.866 379.328 0.757 6206
896.906 379.209 0.757 6206
896.906 379.129 0.757 6206
896.947 379.010 0.757 6222
896.987 378.930 0.757 6222
897.027 378.811 0.757 6222
897.027 378.691 0.758 6238
897.067 378.572 0.757 6254
897.107 378.453 0.757 6254
897.147 378.293 0.758 6254
897.187 378.214 0.758 6271
897.227 378.094 0.758 6271
897.267 377.975 0.758 6287
897.347 377.855 0.758 6287
897.387 377.696 0.759 6287
897.427 377.577 0.759 6303
897.467 377.497 0.760 6319
897.508 377.378 0.760 6319
897.548 377.298 0.761 6319
897.588 377.219 0.761 6335
897.628 377.099 0.761 6335
897.668 377.020 0.761 6335
897.708 376.900 0.763 6352
897.748 376.741 0.764 6368
897.828 376.621 0.766 6368
897.868 376.462 0.767 6368
897.948 376.303 0.768 6384
897.988 376.184 0.769 6384
898.068 376.024 0.768 6400
898.149 375.865 0.771 6400
898.189 375.706 0.771 6416
898.269 375.586 0.771 6416
898.309 375.427 0.773 6416
898.389 375.268 0.774 6432
898.389 375.149 0.776 6432
898.469 374.989 0.777 6449
898.469 374.870 0.779 6449
898.509 374.790 0.780 6449
898.589 374.671 0.781 6465
898.629 374.551 0.781 6481
898.669 374.432 0.782 6481
898.750 374.273 0.782 6481
898.830 374.153 0.783 6497
898.870 374.034 0.783 6497
898.910 373.875 0.783 6497
898.990 373.755 0.783 6513
899.030 373.596 0.785 6530
899.070 373.477 0.784 6530
899.110 373.357 0.785 6530
899.150 373.198 0.786 6546
899.190 373.078 0.786 6562
899.230 372.879 0.787 6562
899.270 372.760 0.787 6562
899.310 372.601 0.787 6578
899.351 372.481 0.788 6578
899.391 372.362 0.789 6578
899.431 372.243 0.789 6594
899.471 372.123 0.790 6594
899.551 372.004 0.789 6610
899.591 371.844 0.789 6610
899.671 371.725 0.790 6627
899.711 371.606 0.790 6627
899.751 371.486 0.790 6643
899.791 371.367 0.790 6643
899.831 371.247 0.790 6643
899.871 371.128 0.790 6659
899.912 371.008 0.791 6659
899.952 370.889 0.790 6675
899.992 370.770 0.791 6675
900.032 370.610 0.792 6691
900.072 370.451 0.792 6691
900.112 370.332 0.793 6691
900.152 370.212 0.793 6707
900.192 370.093 0.794 6723
900.232 370.013 0.794 6723
900.272 369.894 0.794 6723
900.352 369.814 0.795 6740
900.392 369.695 0.795 6756
900.432 369.536 0.795 6756
900.472 369.456 0.795 6756
900.553 369.336 0.796 6772
900.593 369.217 0.795 6772
900.673 369.098 0.797 6772
900.713 368.978 0.797 6788
900.753 368.859 0.797 6788
900.793 368.739 0.798 6804
900.833 368.620 0.798 6804
900.873 368.501 0.799 6820
900.873 368.381 0.800 6820
900.953 368.262 0.800 6837
900.993 368.102 0.801 6837
901.033 367.983 0.803 6837
901.033 367.824 0.802 6853
901.073 367.704 0.804 6853
901.114 367.545 0.804 6853
901.154 367.386 0.804 6869
901.234 367.227 0.804 6885
901.274 367.068 0.805 6885
901.314 366.948 0.805 6885
901.354 366.829 0.806 6902
901.394 366.709 0.806 6918
901.474 366.590 0.806 6918
901.474 366.510 0.806 6918
901.514 366.431 0.807 6934
901.514 366.351 0.806 6934
901.554 366.271 0.807 6934
901.594 366.192 0.807 6950
901.594 366.112 0.807 6950
901.634 365.993 0.807 6966
901.674 365.873 0.807 6966
901.714 365.794 0.807 6982
901.714 365.594 0.808 6982
901.755 365.475 0.807 6998
901.755 365.356 0.808 6998
901.795 365.236 0.808 6998
901.795 365.117 0.808 7015
901.835 365.037 0.808 7015
901.835 364.958 0.808 7031
901.875 364.918 0.808 7031
901.875 364.878 0.808 7047
901.875 364.759 0.808 7047
901.875 364.719 0.808 7065
901.915 364.679 0.808 7081
901.915 364.639 0.807 7098
901.955 364.599 0.808 7098
901.955 364.560 0.808 7098
901.995 364.520 0.808 7114
901.995 364.480 0.808 7130
902.035 364.400 0.808 7130
902.035 364.321 0.808 7130
902.075 364.241 0.808 7146
902.075 364.161 0.808 7146
902.115 364.082 0.808 7162
902.115 364.002 0.808 7162
902.155 363.923 0.808 7162
902.195 363.843 0.808 7178
902.235 363.763 0.809 7178
902.275 363.684 0.809 7195
902.316 363.604 0.809 7195
902.396 363.485 0.808 7211
902.436 363.326 0.808 7211
902.476 363.286 0.809 7211
902.516 363.166 0.809 7227
902.556 363.047 0.809 7243
902.596 362.888 0.809 7243
902.636 362.768 0.810 7243
902.636 362.689 0.810 7259
902.676 362.609 0.811 7259
902.716 362.569 0.812 7259
902.716 362.490 0.813 7275
902.716 362.450 0.813 7292
902.756 362.410 0.813 7292
902.796 362.370 0.813 7292
902.796 362.330 0.813 7308
902.836 362.251 0.813 7324
902.876 362.211 0.813 7324
902.917 362.131 0.813 7324
902.997 362.052 0.813 7340
902.997 362.012 0.814 7340
903.037 361.932 0.814 7340
903.037 361.853 0.814 7356
903.077 361.773 0.815 7356
903.077 361.693 0.815 7372
903.077 361.654 0.815 7372
903.117 361.574 0.816 7389
903.157 361.494 0.816 7389
903.157 361.415 0.817 7405
903.197 361.335 0.818 7405
903.197 361.255 0.818 7405
903.237 361.176 0.818 7421
903.277 361.096 0.819 7421
903.317 361.017 0.819 7437
903.357 360.857 0.820 7437
903.397 360.778 0.820 7453
903.437 360.698 0.819 7453
903.477 360.658 0.820 7453
903.518 360.618 0.820 7469
903.558 360.579 0.820 7485
903.558 360.579 0.821 7485
903.558 360.459 0.820 7485
903.558 360.499 0.820 7502
903.558 360.618 0.818 7502
903.558 360.658 0.811 7502
903.558 360.897 0.784 7518
903.477 361.216 0.725 7534
903.397 361.534 0.636 7534
903.237 361.892 0.498 7534
903.037 362.251 0.283 7550

% x_coordinate y_coordinate pressure time
% shape 1, 907 points
894.943 386.653 0.007 0
894.943 386.574 0.010 16
894.943 386.494 0.017 16
894.943 386.414 0.024 16
894.943 386.335 0.041 32
894.943 386.255 0.064 48
894.943 386.175 0.085 48
894.943 386.096 0.105 48
894.943 386.056 0.124 64
894.943 386.016 0.152 81
894.943 385.976 0.182 81
894.943 385.937 0.204 81
894.943 385.897 0.222 97
894.943 385.857 0.237 97
894.943 385.817 0.251 97
894.943 385.817 0.267 113
894.943 385.777 0.286 113
894.943 385.658 0.303 129
894.983 385.658 0.318 129
894.983 385.658 0.330 145
894.983 385.658 0.339 145
894.983 385.658 0.347 162
894.983 385.698 0.358 162
894.983 385.738 0.370 162
894.983 385.777 0.383 178
894.983 385.817 0.394 178
894.983 385.897 0.405 194
894.983 385.976 0.414 194
894.983 386.096 0.424 210
894.983 386.215 0.432 210
894.983 386.335 0.438 210
894.983 386.375 0.443 226
894.983 386.534 0.447 243
894.983 386.653 0.450 243
894.983 386.812 0.454 243
894.983 386.972 0.457 259
895.023 387.131 0.460 259
895.063 387.370 0.465 259
895.103 387.529 0.471 275
895.144 387.728 0.476 291
895.184 387.927 0.481 291
895.224 388.166 0.487 291
895.224 388.365 0.491 307
895.264 388.564 0.496 307
895.304 388.763 0.499 323
895.344 388.922 0.501 323
895.344 389.121 0.504 323
895.384 389.280 0.505 339
895.384 389.480 0.507 356
895.424 389.639 0.509 356
895.464 389.838 0.510 356
895.504 389.997 0.511 372
895.584 390.156 0.512 372
895.664 390.276 0.514 372
895.745 390.395 0.516 388
895.865 390.554 0.518 404
895.945 390.674 0.520 404
896.065 390.833 0.524 404
896.225 390.952 0.528 420
896.386 391.151 0.530 420
896.506 391.271 0.533 436
896.666 391.430 0.534 436
896.826 391.589 0.535 436
896.947 391.749 0.537 452
897.107 391.868 0.537 469
897.227 391.948 0.537 469
897.387 392.107 0.538 469
897.508 392.186 0.539 485
897.668 392.266 0.540 485
897.828 392.346 0.542 485
897.948 392.385 0.543 501
898.068 392.465 0.544 517
898.189 392.545 0.546 517
898.309 392.624 0.548 517
898.429 392.704 0.550 533
898.549 392.823 0.553 549
898.669 392.903 0.554 549
898.790 393.022 0.554 549
898.910 393.142 0.556 566
899.070 393.261 0.556 566
899.190 393.381 0.558 582
899.351 393.500 0.558 582
899.511 393.659 0.558 582
899.711 393.739 0.559 598
899.871 393.859 0.559 598
900.072 393.938 0.560 614
900.232 394.018 0.560 614
900.392 394.058 0.561 630
900.553 394.137 0.563 630
900.713 394.177 0.568 630
900.833 394.217 0.574 646
900.953 394.257 0.578 663
901.073 394.296 0.581 663
901.194 394.376 0.583 663
901.314 394.495 0.584 679
901.434 394.575 0.585 679
901.594 394.655 0.585 679
901.714 394.734 0.586 695
901.875 394.814 0.586 711
901.995 394.893 0.586 711
902.155 394.933 0.586 711
902.275 394.973 0.586 727
902.476 395.013 0.587 727
902.596 395.053 0.587 743
902.716 395.053 0.587 743
902.836 395.093 0.588 743
902.957 395.132 0.589 759
903.037 395.132 0.592 759
903.157 395.172 0.593 775
903.277 395.212 0.594 775
903.357 395.252 0.595 792
903.477 395.292 0.596 792
903.558 395.292 0.596 792
903.678 395.331 0.596 808
903.798 395.331 0.597 824
903.918 395.451 0.597 824
904.038 395.451 0.597 824
904.199 395.491 0.598 840
904.319 395.491 0.598 856
904.399 395.491 0.599 856
904.519 395.491 0.599 856
904.639 395.530 0.599 872
904.720 395.530 0.600 872
904.800 395.570 0.601 872
904.880 395.570 0.601 888
905.000 395.610 0.602 888
905.080 395.610 0.602 905
905.160 395.610 0.602 905
905.280 395.610 0.603 921
905.361 395.570 0.604 921
905.441 395.570 0.604 937
905.561 395.530 0.605 937
905.641 395.530 0.605 937
905.721 395.530 0.605 953
905.841 395.491 0.605 953
905.922 395.491 0.605 969
906.002 395.491 0.606 969
906.122 395.491 0.606 985
906.202 395.451 0.606 985
906.322 395.451 0.606 985
906.482 395.411 0.607 1001
906.603 395.371 0.607 1017
906.723 395.331 0.608 1017
906.803 395.331 0.608 1017
906.923 395.292 0.608 1034
907.043 395.292 0.610 1034
907.164 395.252 0.609 1050
907.244 395.252 0.609 1050
907.364 395.252 0.610 1066
907.484 395.212 0.610 1066
907.604 395.212 0.611 1066
907.725 395.172 0.611 1083
907.805 395.132 0.612 1083
907.925 395.093 0.612 1099
908.005 395.013 0.613 1099
908.125 394.973 0.616 1099
908.205 394.933 0.618 1115
908.326 394.854 0.619 1131
908.446 394.814 0.621 1131
908.526 394.774 0.622 1131
908.606 394.774 0.623 1147
908.726 394.734 0.623 1147
908.846 394.694 0.623 1147
908.967 394.694 0.623 1164
909.087 394.655 0.623 1180
909.247 394.655 0.623 1180
909.367 394.615 0.624 1180
909.528 394.575 0.623 1196
909.648 394.535 0.624 1196
909.768 394.495 0.625 1212
909.928 394.456 0.624 1212
910.048 394.416 0.624 1228
910.209 394.296 0.625 1228
910.329 394.257 0.626 1244
910.449 394.217 0.626 1244
910.569 394.177 0.626 1244
910.689 394.137 0.627 1260
910.810 394.097 0.627 1260
910.890 394.058 0.627 1260
911.010 394.018 0.628 1277
911.090 393.978 0.628 1293
911.210 393.898 0.627 1293
911.290 393.859 0.628 1293
911.411 393.779 0.629 1309
911.531 393.739 0.630 1325
911.611 393.659 0.632 1325
911.731 393.620 0.634 1325
911.811 393.580 0.636 1341
911.932 393.500 0.637 1341
912.052 393.460 0.639 1341
912.172 393.381 0.640 1358
912.292 393.341 0.642 1374
912.412 393.261 0.643 1374
912.533 393.182 0.645 1374
912.653 393.062 0.646 1390
912.773 392.983 0.648 1390
912.893 392.903 0.650 1406
913.053 392.823 0.651 1406
913.174 392.704 0.653 1406
913.294 392.624 0.655 1422
913.374 392.545 0.656 1422
913.494 392.465 0.657 1438
913.614 392.385 0.657 1438
913.735 392.306 0.658 1455
913.855 392.226 0.659 1455
913.975 392.186 0.659 1455
914.095 392.107 0.660 1471
914.215 392.027 0.660 1487
914.336 391.987 0.660 1487
914.456 391.868 0.661 1487
914.576 391.828 0.661 1503
914.696 391.749 0.661 1503
914.776 391.669 0.662 1503
914.896 391.550 0.663 1519
914.977 391.470 0.663 1536
915.097 391.351 0.664 1536
915.177 391.271 0.665 1536
915.297 391.191 0.666 1552
915.377 391.151 0.667 1568
915.457 391.072 0.668 1568
915.538 390.992 0.670 1568
915.658 390.952 0.671 1584
915.698 390.873 0.672 1584
915.818 390.793 0.673 1584
915.898 390.674 0.674 1600
916.018 390.594 0.674 1600
916.099 390.475 0.675 1616
916.179 390.395 0.676 1616
916.259 390.276 0.677 1616
916.339 390.156 0.678 1633
916.459 390.077 0.679 1649
916.539 389.957 0.679 1649
916.619 389.878 0.680 1649
916.700 389.798 0.680 1665
916.780 389.679 0.680 1665
916.860 389.599 0.681 1665
916.940 389.480 0.681 1681
917.020 389.440 0.681 1697
917.100 389.320 0.681 1697
917.180 389.280 0.681 1697
917.260 389.201 0.681 1713
917.341 389.161 0.681 1729
917.381 389.081 0.682 1729
917.421 389.042 0.682 1729
917.501 388.962 0.682 1746
917.581 388.882 0.682 1746
917.661 388.803 0.682 1746
917.741 388.723 0.683 1762
917.821 388.644 0.683 1778
917.901 388.524 0.683 1778
917.982 388.445 0.683 1778
918.062 388.325 0.683 1794
918.142 388.245 0.683 1794
918.222 388.166 0.684 1811
918.262 388.086 0.684 1811
918.342 388.007 0.686 1811
918.382 387.927 0.687 1827
918.462 387.808 0.690 1827
918.543 387.728 0.692 1843
918.623 387.609 0.693 1843
918.743 387.529 0.695 1859
918.823 387.409 0.696 1859
918.903 387.290 0.697 1859
918.983 387.171 0.699 1875
919.063 387.051 0.700 1891
919.144 386.932 0.702 1891
919.224 386.812 0.704 1891
919.304 386.693 0.705 1908
919.384 386.613 0.708 1908
919.424 386.534 0.710 1908
919.464 386.454 0.712 1925
919.504 386.375 0.713 1941
919.544 386.295 0.714 1941
919.624 386.175 0.714 1941
919.664 386.096 0.716 1957
919.705 386.016 0.716 1973
919.785 385.897 0.715 1973
919.865 385.817 0.717 1973
919.905 385.698 0.717 1989
919.985 385.578 0.717 1989
920.065 385.459 0.717 1989
920.105 385.419 0.717 2005
920.185 385.300 0.718 2005
920.265 385.140 0.720 2021
920.305 385.021 0.721 2021
920.346 384.902 0.723 2021
920.426 384.782 0.725 2037
920.466 384.663 0.726 2054
920.506 384.583 0.727 2054
920.546 384.464 0.728 2054
920.586 384.384 0.728 2070
920.666 384.265 0.730 2086
920.706 384.145 0.730 2086
920.786 384.026 0.731 2086
920.826 383.867 0.731 2102
920.907 383.747 0.731 2102
920.947 383.628 0.731 2102
921.067 383.468 0.732 2118
921.107 383.349 0.732 2118
921.147 383.190 0.732 2134
921.187 383.070 0.733 2134
921.227 382.911 0.733 2151
921.267 382.792 0.734 2151
921.307 382.672 0.734 2167
921.347 382.553 0.735 2167
921.387 382.433 0.736 2167
921.427 382.234 0.736 2183
921.467 382.115 0.736 2183
921.508 381.996 0.736 2183
921.588 381.876 0.736 2200
921.628 381.757 0.736 2216
921.668 381.637 0.737 2216
921.748 381.518 0.736 2216
921.788 381.359 0.736 2232
921.868 381.239 0.737 2248
921.908 381.120 0.736 2248
921.988 380.961 0.737 2248
922.028 380.841 0.737 2264
922.109 380.722 0.737 2264
922.189 380.563 0.737 2264
922.229 380.443 0.737 2280
922.309 380.284 0.737 2297
922.349 380.164 0.737 2297
922.389 380.045 0.737 2297
922.469 379.846 0.737 2313
922.509 379.727 0.736 2313
922.589 379.567 0.737 2329
922.669 379.408 0.737 2329
922.750 379.249 0.737 2329
922.830 379.050 0.737 2345
922.910 378.891 0.738 2345
923.030 378.691 0.738 2361
923.110 378.532 0.737 2361
923.150 378.413 0.739 2377
923.190 378.254 0.739 2377
923.230 378.134 0.740 2377
923.270 377.975 0.740 2394
923.351 377.816 0.741 2410
923.391 377.696 0.741 2410
923.431 377.537 0.742 2410
923.471 377.338 0.742 2426
923.511 377.179 0.742 2442
923.591 377.020 0.743 2442
923.671 376.820 0.742 2442
923.711 376.661 0.743 2458
923.791 376.462 0.743 2458
923.871 376.303 0.743 2458
923.952 376.104 0.744 2474
924.032 375.945 0.745 2474
924.072 375.786 0.745 2490
924.152 375.626 0.746 2490
924.192 375.467 0.747 2506
924.272 375.348 0.748 2506
924.312 375.188 0.747 2523
924.352 375.029 0.748 2523
924.432 374.870 0.748 2523
924.472 374.750 0.749 2539
924.513 374.631 0.749 2539
924.553 374.472 0.749 2539
924.593 374.352 0.749 2555
924.673 374.233 0.749 2571
924.713 374.074 0.750 2571
924.793 373.954 0.750 2571
924.833 373.795 0.750 2587
924.953 373.676 0.750 2603
924.993 373.556 0.749 2603
925.073 373.437 0.750 2603
925.114 373.278 0.750 2619
925.154 373.158 0.750 2619
925.234 373.078 0.750 2619
925.234 372.919 0.751 2635
925.314 372.800 0.750 2652
925.354 372.641 0.751 2652
925.394 372.481 0.752 2652
925.474 372.322 0.752 2668
925.514 372.163 0.753 2668
925.594 372.004 0.753 2684
925.634 371.805 0.753 2684
925.674 371.645 0.753 2684
925.715 371.486 0.754 2700
925.795 371.327 0.754 2700
925.835 371.168 0.755 2716
925.875 371.048 0.755 2716
925.955 370.929 0.754 2732
925.995 370.770 0.756 2732
926.035 370.650 0.756 2732
926.075 370.531 0.756 2749
926.155 370.451 0.756 2765
926.195 370.292 0.756 2765
926.235 370.172 0.757 2765
926.275 370.053 0.757 2781
926.356 369.934 0.757 2781
926.396 369.814 0.758 2781
926.436 369.655 0.757 2797
926.476 369.536 0.759 2813
926.556 369.416 0.759 2813
926.596 369.257 0.760 2813
926.636 369.137 0.761 2829
926.676 368.978 0.761 2845
926.716 368.819 0.762 2845
926.756 368.660 0.763 2845
926.836 368.540 0.765 2862
926.876 368.381 0.766 2862
926.917 368.262 0.767 2862
926.957 368.142 0.770 2878
926.997 368.023 0.770 2878
927.037 367.864 0.771 2894
927.077 367.744 0.771 2894
927.117 367.625 0.772 2910
927.117 367.505 0.773 2910
927.157 367.386 0.774 2926
927.197 367.267 0.774 2926
927.237 367.187 0.774 2926
927.277 367.068 0.775 2942
927.317 366.948 0.775 2942
927.357 366.868 0.775 2942
927.397 366.749 0.775 2958
927.437 366.630 0.775 2975
927.437 366.510 0.776 2975
927.477 366.391 0.777 2975
927.518 366.311 0.777 2991
927.518 366.192 0.777 3007
927.558 366.112 0.777 3007
927.558 365.993 0.779 3007
927.558 365.913 0.780 3023
927.558 365.794 0.781 3023
927.598 365.714 0.782 3039
927.638 365.594 0.783 3039
927.638 365.475 0.784 3055
927.678 365.395 0.784 3055
927.678 365.316 0.786 3055
927.718 365.276 0.786 3071
927.718 365.196 0.786 3071
927.718 365.117 0.786 3087
927.758 365.037 0.786 3087
927.758 364.958 0.787 3087
927.758 364.878 0.787 3103
927.758 364.838 0.788 3120
927.758 364.759 0.788 3120
927.798 364.679 0.788 3120
927.798 364.560 0.788 3136
927.798 364.440 0.788 3136
927.798 364.360 0.788 3136
927.798 364.281 0.789 3152
927.798 364.161 0.788 3168
927.798 364.082 0.789 3168
927.798 364.002 0.790 3168
927.798 363.923 0.790 3184
927.798 363.883 0.790 3200
927.798 363.763 0.790 3200
927.798 363.684 0.790 3200
927.798 363.604 0.791 3217
927.798 363.485 0.790 3217
927.798 363.365 0.791 3217
927.798 363.246 0.790 3233
927.798 363.126 0.792 3233
927.798 363.007 0.792 3249
927.798 362.927 0.792 3249
927.798 362.848 0.794 3265
927.798 362.728 0.794 3265
927.798 362.649 0.796 3281
927.798 362.529 0.795 3281
927.758 362.450 0.797 3281
927.758 362.330 0.797 3297
927.718 362.251 0.797 3314
927.678 362.131 0.797 3314
927.638 362.052 0.798 3314
927.638 361.932 0.798 3330
927.598 361.853 0.799 3330
927.558 361.773 0.799 3330
927.518 361.693 0.800 3346
927.477 361.654 0.802 3362
927.397 361.614 0.801 3362
927.357 361.574 0.803 3362
927.317 361.534 0.803 3378
927.277 361.494 0.804 3378
927.197 361.454 0.804 3394
927.157 361.454 0.803 3394
927.117 361.415 0.804 3394
927.037 361.375 0.804 3411
926.997 361.335 0.804 3427
926.917 361.295 0.804 3427
926.876 361.255 0.804 3427
926.836 361.216 0.804 3443
926.756 361.176 0.804 3443
926.716 361.096 0.804 3443
926.636 361.056 0.804 3459
926.596 361.017 0.804 3476
926.516 360.977 0.805 3476
926.476 360.937 0.805 3476
926.396 360.937 0.805 3492
926.356 360.897 0.805 3492
926.275 360.857 0.805 3508
926.235 360.698 0.805 3508
926.155 360.658 0.806 3524
926.075 360.658 0.806 3524
925.995 360.618 0.806 3524
925.915 360.579 0.806 3540
925.835 360.539 0.806 3540
925.755 360.499 0.806 3557
925.674 360.459 0.806 3557
925.554 360.419 0.806 3557
925.474 360.380 0.805 3573
925.354 360.340 0.805 3589
925.274 360.340 0.805 3589
925.194 360.340 0.806 3589
925.114 360.340 0.805 3605
925.033 360.340 0.806 3605
924.953 360.340 0.806 3605
924.873 360.340 0.805 3621
924.793 360.300 0.806 3637
924.673 360.300 0.806 3637
924.593 360.300 0.806 3637
924.513 360.300 0.806 3653
924.432 360.300 0.805 3670
924.312 360.300 0.805 3670
924.232 360.300 0.805 3670
924.152 360.300 0.806 3686
924.032 360.300 0.806 3686
923.952 360.300 0.805 3686
923.831 360.340 0.805 3702
923.711 360.340 0.805 3702
923.631 360.380 0.805 3718
923.551 360.419 0.804 3718
923.471 360.459 0.804 3734
923.391 360.499 0.805 3734
923.311 360.539 0.805 3750
923.230 360.579 0.805 3750
923.150 360.579 0.805 3750
923.070 360.618 0.805 3766
922.990 360.658 0.805 3766
922.910 360.658 0.805 3783
922.830 360.698 0.804 3783
922.750 360.738 0.805 3799
922.629 360.778 0.804 3799
922.549 360.857 0.805 3799
922.429 360.897 0.805 3815
922.349 360.977 0.805 3831
922.229 361.056 0.805 3831
922.109 361.136 0.805 3831
922.028 361.255 0.804 3847
921.908 361.375 0.804 3847
921.828 361.454 0.804 3863
921.748 361.574 0.804 3863
921.668 361.654 0.804 3880
921.588 361.773 0.804 3880
921.508 361.892 0.804 3880
921.427 362.012 0.804 3896
921.347 362.091 0.804 3896
921.267 362.211 0.804 3912
921.187 362.330 0.804 3912
921.147 362.450 0.804 3912
921.067 362.529 0.804 3928
920.987 362.649 0.804 3944
920.866 362.768 0.804 3944
920.786 362.888 0.804 3944
920.746 362.927 0.804 3960
920.666 363.047 0.804 3960
920.586 363.246 0.804 3960
920.506 363.365 0.804 3977
920.426 363.525 0.804 3993
920.346 363.644 0.804 3993
920.265 363.803 0.804 3993
920.185 363.923 0.804 4009
920.105 364.082 0.804 4025
920.025 364.201 0.804 4025
919.985 364.360 0.804 4025
919.905 364.480 0.804 4041
919.825 364.599 0.804 4041
919.785 364.719 0.804 4041
919.745 364.838 0.804 4057
919.705 364.958 0.804 4073
919.664 365.077 0.804 4073
919.624 365.196 0.804 4073
919.584 365.316 0.804 4089
919.544 365.475 0.804 4089
919.504 365.634 0.804 4106
919.464 365.754 0.804 4106
919.384 365.913 0.804 4106
919.344 366.032 0.804 4122
919.304 366.192 0.804 4122
919.264 366.351 0.804 4138
919.224 366.510 0.804 4138
919.184 366.669 0.804 4154
919.184 366.789 0.804 4154
919.144 366.948 0.804 4154
919.144 367.068 0.804 4170
919.104 367.187 0.804 4186
919.104 367.346 0.804 4186
919.104 367.466 0.804 4186
919.104 367.625 0.804 4203
919.104 367.784 0.804 4203
919.104 368.023 0.804 4203
919.023 368.182 0.804 4219
919.023 368.341 0.803 4235
919.023 368.540 0.804 4235
919.023 368.739 0.804 4235
918.983 368.938 0.804 4251
918.983 369.137 0.804 4251
918.943 369.336 0.804 4267
918.943 369.496 0.804 4267
918.943 369.655 0.804 4267
918.903 369.774 0.804 4284
918.903 369.894 0.804 4300
918.903 370.013 0.804 4300
918.903 370.093 0.804 4300
918.903 370.252 0.804 4316
918.903 370.411 0.803 4316
918.903 370.531 0.804 4316
918.903 370.730 0.804 4332
918.903 370.889 0.803 4349
918.903 371.048 0.804 4349
918.903 371.247 0.804 4349
918.903 371.407 0.803 4365
918.943 371.566 0.804 4381
918.983 371.725 0.804 4381
918.983 371.884 0.804 4381
919.023 372.004 0.804 4397
919.063 372.123 0.804 4397
919.104 372.282 0.804 4397
919.144 372.402 0.804 4413
919.144 372.561 0.804 4413
919.184 372.720 0.804 4430
919.184 372.919 0.803 4430
919.224 373.078 0.804 4446
919.264 373.198 0.803 4446
919.304 373.357 0.804 4462
919.344 373.477 0.804 4462
919.344 373.596 0.804 4462
919.424 373.755 0.804 4478
919.464 373.875 0.804 4478
919.464 373.994 0.804 4478
919.544 374.153 0.804 4494
919.584 374.273 0.803 4510
919.624 374.432 0.804 4510
919.664 374.551 0.804 4510
919.745 374.671 0.803 4526
919.785 374.830 0.804 4543
919.865 374.950 0.804 4543
919.945 375.109 0.804 4543
919.985 375.268 0.804 4559
920.065 375.427 0.803 4559
920.145 375.507 0.803 4559
920.265 375.626 0.804 4575
920.346 375.746 0.804 4591
920.426 375.825 0.804 4591
920.506 375.905 0.804 4591
920.586 376.024 0.804 4607
920.666 376.104 0.804 4607
920.746 376.223 0.803 4624
920.826 376.343 0.804 4624
920.947 376.462 0.804 4624
921.027 376.582 0.804 4640
921.147 376.701 0.804 4640
921.227 376.820 0.804 4656
921.307 376.940 0.804 4656
921.427 377.020 0.803 4672
921.508 377.139 0.804 4672
921.628 377.219 0.804 4672
921.708 377.298 0.804 4688
921.788 377.418 0.804 4704
921.868 377.537 0.804 4704
921.948 377.617 0.803 4704
922.028 377.696 0.804 4720
922.109 377.776 0.804 4720
922.189 377.855 0.804 4720
922.309 377.935 0.804 4736
922.429 377.975 0.804 4752
922.509 378.055 0.804 4752
922.629 378.134 0.804 4752
922.750 378.214 0.804 4768
922.950 378.293 0.804 4785
923.070 378.373 0.804 4785
923.150 378.453 0.804 4785
923.270 378.532 0.804 4801
923.351 378.572 0.803 4801
923.471 378.652 0.804 4817
923.591 378.691 0.804 4817
923.711 378.731 0.804 4817
923.831 378.771 0.803 4833
923.952 378.811 0.804 4833
924.032 378.891 0.804 4833
924.152 378.930 0.804 4849
924.272 378.970 0.804 4866
924.352 379.010 0.804 4866
924.432 379.050 0.804 4866
924.553 379.090 0.804 4882
924.633 379.129 0.804 4898
924.753 379.209 0.803 4898
924.873 379.289 0.804 4898
924.993 379.328 0.804 4914
925.114 379.368 0.804 4914
925.234 379.448 0.804 4914
925.354 379.488 0.804 4931
925.474 379.527 0.804 4931
925.594 379.567 0.804 4947
925.755 379.607 0.804 4947
925.875 379.647 0.804 4963
925.995 379.687 0.804 4963
926.155 379.727 0.804 4979
926.275 379.766 0.803 4979
926.396 379.846 0.804 4979
926.516 379.965 0.804 4995
926.636 380.045 0.804 5011
926.756 380.125 0.803 5011
926.917 380.204 0.804 5011
927.037 380.244 0.803 5028
927.197 380.284 0.804 5028
927.397 380.324 0.804 5028
927.518 380.363 0.804 5044
927.678 380.483 0.804 5060
927.838 380.483 0.804 5060
927.998 380.483 0.804 5060
928.159 380.483 0.804 5076
928.319 380.523 0.804 5092
928.479 380.523 0.804 5092
928.639 380.563 0.804 5092
928.800 380.602 0.804 5108
928.960 380.642 0.804 5108
929.120 380.682 0.804 5108
929.280 380.682 0.804 5124
929.441 380.722 0.804 5124
929.601 380.722 0.804 5140
929.721 380.722 0.804 5140
929.881 380.682 0.804 5156
930.042 380.682 0.804 5156
930.202 380.682 0.804 5173
930.362 380.682 0.804 5173
930.523 380.722 0.804 5173
930.683 380.722 0.804 5189
930.803 380.722 0.804 5189
930.963 380.722 0.804 5189
931.083 380.722 0.804 5205
931.204 380.762 0.804 5221
931.404 380.762 0.804 5221
931.524 380.762 0.804 5221
931.644 380.762 0.804 5237
931.805 380.722 0.804 5253
931.925 380.722 0.804 5253
932.045 380.722 0.804 5253
932.205 380.722 0.804 5270
932.326 380.722 0.804 5270
932.486 380.722 0.804 5286
932.606 380.722 0.804 5286
932.766 380.722 0.804 5286
932.927 380.722 0.804 5302
933.047 380.722 0.804 5302
933.207 380.722 0.804 5318
933.327 380.762 0.804 5318
933.487 380.762 0.804 5334
933.608 380.762 0.804 5334
933.728 380.762 0.804 5334
933.888 380.762 0.804 5350
934.008 380.722 0.804 5367
934.129 380.722 0.804 5367
934.289 380.722 0.804 5367
934.409 380.722 0.804 5383
934.529 380.682 0.804 5383
934.649 380.682 0.804 5383
934.770 380.682 0.804 5399
934.930 380.682 0.804 5415
935.090 380.642 0.804 5415
935.250 380.642 0.804 5415
935.371 380.642 0.804 5431
935.491 380.602 0.804 5431
935.651 380.602 0.804 5447
935.771 380.602 0.804 5447
935.891 380.563 0.804 5464
936.012 380.563 0.804 5464
936.172 380.523 0.804 5464
936.292 380.483 0.804 5480
936.412 380.483 0.804 5480
936.573 380.443 0.804 5496
936.733 380.403 0.804 5496
936.893 380.363 0.804 5496
937.053 380.363 0.804 5512
937.214 380.284 0.804 5529
937.374 380.244 0.804 5529
937.494 380.204 0.804 5529
937.614 380.164 0.804 5545
937.775 380.125 0.804 5545
937.895 380.085 0.804 5545
938.015 380.045 0.804 5561
938.095 379.965 0.804 5577
938.215 379.965 0.804 5577
938.376 379.926 0.804 5577
938.496 379.886 0.804 5594
938.656 379.846 0.804 5610
938.816 379.846 0.804 5610
938.977 379.727 0.804 5610
939.097 379.687 0.804 5626
939.257 379.647 0.804 5626
939.377 379.607 0.804 5626
939.497 379.567 0.804 5642
939.658 379.527 0.804 5658
939.778 379.488 0.804 5658
939.898 379.448 0.804 5658
940.018 379.448 0.804 5658
940.139 379.408 0.804 5674
940.259 379.368 0.804 5691
940.379 379.328 0.804 5691
940.499 379.289 0.804 5691
940.619 379.249 0.804 5707
940.780 379.169 0.804 5707
940.900 379.129 0.804 5707
941.060 379.050 0.804 5723
941.180 379.010 0.804 5739
941.300 378.930 0.804 5739
941.421 378.891 0.804 5739
941.541 378.851 0.804 5755
941.621 378.811 0.804 5771
941.741 378.771 0.804 5771
941.861 378.731 0.804 5771
941.982 378.691 0.804 5788
942.102 378.652 0.804 5788
942.222 378.612 0.804 5804
942.342 378.572 0.804 5804
942.462 378.572 0.804 5804
942.583 378.492 0.804 5820
942.703 378.453 0.804 5820
942.823 378.413 0.804 5836
942.943 378.373 0.804 5836
943.063 378.333 0.804 5852
943.184 378.254 0.804 5852
943.304 378.214 0.804 5852
943.424 378.174 0.804 5868
943.544 378.094 0.804 5884
943.624 378.055 0.804 5884
943.745 378.015 0.804 5884
943.865 377.975 0.804 5901
943.985 377.935 0.804 5901
944.105 377.935 0.804 5901
944.185 377.895 0.804 5917
944.306 377.855 0.804 5933
944.426 377.816 0.804 5933
944.546 377.776 0.804 5933
944.626 377.736 0.804 5949
944.746 377.696 0.804 5949
944.866 377.617 0.804 5965
944.987 377.537 0.804 5965
945.107 377.497 0.804 5965
945.267 377.418 0.804 5982
945.387 377.338 0.804 5998
945.508 377.258 0.804 5998
945.628 377.219 0.804 5998
945.708 377.179 0.804 6014
945.788 377.139 0.804 6014
945.908 377.099 0.804 6014
945.988 377.059 0.804 6030
946.109 377.059 0.804 6046
946.189 376.980 0.804 6046
946.269 376.940 0.804 6046
946.349 376.900 0.804 6062
946.469 376.820 0.804 6078
946.549 376.781 0.804 6078
946.629 376.701 0.804 6078
946.750 376.621 0.804 6095
946.830 376.582 0.804 6095
946.910 376.502 0.804 6095
947.030 376.422 0.804 6111
947.110 376.383 0.804 6111
947.230 376.303 0.804 6127
947.310 376.223 0.804 6127
947.431 376.144 0.804 6143
947.551 376.104 0.804 6143
947.631 376.024 0.804 6159
947.751 375.985 0.804 6159
947.831 375.905 0.804 6159
947.952 375.865 0.804 6175
948.032 375.786 0.804 6175
948.152 375.746 0.804 6175
948.232 375.706 0.804 6192
948.312 375.626 0.804 6208
948.432 375.586 0.804 6208
948.513 375.547 0.804 6208
948.593 375.507 0.804 6224
948.673 375.467 0.804 6240
948.713 375.427 0.804 6240
948.833 375.387 0.804 6240
948.913 375.348 0.804 6256
948.993 375.308 0.804 6256
949.033 375.268 0.804 6256
949.114 375.228 0.804 6273
949.194 375.188 0.804 6289
949.274 375.188 0.804 6289
949.314 375.149 0.804 6289
949.394 375.109 0.804 6305
949.434 375.069 0.804 6305
949.514 375.069 0.804 6321
949.594 375.029 0.804 6321
949.634 374.989 0.804 6321
949.755 374.950 0.804 6337
949.795 374.910 0.804 6337
949.835 374.830 0.804 6354
949.875 374.790 0.804 6354
949.915 374.750 0.804 6370
949.955 374.711 0.804 6370
949.955 374.671 0.804 6370
949.955 374.671 0.805 6388
949.955 374.671 0.804 6404
949.955 374.671 0.805 6404
949.955 374.711 0.805 6420
949.955 374.750 0.801 6420
949.915 374.790 0.771 6420
949.755 374.830 0.710 6436
949.514 374.910 0.614 6452
949.234 374.950 0.440 6452

