% x_coordinate y_coordinate pressure time
% shape 0, 693 points

1176.813 228.813 0.350 113
1177.013 228.574 0.361 129
1177.214 228.296 0.370 129
1177.454 227.977 0.377 129
1177.694 227.659 0.386 146
1177.935 227.340 0.394 162
1178.175 227.022 0.403 162
1178.416 226.663 0.416 162
1178.656 226.305 0.428 178
1178.896 225.987 0.439 178
1179.137 225.668 0.453 194
1179.377 225.350 0.464 194
1179.618 225.031 0.474 194
1179.858 224.753 0.484 210
1180.139 224.434 0.491 210
1180.419 224.156 0.494 226
1180.659 223.877 0.497 226
1180.940 223.678 0.497 242
1181.180 223.439 0.498 242
1181.381 223.240 0.499 242
1181.621 223.081 0.499 258
1181.861 222.922 0.499 275
1182.102 222.722 0.500 275
1182.382 222.563 0.500 275
1182.663 222.364 0.501 291
1182.983 222.165 0.502 291
1183.304 221.966 0.504 291
1183.624 221.767 0.508 307
1183.985 221.568 0.511 323
1184.305 221.369 0.514 323
1184.626 221.210 0.519 323
1185.027 221.051 0.523 339
1185.307 220.891 0.527 355
1185.628 220.772 0.529 355
1185.908 220.692 0.530 355
1186.229 220.613 0.531 371
1186.509 220.533 0.533 371
1186.830 220.453 0.533 371
1187.150 220.414 0.534 388
1187.511 220.334 0.534 404
1187.871 220.294 0.534 404
1188.272 220.254 0.535 404
1188.633 220.215 0.536 420
1189.033 220.175 0.536 420
1189.434 220.135 0.537 436
1189.795 220.135 0.536 436
1190.195 220.095 0.537 436
1190.556 220.055 0.537 452
1190.876 220.016 0.537 452
1191.157 220.016 0.538 469
1191.437 220.016 0.539 469
1191.638 219.976 0.539 485
1191.918 219.976 0.541 485
1192.119 219.976 0.542 485
1192.319 219.976 0.543 501
1192.519 219.976 0.543 517
1192.760 219.976 0.543 517
1193.000 219.976 0.543 517
1193.281 219.976 0.543 533
1193.521 219.976 0.544 533
1193.801 219.976 0.544 533
1194.042 219.976 0.544 549
1194.282 219.976 0.544 566
1194.482 219.976 0.544 566
1194.683 219.976 0.545 566
1194.803 219.976 0.545 582
1194.963 219.976 0.545 598
1195.043 219.976 0.545 598
1195.164 219.976 0.545 598
1195.244 220.016 0.545 614
1195.364 220.095 0.545 614
1195.484 220.215 0.545 614
1195.644 220.334 0.545 630
1195.805 220.414 0.546 630
1195.925 220.533 0.545 646
1196.085 220.652 0.546 646
1196.245 220.732 0.546 646
1196.406 220.851 0.546 662
1196.566 220.931 0.546 678
1196.726 221.011 0.546 678
1196.846 221.130 0.546 678
1196.967 221.210 0.546 695
1197.127 221.329 0.546 711
1197.207 221.449 0.546 711
1197.327 221.608 0.547 711
1197.407 221.727 0.546 727
1197.527 221.887 0.547 727
1197.608 222.046 0.546 727
1197.728 222.205 0.546 743
1197.808 222.364 0.547 759
1197.928 222.484 0.547 759
1198.048 222.643 0.547 759
1198.129 222.762 0.547 775
1198.249 222.882 0.547 775
1198.329 223.001 0.547 791
1198.409 223.121 0.547 791
1198.489 223.240 0.547 808
1198.569 223.359 0.547 808
1198.609 223.479 0.547 808
1198.649 223.598 0.547 824
1198.730 223.718 0.547 824
1198.730 223.837 0.547 840
1198.770 223.956 0.547 840
1198.850 224.116 0.547 840
1198.850 224.275 0.547 856
1198.890 224.434 0.547 872
1198.930 224.593 0.548 872
1198.970 224.753 0.548 872
1199.010 224.872 0.548 888
1199.010 225.031 0.548 888
1199.050 225.151 0.548 888
1199.130 225.310 0.548 905
1199.170 225.429 0.548 921
1199.210 225.549 0.548 921
1199.250 225.668 0.549 921
1199.331 225.788 0.549 937
1199.371 225.907 0.548 953
1199.411 226.066 0.549 953
1199.451 226.186 0.549 953
1199.451 226.345 0.549 969
1199.491 226.584 0.549 969
1199.611 226.743 0.549 969
1199.651 226.902 0.549 985
1199.651 227.062 0.549 985
1199.651 227.181 0.549 1002
1199.691 227.340 0.549 1002
1199.691 227.460 0.549 1002
1199.731 227.619 0.549 1018
1199.731 227.738 0.549 1034
1199.771 227.858 0.550 1034
1199.771 228.017 0.549 1034
1199.771 228.136 0.550 1050
1199.771 228.256 0.550 1066
1199.811 228.375 0.549 1066
1199.811 228.495 0.550 1066
1199.811 228.654 0.550 1082
1199.811 228.773 0.549 1082
1199.811 228.972 0.550 1082
1199.811 229.132 0.550 1099
1199.771 229.251 0.550 1099
1199.771 229.410 0.550 1115
1199.771 229.569 0.550 1115
1199.771 229.729 0.550 1131
1199.771 229.888 0.550 1131
1199.811 230.047 0.550 1147
1199.771 230.167 0.550 1147
1199.771 230.326 0.550 1147
1199.771 230.485 0.550 1163
1199.731 230.644 0.550 1163
1199.731 230.843 0.550 1179
1199.691 231.003 0.550 1179
1199.651 231.241 0.550 1195
1199.611 231.440 0.550 1195
1199.571 231.640 0.550 1195
1199.531 231.839 0.551 1212
1199.531 231.998 0.550 1228
1199.491 232.157 0.551 1228
1199.451 232.316 0.551 1228
1199.411 232.436 0.550 1244
1199.371 232.595 0.551 1244
1199.331 232.754 0.551 1244
1199.291 232.874 0.551 1260
1199.291 233.073 0.551 1276
1199.250 233.232 0.551 1276
1199.210 233.431 0.551 1276
1199.170 233.630 0.551 1292
1199.090 233.829 0.551 1292
1199.050 233.988 0.551 1308
1199.010 234.187 0.552 1308
1198.970 234.307 0.552 1324
1198.930 234.466 0.552 1324
1198.930 234.625 0.552 1341
1198.890 234.745 0.552 1341
1198.890 234.904 0.552 1341
1198.850 235.023 0.552 1357
1198.810 235.143 0.552 1357
1198.770 235.262 0.552 1357
1198.730 235.421 0.552 1373
1198.649 235.581 0.552 1389
1198.569 235.740 0.552 1389
1198.449 235.939 0.552 1389
1198.369 236.098 0.552 1405
1198.289 236.297 0.552 1421
1198.209 236.456 0.552 1421
1198.129 236.616 0.552 1421
1198.048 236.735 0.553 1437
1198.008 236.894 0.552 1437
1197.968 237.053 0.553 1437
1197.968 237.213 0.553 1454
1197.928 237.332 0.552 1470
1197.888 237.491 0.552 1470
1197.848 237.611 0.553 1470
1197.768 237.730 0.552 1486
1197.728 237.889 0.553 1486
1197.688 238.009 0.553 1502
1197.648 238.208 0.552 1502
1197.568 238.407 0.553 1502
1197.527 238.566 0.553 1518
1197.447 238.725 0.553 1518
1197.407 238.885 0.553 1534
1197.367 239.084 0.553 1534
1197.287 239.243 0.553 1551
1197.287 239.402 0.553 1551
1197.207 239.561 0.553 1551
1197.167 239.760 0.553 1567
1197.087 239.959 0.553 1583
1197.047 240.119 0.553 1583
1196.967 240.318 0.553 1583
1196.886 240.557 0.553 1599
1196.766 240.756 0.553 1599
1196.686 240.955 0.553 1599
1196.606 241.114 0.553 1616
1196.486 241.273 0.553 1632
1196.406 241.472 0.554 1632
1196.326 241.631 0.553 1632
1196.245 241.791 0.554 1648
1196.165 241.950 0.554 1648
1196.085 242.109 0.553 1664
1196.045 242.268 0.554 1664
1196.005 242.388 0.554 1680
1195.965 242.587 0.553 1680
1195.925 242.786 0.554 1680
1195.885 242.945 0.554 1696
1195.845 243.104 0.554 1696
1195.805 243.264 0.554 1712
1195.724 243.463 0.554 1712
1195.684 243.622 0.553 1712
1195.644 243.821 0.554 1728
1195.564 244.020 0.554 1745
1195.524 244.179 0.554 1745
1195.484 244.338 0.554 1745
1195.404 244.537 0.554 1761
1195.364 244.697 0.554 1777
1195.284 244.896 0.554 1777
1195.244 245.055 0.554 1777
1195.164 245.294 0.554 1793
1195.043 245.453 0.554 1793
1194.963 245.652 0.554 1793
1194.883 245.851 0.554 1809
1194.803 246.010 0.554 1825
1194.723 246.209 0.554 1825
1194.683 246.369 0.554 1825
1194.603 246.568 0.554 1841
1194.522 246.727 0.554 1841
1194.482 246.886 0.554 1858
1194.402 247.085 0.554 1858
1194.362 247.244 0.554 1874
1194.322 247.404 0.554 1874
1194.282 247.603 0.554 1874
1194.242 247.762 0.554 1890
1194.162 247.921 0.555 1890
1194.122 248.080 0.554 1906
1194.082 248.200 0.555 1906
1194.002 248.359 0.555 1906
1193.962 248.518 0.555 1922
1193.881 248.638 0.555 1938
1193.801 248.797 0.555 1938
1193.761 248.956 0.555 1938
1193.681 249.076 0.555 1954
1193.601 249.235 0.555 1954
1193.521 249.394 0.554 1954
1193.441 249.513 0.555 1971
1193.401 249.673 0.554 1987
1193.321 249.872 0.555 1987
1193.281 249.991 0.555 1987
1193.200 250.150 0.555 2003
1193.160 250.270 0.555 2003
1193.120 250.429 0.555 2019
1193.040 250.548 0.554 2019
1193.000 250.708 0.555 2019
1192.960 250.827 0.555 2036
1192.920 250.986 0.555 2052
1192.840 251.106 0.555 2052
1192.800 251.225 0.555 2052
1192.719 251.424 0.555 2068
1192.679 251.584 0.555 2068
1192.639 251.703 0.555 2068
1192.599 251.862 0.555 2084
1192.559 252.021 0.556 2101
1192.519 252.220 0.555 2101
1192.439 252.380 0.556 2101
1192.399 252.539 0.555 2117
1192.319 252.698 0.555 2117
1192.279 252.857 0.556 2133
1192.239 252.977 0.555 2133
1192.199 253.176 0.555 2149
1192.119 253.335 0.556 2149
1192.078 253.454 0.556 2165
1192.038 253.614 0.556 2165
1191.958 253.733 0.556 2165
1191.918 253.892 0.556 2181
1191.838 254.012 0.556 2181
1191.758 254.171 0.557 2181
1191.678 254.290 0.556 2198
1191.638 254.490 0.556 2214
1191.558 254.609 0.557 2214
1191.478 254.728 0.556 2214
1191.397 254.848 0.556 2230
1191.357 254.967 0.556 2246
1191.317 255.126 0.556 2246
1191.277 255.246 0.557 2246
1191.237 255.405 0.557 2262
1191.197 255.525 0.556 2262
1191.157 255.644 0.556 2262
1191.117 255.803 0.556 2279
1191.037 255.923 0.556 2295
1190.957 256.042 0.557 2295
1190.876 256.161 0.557 2295
1190.836 256.321 0.557 2311
1190.796 256.440 0.558 2311
1190.716 256.560 0.557 2327
1190.676 256.679 0.557 2327
1190.636 256.878 0.558 2327
1190.596 256.958 0.559 2343
1190.596 257.077 0.560 2343
1190.556 257.196 0.562 2359
1190.476 257.316 0.563 2359
1190.436 257.435 0.566 2375
1190.356 257.555 0.568 2375
1190.316 257.714 0.571 2375
1190.235 257.833 0.574 2391
1190.195 257.993 0.575 2407
1190.115 258.152 0.577 2407
1190.075 258.311 0.578 2407
1190.035 258.470 0.577 2424
1189.995 258.630 0.579 2424
1189.915 258.789 0.579 2424
1189.875 258.948 0.578 2440
1189.835 259.147 0.579 2456
1189.755 259.306 0.579 2456
1189.634 259.466 0.579 2456
1189.554 259.625 0.579 2472
1189.514 259.784 0.579 2488
1189.434 259.943 0.580 2488
1189.354 260.142 0.581 2488
1189.274 260.341 0.581 2504
1189.194 260.540 0.581 2504
1189.154 260.739 0.581 2504
1189.073 260.938 0.582 2520
1189.033 261.138 0.582 2520
1188.953 261.297 0.583 2536
1188.913 261.536 0.582 2536
1188.833 261.695 0.582 2553
1188.793 261.894 0.583 2553
1188.713 262.053 0.582 2569
1188.673 262.252 0.583 2569
1188.593 262.411 0.582 2569
1188.553 262.571 0.583 2585
1188.513 262.730 0.583 2585
1188.473 262.889 0.583 2585
1188.432 263.009 0.583 2601
1188.392 263.128 0.583 2617
1188.312 263.287 0.583 2617
1188.272 263.407 0.583 2617
1188.192 263.566 0.583 2633
1188.152 263.725 0.583 2650
1188.112 263.924 0.584 2650
1188.032 264.123 0.583 2650
1187.952 264.282 0.583 2666
1187.871 264.442 0.583 2666
1187.831 264.601 0.583 2682
1187.791 264.760 0.584 2682
1187.711 264.919 0.584 2682
1187.631 265.039 0.584 2698
1187.591 265.198 0.584 2698
1187.551 265.317 0.584 2714
1187.471 265.477 0.584 2714
1187.431 265.596 0.584 2730
1187.351 265.755 0.584 2730
1187.270 265.914 0.585 2730
1187.190 266.074 0.585 2746
1187.110 266.273 0.585 2762
1187.030 266.432 0.584 2762
1186.990 266.591 0.584 2762
1186.910 266.790 0.585 2779
1186.870 266.949 0.584 2779
1186.790 267.109 0.584 2779
1186.750 267.308 0.584 2795
1186.669 267.467 0.584 2811
1186.629 267.626 0.584 2811
1186.589 267.785 0.584 2811
1186.509 267.985 0.584 2827
1186.469 268.144 0.585 2827
1186.429 268.303 0.584 2843
1186.389 268.542 0.585 2843
1186.309 268.701 0.585 2860
1186.269 268.900 0.584 2860
1186.149 269.059 0.585 2876
1186.109 269.219 0.585 2876
1186.028 269.418 0.584 2876
1185.988 269.577 0.585 2892
1185.948 269.736 0.585 2892
1185.868 269.895 0.585 2892
1185.828 270.055 0.585 2908
1185.748 270.254 0.585 2924
1185.668 270.413 0.585 2924
1185.588 270.572 0.585 2924
1185.508 270.771 0.586 2940
1185.427 270.970 0.585 2957
1185.347 271.129 0.585 2957
1185.267 271.289 0.585 2957
1185.227 271.448 0.585 2973
1185.187 271.607 0.586 2973
1185.107 271.766 0.585 2973
1185.067 271.886 0.586 2990
1184.987 272.045 0.586 3006
1184.906 272.244 0.586 3006
1184.826 272.403 0.585 3006
1184.746 272.602 0.585 3022
1184.626 272.801 0.585 3022
1184.546 273.000 0.586 3022
1184.466 273.239 0.586 3038
1184.305 273.398 0.585 3038
1184.225 273.558 0.586 3055
1184.145 273.757 0.585 3055
1184.065 273.916 0.586 3055
1183.985 274.075 0.586 3071
1183.945 274.274 0.585 3087
1183.865 274.433 0.585 3087
1183.785 274.633 0.586 3087
1183.705 274.792 0.585 3103
1183.624 274.991 0.586 3119
1183.544 275.150 0.586 3119
1183.464 275.349 0.586 3119
1183.384 275.508 0.586 3135
1183.264 275.707 0.586 3135
1183.184 275.906 0.586 3135
1183.104 276.066 0.586 3152
1183.023 276.265 0.586 3168
1182.903 276.464 0.586 3168
1182.823 276.623 0.586 3168
1182.743 276.782 0.586 3184
1182.663 276.941 0.586 3184
1182.583 277.101 0.586 3200
1182.502 277.260 0.586 3200
1182.422 277.419 0.586 3200
1182.302 277.578 0.586 3216
1182.222 277.698 0.586 3216
1182.142 277.857 0.586 3232
1182.062 278.056 0.586 3232
1181.942 278.215 0.586 3248
1181.861 278.374 0.586 3248
1181.781 278.534 0.586 3248
1181.701 278.693 0.587 3264
1181.621 278.852 0.586 3281
1181.541 279.011 0.586 3281
1181.461 279.171 0.586 3281
1181.381 279.290 0.587 3297
1181.260 279.449 0.586 3297
1181.180 279.569 0.586 3297
1181.060 279.728 0.587 3313
1180.980 279.887 0.586 3329
1180.900 280.007 0.587 3329
1180.820 280.166 0.586 3329
1180.740 280.365 0.586 3345
1180.659 280.524 0.587 3361
1180.579 280.683 0.587 3361
1180.499 280.843 0.587 3361
1180.379 281.002 0.587 3377
1180.299 281.161 0.586 3377
1180.219 281.320 0.587 3377
1180.058 281.519 0.587 3393
1179.938 281.679 0.587 3409
1179.818 281.838 0.586 3409
1179.698 281.997 0.586 3409
1179.698 282.116 0.586 3426
1179.578 282.276 0.585 3426
1179.457 282.395 0.585 3442
1179.337 282.554 0.584 3442
1179.217 282.714 0.585 3442
1179.137 282.833 0.585 3458
1179.057 282.952 0.585 3458
1178.937 283.032 0.585 3474
1178.856 283.151 0.585 3474
1178.776 283.231 0.585 3490
1178.696 283.351 0.585 3490
1178.656 283.430 0.585 3490
1178.536 283.510 0.585 3506
1178.456 283.629 0.585 3523
1178.336 283.709 0.585 3523
1178.255 283.828 0.585 3523
1178.135 283.908 0.586 3539
1178.015 284.027 0.585 3539
1177.935 284.107 0.586 3539
1177.815 284.226 0.585 3555
1177.735 284.306 0.585 3571
1177.614 284.425 0.585 3571
1177.534 284.505 0.585 3571
1177.454 284.624 0.585 3587
1177.374 284.704 0.585 3587
1177.294 284.823 0.585 3603
1177.174 284.943 0.586 3603
1177.094 285.102 0.585 3619
1177.013 285.221 0.585 3619
1176.893 285.341 0.585 3636
1176.813 285.421 0.585 3636
1176.733 285.500 0.586 3636
1176.653 285.580 0.585 3652
1176.532 285.659 0.585 3652
1176.452 285.739 0.586 3652
1176.332 285.858 0.586 3668
1176.252 285.978 0.586 3684
1176.132 286.057 0.585 3684
1176.012 286.177 0.585 3684
1175.932 286.296 0.585 3700
1175.811 286.416 0.585 3716
1175.731 286.535 0.586 3716
1175.611 286.615 0.585 3716
1175.531 286.694 0.585 3732
1175.451 286.814 0.586 3732
1175.331 286.893 0.585 3732
1175.250 286.973 0.585 3749
1175.170 287.053 0.586 3765
1175.010 287.172 0.585 3765
1174.930 287.252 0.586 3765
1174.810 287.331 0.585 3781
1174.729 287.451 0.585 3781
1174.649 287.491 0.586 3797
1174.529 287.570 0.586 3797
1174.449 287.650 0.586 3797
1174.369 287.690 0.586 3813
1174.249 287.729 0.585 3813
1174.129 287.809 0.586 3813
1174.048 287.889 0.586 3829
1173.928 287.929 0.586 3845
1173.848 288.008 0.586 3845
1173.728 288.088 0.587 3845
1173.608 288.128 0.586 3861
1173.528 288.207 0.586 3878
1173.447 288.247 0.587 3878
1173.367 288.287 0.586 3878
1173.287 288.327 0.587 3894
1173.207 288.366 0.587 3910
1173.127 288.406 0.587 3910
1173.047 288.446 0.587 3910
1172.967 288.486 0.587 3926
1172.846 288.526 0.587 3926
1172.766 288.565 0.587 3926
1172.646 288.605 0.587 3942
1172.566 288.645 0.587 3942
1172.486 288.725 0.587 3958
1172.406 288.764 0.587 3958
1172.326 288.804 0.587 3958
1172.245 288.844 0.587 3974
1172.165 288.924 0.587 3990
1172.085 288.964 0.588 3990
1171.965 289.003 0.588 3990
1171.885 289.043 0.588 4006
1171.765 289.083 0.588 4006
1171.684 289.123 0.588 4022
1171.564 289.163 0.588 4022
1171.444 289.202 0.589 4039
1171.324 289.242 0.589 4039
1171.244 289.322 0.589 4055
1171.124 289.362 0.590 4055
1171.003 289.441 0.590 4055
1170.923 289.481 0.591 4071
1170.803 289.561 0.591 4071
1170.683 289.640 0.592 4071
1170.603 289.680 0.593 4087
1170.523 289.720 0.593 4104
1170.442 289.839 0.593 4104
1170.362 289.879 0.594 4104
1170.322 289.919 0.594 4120
1170.242 289.919 0.595 4136
1170.202 289.959 0.595 4136
1170.122 289.959 0.596 4136
1170.042 289.959 0.597 4152
1169.962 289.959 0.599 4152
1169.881 289.998 0.600 4152
1169.761 289.998 0.602 4168
1169.641 289.998 0.603 4168
1169.561 289.998 0.604 4184
1169.441 290.038 0.606 4184
1169.361 290.038 0.607 4184
1169.240 290.078 0.607 4200
1169.120 290.118 0.607 4217
1169.000 290.158 0.608 4217
1168.880 290.198 0.607 4217
1168.719 290.277 0.608 4233
1168.599 290.317 0.608 4249
1168.519 290.357 0.608 4249
1168.399 290.357 0.608 4249
1168.319 290.397 0.608 4265
1168.239 290.397 0.609 4265
1168.159 290.436 0.609 4265
1168.038 290.436 0.609 4281
1167.918 290.476 0.609 4298
1167.838 290.476 0.610 4298
1167.718 290.516 0.609 4298
1167.598 290.556 0.610 4314
1167.478 290.556 0.610 4314
1167.357 290.635 0.610 4330
1167.237 290.635 0.610 4330
1167.117 290.675 0.610 4330
1166.997 290.715 0.610 4346
1166.876 290.715 0.610 4346
1166.756 290.715 0.610 4362
1166.636 290.715 0.609 4362
1166.556 290.715 0.609 4378
1166.436 290.715 0.609 4378
1166.316 290.715 0.609 4378
1166.195 290.715 0.611 4394
1166.075 290.715 0.611 4411
1165.955 290.675 0.613 4411
1165.795 290.635 0.615 4411
1165.674 290.635 0.617 4427
1165.594 290.596 0.618 4427
1165.474 290.596 0.618 4427
1165.354 290.596 0.619 4443
1165.274 290.596 0.620 4459
1165.194 290.556 0.620 4459
1165.033 290.556 0.620 4459
1164.953 290.556 0.621 4475
1164.873 290.476 0.621 4475
1164.753 290.436 0.622 4491
1164.633 290.397 0.623 4491
1164.513 290.317 0.623 4508
1164.392 290.277 0.625 4508
1164.312 290.237 0.626 4508
1164.152 290.158 0.627 4524
1164.072 290.118 0.628 4524
1163.952 290.078 0.628 4540
1163.791 290.038 0.628 4540
1163.631 289.998 0.629 4540
1163.471 289.959 0.629 4556
1163.310 289.919 0.629 4572
1163.150 289.879 0.630 4572
1162.990 289.799 0.630 4572
1162.830 289.720 0.630 4588
1162.669 289.640 0.630 4604
1162.509 289.561 0.630 4604
1162.389 289.481 0.630 4604
1162.269 289.401 0.631 4620
1162.149 289.282 0.632 4620
1162.028 289.163 0.632 4620
1161.908 289.043 0.633 4637
1161.788 288.924 0.634 4653
1161.668 288.764 0.635 4653
1161.548 288.645 0.635 4653
1161.387 288.526 0.635 4669
1161.267 288.446 0.636 4669
1161.147 288.287 0.636 4685
1161.027 288.167 0.636 4685
1160.906 288.048 0.636 4685
1160.786 287.929 0.636 4701
1160.666 287.769 0.636 4701
1160.586 287.610 0.636 4717
1160.466 287.411 0.636 4717
1160.346 287.252 0.636 4734
1160.306 287.053 0.636 4734
1160.225 286.893 0.636 4734
1160.145 286.734 0.637 4750
1160.105 286.575 0.638 4766
1160.065 286.416 0.638 4766
1160.025 286.257 0.640 4766
1159.985 286.097 0.641 4782
1159.905 285.938 0.642 4782
1159.865 285.779 0.644 4782
1159.825 285.580 0.645 4798
1159.785 285.381 0.646 4814
1159.705 285.142 0.647 4814
1159.664 284.903 0.648 4814
1159.584 284.664 0.648 4831
1159.504 284.386 0.649 4831
1159.424 284.107 0.649 4847
1159.384 283.788 0.650 4847
1159.344 283.430 0.650 4863
1159.304 283.032 0.650 4863
1159.184 282.515 0.650 4863
1159.084 281.917 0.649 4879
1158.924 281.281 0.636 4879
1158.894 280.524 0.593 4895
1158.884 279.648 0.511 4895
1158.865 278.733 0.370 4895

% x_coordinate y_coordinate pressure time
% shape 1, 668 points

1226.576 226.902 0.449 290
1226.496 226.783 0.459 290
1226.456 226.663 0.469 306
1226.376 226.504 0.479 323
1226.295 226.385 0.486 323
1226.175 226.226 0.492 323
1226.135 226.027 0.497 339
1226.055 225.867 0.501 355
1225.895 225.708 0.505 355
1225.694 225.509 0.509 355
1225.534 225.310 0.513 371
1225.334 225.111 0.518 371
1225.134 224.872 0.524 371
1224.933 224.633 0.529 387
1224.733 224.394 0.533 387
1224.533 224.195 0.538 403
1224.332 223.996 0.544 403
1224.172 223.757 0.548 419
1224.012 223.598 0.553 419
1223.811 223.439 0.556 435
1223.651 223.320 0.558 435
1223.491 223.240 0.560 435
1223.290 223.121 0.562 451
1223.090 223.041 0.564 451
1222.930 222.961 0.565 468
1222.770 222.882 0.567 468
1222.609 222.762 0.567 484
1222.449 222.683 0.568 484
1222.289 222.563 0.570 484
1222.129 222.484 0.573 500
1221.968 222.364 0.576 516
1221.768 222.245 0.579 516
1221.608 222.125 0.581 516
1221.447 222.006 0.584 533
1221.287 221.926 0.586 533
1221.127 221.807 0.587 533
1220.967 221.727 0.587 549
1220.806 221.648 0.589 565
1220.686 221.528 0.589 565
1220.526 221.488 0.591 565
1220.366 221.449 0.592 581
1220.205 221.409 0.593 581
1220.005 221.369 0.594 597
1219.805 221.369 0.594 597
1219.604 221.329 0.595 597
1219.404 221.329 0.595 613
1219.164 221.289 0.596 630
1218.963 221.289 0.596 630
1218.763 221.289 0.597 630
1218.522 221.289 0.597 646
1218.362 221.289 0.597 646
1218.162 221.289 0.598 646
1218.002 221.289 0.598 662
1217.801 221.289 0.599 678
1217.641 221.250 0.599 678
1217.441 221.250 0.600 678
1217.240 221.250 0.601 694
1217.080 221.250 0.602 710
1216.880 221.250 0.603 710
1216.639 221.250 0.604 710
1216.439 221.250 0.604 727
1216.239 221.250 0.605 727
1215.998 221.250 0.605 727
1215.798 221.250 0.605 743
1215.558 221.250 0.605 759
1215.357 221.289 0.605 759
1215.157 221.369 0.605 759
1214.917 221.409 0.605 775
1214.676 221.488 0.605 775
1214.476 221.568 0.606 791
1214.276 221.608 0.606 791
1214.075 221.727 0.606 791
1213.875 221.807 0.606 807
1213.714 221.847 0.606 807
1213.554 221.887 0.606 823
1213.394 221.887 0.606 823
1213.194 221.926 0.607 839
1213.033 221.966 0.607 839
1212.833 222.006 0.607 839
1212.633 222.086 0.608 855
1212.432 222.165 0.608 872
1212.192 222.245 0.608 872
1211.992 222.364 0.608 872
1211.751 222.484 0.608 888
1211.511 222.603 0.608 888
1211.311 222.722 0.608 888
1211.110 222.842 0.608 904
1210.950 222.922 0.608 920
1210.790 223.041 0.608 920
1210.669 223.121 0.608 920
1210.509 223.200 0.608 936
1210.389 223.320 0.608 936
1210.229 223.399 0.608 952
1210.068 223.519 0.608 952
1209.908 223.638 0.608 969
1209.748 223.757 0.608 969
1209.628 223.837 0.608 985
1209.468 223.956 0.608 985
1209.347 224.036 0.608 985
1209.267 224.156 0.608 1001
1209.147 224.235 0.608 1001
1209.067 224.355 0.609 1001
1208.947 224.474 0.608 1017
1208.826 224.593 0.609 1033
1208.666 224.713 0.609 1033
1208.506 224.872 0.608 1033
1208.346 225.031 0.608 1050
1208.145 225.191 0.608 1066
1207.945 225.350 0.608 1066
1207.745 225.509 0.609 1066
1207.544 225.668 0.608 1082
1207.384 225.827 0.608 1082
1207.184 225.987 0.609 1082
1207.023 226.146 0.608 1098
1206.863 226.305 0.609 1114
1206.703 226.504 0.609 1114
1206.583 226.663 0.609 1114
1206.422 226.863 0.609 1130
1206.222 227.022 0.609 1130
1206.022 227.181 0.609 1147
1205.861 227.340 0.609 1147
1205.661 227.539 0.609 1163
1205.461 227.738 0.609 1163
1205.260 227.898 0.609 1163
1205.100 228.097 0.609 1179
1204.900 228.296 0.609 1179
1204.699 228.495 0.609 1195
1204.539 228.654 0.609 1195
1204.339 228.893 0.609 1195
1204.179 229.092 0.609 1211
1204.018 229.291 0.609 1227
1203.858 229.490 0.609 1227
1203.658 229.649 0.609 1227
1203.417 229.848 0.609 1244
1203.257 230.047 0.609 1244
1203.097 230.246 0.609 1244
1202.937 230.445 0.609 1260
1202.776 230.604 0.609 1276
1202.656 230.804 0.610 1276
1202.536 231.003 0.609 1276
1202.416 231.241 0.610 1292
1202.336 231.440 0.610 1308
1202.255 231.640 0.609 1308
1202.175 231.839 0.610 1308
1202.095 232.038 0.610 1324
1201.975 232.237 0.610 1324
1201.895 232.436 0.610 1324
1201.815 232.635 0.610 1341
1201.695 232.794 0.611 1357
1201.574 232.953 0.610 1357
1201.494 233.112 0.610 1357
1201.374 233.272 0.610 1373
1201.294 233.471 0.610 1373
1201.174 233.630 0.611 1389
1201.094 233.749 0.611 1389
1201.013 233.909 0.610 1389
1200.893 234.068 0.610 1405
1200.813 234.187 0.611 1405
1200.693 234.346 0.610 1422
1200.573 234.506 0.611 1422
1200.452 234.665 0.611 1438
1200.332 234.824 0.611 1438
1200.252 235.023 0.611 1438
1200.132 235.182 0.611 1454
1200.052 235.381 0.611 1470
1199.932 235.541 0.611 1470
1199.851 235.740 0.611 1470
1199.811 235.939 0.611 1486
1199.731 236.098 0.611 1486
1199.691 236.257 0.611 1486
1199.611 236.417 0.611 1502
1199.571 236.576 0.612 1519
1199.491 236.775 0.612 1519
1199.411 236.974 0.612 1519
1199.291 237.173 0.612 1535
1199.210 237.372 0.612 1551
1199.050 237.571 0.612 1551
1198.930 237.810 0.613 1551
1198.810 238.009 0.612 1567
1198.689 238.288 0.613 1567
1198.569 238.487 0.613 1567
1198.489 238.725 0.613 1583
1198.369 238.924 0.613 1583
1198.289 239.163 0.613 1599
1198.209 239.362 0.613 1599
1198.129 239.561 0.613 1615
1198.048 239.800 0.613 1615
1197.928 239.999 0.613 1631
1197.848 240.198 0.613 1631
1197.768 240.397 0.613 1631
1197.648 240.636 0.613 1648
1197.487 240.875 0.614 1648
1197.367 241.074 0.614 1664
1197.207 241.273 0.614 1664
1197.007 241.512 0.614 1680
1196.846 241.711 0.614 1680
1196.686 241.910 0.614 1680
1196.526 242.149 0.614 1696
1196.406 242.348 0.614 1712
1196.286 242.547 0.615 1712
1196.205 242.786 0.614 1712
1196.085 242.945 0.614 1728
1196.005 243.144 0.615 1728
1195.885 243.343 0.615 1728
1195.765 243.542 0.616 1745
1195.684 243.741 0.616 1761
1195.564 243.940 0.616 1761
1195.444 244.139 0.616 1761
1195.324 244.338 0.616 1777
1195.204 244.537 0.616 1777
1195.124 244.736 0.617 1793
1195.043 244.936 0.616 1793
1194.923 245.174 0.617 1793
1194.843 245.413 0.617 1810
1194.723 245.652 0.617 1826
1194.643 245.851 0.617 1826
1194.603 246.090 0.618 1826
1194.482 246.369 0.618 1842
1194.402 246.568 0.618 1842
1194.322 246.806 0.618 1842
1194.282 247.045 0.618 1858
1194.202 247.284 0.618 1874
1194.122 247.523 0.619 1874
1194.082 247.722 0.618 1874
1194.042 247.921 0.619 1890
1194.002 248.120 0.619 1890
1193.922 248.279 0.618 1906
1193.881 248.478 0.619 1906
1193.841 248.638 0.619 1923
1193.761 248.837 0.619 1923
1193.681 249.036 0.619 1923
1193.601 249.275 0.619 1939
1193.561 249.513 0.618 1939
1193.481 249.792 0.619 1955
1193.401 250.031 0.619 1955
1193.281 250.270 0.619 1955
1193.240 250.509 0.619 1971
1193.160 250.708 0.619 1987
1193.080 250.947 0.619 1987
1193.040 251.185 0.619 1987
1192.960 251.384 0.619 2004
1192.880 251.623 0.619 2004
1192.840 251.822 0.619 2004
1192.760 252.061 0.619 2020
1192.719 252.340 0.619 2036
1192.639 252.579 0.619 2036
1192.599 252.818 0.619 2036
1192.559 253.056 0.619 2052
1192.479 253.255 0.619 2068
1192.399 253.454 0.619 2068
1192.359 253.654 0.619 2068
1192.279 253.853 0.619 2084
1192.199 254.091 0.620 2084
1192.119 254.290 0.619 2100
1192.078 254.529 0.620 2100
1191.998 254.768 0.619 2100
1191.998 254.967 0.619 2116
1191.958 255.206 0.620 2116
1191.918 255.405 0.619 2132
1191.838 255.604 0.619 2132
1191.798 255.763 0.619 2148
1191.758 256.002 0.620 2148
1191.678 256.161 0.619 2148
1191.598 256.400 0.619 2165
1191.518 256.599 0.619 2181
1191.478 256.838 0.619 2181
1191.397 257.037 0.619 2181
1191.277 257.236 0.620 2197
1191.197 257.435 0.619 2197
1191.117 257.674 0.620 2197
1190.997 257.873 0.620 2213
1190.917 258.112 0.620 2230
1190.796 258.311 0.620 2230
1190.716 258.550 0.621 2230
1190.636 258.749 0.621 2246
1190.556 258.988 0.622 2262
1190.476 259.267 0.622 2262
1190.436 259.505 0.623 2262
1190.356 259.744 0.623 2278
1190.276 259.983 0.623 2278
1190.235 260.222 0.624 2278
1190.115 260.461 0.624 2295
1190.035 260.700 0.626 2295
1189.955 260.938 0.627 2311
1189.875 261.138 0.629 2311
1189.795 261.376 0.631 2311
1189.674 261.655 0.633 2327
1189.594 261.854 0.636 2343
1189.514 262.093 0.639 2343
1189.394 262.332 0.640 2343
1189.314 262.571 0.641 2359
1189.194 262.809 0.642 2359
1189.073 263.048 0.643 2359
1188.993 263.327 0.644 2375
1188.873 263.566 0.644 2391
1188.793 263.765 0.645 2391
1188.713 264.043 0.644 2391
1188.633 264.282 0.644 2407
1188.553 264.481 0.645 2424
1188.513 264.680 0.645 2424
1188.432 264.919 0.646 2424
1188.352 265.118 0.646 2440
1188.272 265.317 0.645 2440
1188.232 265.556 0.646 2440
1188.192 265.715 0.646 2456
1188.152 265.914 0.646 2456
1188.072 266.153 0.647 2472
1188.032 266.352 0.647 2472
1187.952 266.551 0.647 2472
1187.911 266.750 0.647 2488
1187.831 266.949 0.647 2504
1187.751 267.188 0.647 2504
1187.711 267.387 0.648 2504
1187.631 267.586 0.648 2520
1187.551 267.825 0.648 2536
1187.511 268.024 0.648 2536
1187.431 268.223 0.648 2536
1187.351 268.422 0.648 2552
1187.311 268.661 0.649 2552
1187.230 268.820 0.648 2569
1187.190 269.020 0.649 2569
1187.150 269.219 0.649 2569
1187.110 269.418 0.649 2585
1187.070 269.577 0.649 2585
1187.030 269.776 0.649 2585
1186.990 269.975 0.649 2601
1186.950 270.134 0.649 2617
1186.830 270.333 0.649 2617
1186.790 270.532 0.649 2617
1186.709 270.691 0.649 2633
1186.629 270.930 0.649 2650
1186.549 271.050 0.650 2650
1186.509 271.249 0.650 2650
1186.429 271.408 0.650 2666
1186.429 271.567 0.650 2666
1186.349 271.687 0.650 2666
1186.349 271.886 0.650 2682
1186.309 272.045 0.650 2698
1186.269 272.204 0.650 2698
1186.229 272.324 0.650 2698
1186.189 272.483 0.650 2714
1186.149 272.642 0.650 2714
1186.068 272.762 0.651 2730
1186.028 272.921 0.651 2730
1185.988 273.080 0.651 2730
1185.948 273.319 0.651 2746
1185.908 273.478 0.651 2762
1185.908 273.637 0.651 2762
1185.868 273.797 0.651 2762
1185.748 273.956 0.651 2779
1185.748 274.075 0.651 2779
1185.748 274.234 0.652 2779
1185.748 274.354 0.651 2795
1185.748 274.513 0.651 2811
1185.748 274.633 0.651 2811
1185.708 274.752 0.651 2811
1185.708 274.871 0.652 2827
1185.708 275.031 0.652 2843
1185.668 275.190 0.652 2843
1185.628 275.309 0.653 2843
1185.628 275.469 0.653 2860
1185.588 275.668 0.653 2860
1185.548 275.827 0.653 2860
1185.508 275.986 0.654 2876
1185.427 276.145 0.654 2876
1185.347 276.305 0.655 2892
1185.307 276.464 0.656 2892
1185.307 276.623 0.657 2908
1185.267 276.782 0.658 2908
1185.267 276.941 0.659 2924
1185.267 277.101 0.659 2924
1185.307 277.260 0.659 2924
1185.307 277.419 0.659 2940
1185.267 277.618 0.660 2956
1185.267 277.777 0.660 2956
1185.267 277.976 0.660 2956
1185.227 278.136 0.661 2972
1185.227 278.295 0.661 2972
1185.187 278.454 0.661 2972
1185.187 278.613 0.662 2988
1185.187 278.733 0.662 3005
1185.187 278.892 0.662 3005
1185.187 279.091 0.663 3005
1185.227 279.250 0.663 3021
1185.227 279.410 0.663 3021
1185.267 279.569 0.664 3037
1185.347 279.728 0.663 3037
1185.387 279.887 0.664 3037
1185.427 280.046 0.664 3053
1185.468 280.245 0.664 3053
1185.508 280.405 0.665 3069
1185.548 280.564 0.665 3069
1185.588 280.683 0.665 3085
1185.588 280.843 0.666 3085
1185.628 281.002 0.666 3085
1185.628 281.121 0.666 3101
1185.628 281.281 0.667 3118
1185.628 281.440 0.667 3118
1185.628 281.559 0.667 3118
1185.668 281.679 0.667 3134
1185.668 281.798 0.667 3134
1185.708 281.917 0.667 3134
1185.748 282.037 0.669 3150
1185.788 282.116 0.669 3166
1185.828 282.236 0.670 3166
1185.868 282.315 0.671 3166
1185.948 282.395 0.672 3182
1185.988 282.475 0.673 3182
1186.028 282.594 0.673 3198
1186.068 282.714 0.674 3198
1186.068 282.793 0.674 3215
1186.109 282.913 0.674 3215
1186.149 283.032 0.675 3215
1186.189 283.151 0.677 3231
1186.189 283.271 0.679 3231
1186.269 283.430 0.681 3247
1186.269 283.550 0.683 3247
1186.349 283.709 0.685 3247
1186.389 283.828 0.686 3263
1186.429 283.948 0.687 3280
1186.469 284.067 0.688 3280
1186.509 284.187 0.689 3280
1186.589 284.346 0.689 3296
1186.669 284.465 0.689 3296
1186.750 284.585 0.691 3296
1186.830 284.704 0.691 3312
1186.870 284.903 0.691 3328
1186.950 285.022 0.692 3328
1187.030 285.182 0.692 3328
1187.110 285.301 0.693 3344
1187.150 285.421 0.694 3360
1187.230 285.540 0.694 3360
1187.311 285.659 0.695 3360
1187.351 285.779 0.696 3377
1187.471 285.898 0.696 3377
1187.551 286.018 0.696 3377
1187.631 286.137 0.696 3393
1187.711 286.257 0.696 3409
1187.791 286.336 0.697 3409
1187.871 286.416 0.697 3409
1187.952 286.535 0.697 3425
1188.032 286.615 0.697 3425
1188.152 286.655 0.697 3441
1188.232 286.734 0.697 3441
1188.312 286.814 0.697 3441
1188.432 286.893 0.697 3457
1188.513 286.933 0.697 3473
1188.593 287.013 0.698 3473
1188.633 287.053 0.697 3473
1188.713 287.093 0.697 3490
1188.793 287.172 0.698 3490
1188.833 287.292 0.697 3490
1188.913 287.331 0.698 3506
1188.993 287.411 0.698 3522
1189.033 287.491 0.698 3522
1189.114 287.570 0.698 3522
1189.154 287.650 0.698 3538
1189.234 287.769 0.698 3554
1189.314 287.849 0.698 3554
1189.354 287.929 0.698 3554
1189.434 288.008 0.698 3570
1189.514 288.088 0.699 3570
1189.594 288.128 0.698 3570
1189.674 288.207 0.699 3587
1189.755 288.247 0.699 3587
1189.835 288.327 0.699 3603
1189.915 288.406 0.699 3603
1189.995 288.486 0.699 3619
1190.115 288.526 0.698 3619
1190.195 288.605 0.699 3635
1190.316 288.645 0.699 3635
1190.396 288.685 0.699 3635
1190.516 288.764 0.699 3651
1190.636 288.804 0.699 3651
1190.716 288.884 0.699 3651
1190.796 288.924 0.699 3668
1190.917 289.003 0.699 3684
1190.997 289.083 0.699 3684
1191.117 289.163 0.699 3684
1191.197 289.242 0.699 3700
1191.357 289.322 0.699 3716
1191.437 289.441 0.700 3716
1191.558 289.561 0.699 3716
1191.638 289.640 0.699 3732
1191.718 289.720 0.700 3732
1191.838 289.760 0.699 3732
1191.918 289.799 0.699 3748
1192.038 289.799 0.699 3765
1192.159 289.839 0.699 3765
1192.279 289.839 0.699 3765
1192.399 289.839 0.699 3781
1192.479 289.879 0.699 3781
1192.599 289.919 0.700 3797
1192.719 289.959 0.700 3797
1192.800 289.998 0.700 3797
1192.920 290.038 0.700 3813
1193.000 290.118 0.700 3813
1193.080 290.158 0.700 3829
1193.200 290.237 0.700 3829
1193.281 290.277 0.700 3846
1193.401 290.317 0.701 3846
1193.521 290.357 0.700 3846
1193.641 290.357 0.700 3862
1193.761 290.357 0.700 3878
1193.761 290.357 0.701 3878
1193.922 290.357 0.700 3878
1194.042 290.357 0.700 3894
1194.202 290.357 0.700 3894
1194.362 290.357 0.700 3894
1194.522 290.357 0.701 3910
1194.643 290.357 0.701 3927
1194.803 290.357 0.702 3927
1194.923 290.357 0.702 3927
1195.043 290.357 0.701 3943
1195.164 290.357 0.702 3959
1195.284 290.357 0.702 3959
1195.444 290.357 0.702 3959
1195.604 290.357 0.701 3975
1195.765 290.357 0.702 3975
1195.885 290.357 0.702 3975
1196.045 290.357 0.703 3991
1196.205 290.357 0.702 3991
1196.366 290.317 0.702 4008
1196.526 290.277 0.703 4008
1196.646 290.237 0.702 4024
1196.806 290.198 0.703 4024
1196.927 290.198 0.703 4040
1197.047 290.158 0.703 4040
1197.167 290.118 0.703 4040
1197.247 290.078 0.703 4056
1197.327 290.078 0.703 4072
1197.447 290.038 0.703 4072
1197.527 289.998 0.703 4072
1197.608 289.959 0.703 4088
1197.728 289.919 0.702 4088
1197.848 289.879 0.703 4088
1197.968 289.879 0.703 4104
1198.048 289.839 0.703 4121
1198.169 289.839 0.703 4121
1198.289 289.799 0.703 4121
1198.369 289.799 0.703 4137
1198.489 289.760 0.703 4137
1198.569 289.720 0.703 4153
1198.689 289.680 0.703 4153
1198.810 289.680 0.703 4153
1198.930 289.640 0.703 4169
1199.130 289.600 0.703 4169
1199.250 289.600 0.703 4185
1199.371 289.561 0.702 4185
1199.491 289.521 0.703 4202
1199.611 289.521 0.703 4202
1199.691 289.481 0.703 4202
1199.771 289.481 0.703 4218
1199.891 289.441 0.703 4234
1200.012 289.362 0.703 4234
1200.132 289.322 0.702 4234
1200.252 289.282 0.703 4250
1200.412 289.202 0.703 4250
1200.532 289.163 0.702 4250
1200.653 289.083 0.703 4266
1200.773 289.003 0.703 4283
1200.893 288.924 0.703 4283
1201.013 288.844 0.703 4283
1201.094 288.764 0.703 4299
1201.214 288.725 0.703 4315
1201.334 288.645 0.703 4315
1201.414 288.605 0.704 4315
1201.494 288.526 0.703 4331
1201.574 288.486 0.704 4331
1201.655 288.446 0.703 4331
1201.735 288.366 0.703 4347
1201.855 288.327 0.704 4347
1201.935 288.287 0.704 4363
1202.055 288.207 0.704 4363
1202.135 288.167 0.704 4363
1202.295 288.048 0.704 4379
1202.416 287.968 0.704 4395
1202.536 287.889 0.704 4395
1202.656 287.769 0.704 4395
1202.776 287.650 0.704 4412
1202.856 287.570 0.705 4412
1202.977 287.451 0.705 4412
1203.057 287.331 0.705 4428
1203.177 287.252 0.706 4444
1203.257 287.172 0.707 4444
1203.337 287.132 0.708 4444
1203.417 287.053 0.708 4460
1203.498 286.933 0.709 4460
1203.578 286.893 0.709 4476
1203.658 286.814 0.709 4476
1203.738 286.774 0.709 4492
1203.778 286.734 0.710 4492
1203.858 286.734 0.709 4509
1203.938 286.694 0.710 4509
1203.978 286.655 0.710 4509
1204.058 286.575 0.709 4525
1204.139 286.495 0.710 4525
1204.179 286.416 0.710 4525
1204.299 286.336 0.710 4541
1204.379 286.217 0.711 4557
1204.459 286.097 0.711 4557
1204.579 285.978 0.711 4557
1204.659 285.858 0.712 4573
1204.780 285.739 0.712 4589
1204.900 285.659 0.713 4589
1205.020 285.540 0.714 4589
1205.140 285.460 0.714 4606
1205.260 285.381 0.715 4606
1205.341 285.301 0.715 4622
1205.421 285.221 0.716 4622
1205.541 285.102 0.716 4622
1205.661 285.022 0.716 4638
1205.781 284.943 0.716 4638
1205.942 284.823 0.717 4638
1206.022 284.704 0.717 4654
1206.142 284.505 0.717 4670
1206.222 284.306 0.718 4670
1206.342 284.067 0.718 4670
1206.463 283.749 0.718 4686
1206.623 283.351 0.718 4702
1206.823 282.913 0.707 4702

% x_coordinate y_coordinate pressure time
% shape 2, 113 points
1181.741 255.000 0.041 0
1181.701 255.000 0.090 0
1181.661 255.000 0.123 16
1181.581 255.000 0.156 16
1181.541 255.000 0.187 32
1181.501 255.000 0.209 32
1181.501 255.000 0.220 32
1181.461 255.000 0.227 49
1181.381 255.000 0.239 49
1181.421 255.000 0.254 65
1181.461 255.000 0.270 65
1181.541 255.000 0.285 81
1181.661 255.000 0.303 81
1181.661 255.000 0.319 81
1181.821 255.000 0.332 97
1181.982 255.000 0.344 114
1182.142 255.000 0.355 114
1182.342 255.000 0.367 114
1182.543 255.000 0.375 130
1182.783 255.000 0.385 130
1182.983 255.000 0.394 130
1183.224 255.000 0.401 146
1183.464 255.000 0.411 162
1183.745 255.000 0.418 162
1183.985 255.000 0.426 162
1184.265 255.000 0.431 178
1184.626 255.000 0.434 178
1184.906 255.000 0.438 194
1185.227 255.000 0.440 194
1185.588 255.000 0.443 194
1185.908 255.000 0.444 210
1186.269 255.000 0.445 227
1186.589 255.000 0.446 227
1186.910 255.000 0.448 227
1187.230 255.000 0.449 243
1187.511 255.000 0.450 243
1187.751 255.000 0.453 243
1187.992 255.000 0.454 259
1188.312 255.000 0.456 275
1188.513 255.000 0.458 275
1188.793 255.000 0.460 275
1189.073 255.000 0.463 291
1189.354 255.000 0.466 291
1189.674 255.000 0.469 307
1190.035 255.000 0.473 307
1190.436 255.000 0.478 307
1190.836 255.000 0.482 323
1191.237 255.000 0.486 339
1191.598 255.000 0.490 339
1191.958 255.000 0.492 339
1192.319 255.000 0.495 355
1192.599 255.000 0.496 355
1192.840 255.000 0.498 355
1193.040 255.000 0.500 372
1193.240 255.000 0.501 388
1193.441 255.000 0.504 388
1193.601 255.000 0.507 388
1193.801 255.000 0.509 404
1193.962 255.000 0.511 404
1194.162 255.000 0.513 420
1194.322 255.000 0.514 420
1194.522 255.000 0.514 420
1194.683 255.000 0.515 437
1194.883 255.000 0.515 453
1195.043 255.000 0.515 453
1195.204 255.000 0.516 453
1195.364 255.000 0.516 469
1195.524 255.000 0.516 469
1195.644 255.000 0.516 469
1195.845 255.000 0.517 485
1195.965 255.000 0.518 501
1196.085 255.000 0.519 501
1196.245 255.000 0.520 501
1196.406 255.000 0.520 517
1196.566 255.000 0.520 534
1196.726 255.000 0.521 534
1196.886 255.000 0.522 534
1197.047 255.000 0.522 550
1197.207 255.000 0.522 550
1197.407 255.000 0.522 550
1197.608 255.000 0.522 566
1197.768 255.000 0.523 566
1197.968 255.000 0.523 582
1198.169 255.000 0.524 582
1198.329 255.000 0.524 598
1198.489 255.000 0.526 598
1198.609 255.000 0.528 614
1198.770 255.000 0.531 614
1198.890 255.000 0.532 614
1199.050 255.000 0.534 630
1199.170 255.000 0.535 647
1199.291 255.000 0.535 647
1199.531 255.000 0.536 647
1199.651 255.000 0.537 663
1199.811 255.000 0.536 663
1199.972 255.000 0.537 663
1200.132 255.000 0.537 679
1200.292 255.000 0.537 695
1200.452 255.000 0.538 695
1200.653 255.000 0.538 695
1200.813 255.000 0.538 711
1201.013 255.000 0.539 711
1201.214 255.000 0.539 727
1201.374 255.000 0.539 727
1201.534 255.000 0.539 743
1201.655 255.000 0.539 743
1201.775 255.000 0.540 743
1201.855 255.000 0.540 759
1201.975 255.000 0.539 759
1202.095 255.000 0.535 776
1202.215 255.000 0.500 776
1202.295 255.000 0.388 776
1202.376 255.000 0.063 792

