% x_coordinate y_coordinate pressure time
% shape 0, 563 points
813.207 265.671 0.017 0.000 
813.207 265.711 0.048 0.000 
813.207 265.711 0.064 0.000 
813.207 265.711 0.074 16.000 
813.207 265.750 0.085 33.000 
813.207 265.750 0.106 33.000 
813.207 265.750 0.137 33.000 
813.207 265.750 0.171 49.000 
813.207 265.750 0.203 49.000 
813.207 265.750 0.232 65.000 
813.207 265.750 0.257 65.000 
813.207 265.750 0.287 65.000 
813.247 265.750 0.312 81.000 
813.327 265.750 0.332 81.000 
813.447 265.750 0.348 97.000 
813.487 265.711 0.359 97.000 
813.568 265.631 0.367 113.000 
813.648 265.512 0.376 113.000 
813.688 265.352 0.385 113.000 
813.768 265.233 0.396 129.000 
813.808 265.034 0.407 145.000 
813.928 264.795 0.416 145.000 
814.008 264.596 0.425 145.000 
814.129 264.317 0.435 162.000 
814.249 264.078 0.441 162.000 
814.409 263.840 0.449 162.000 
814.569 263.561 0.458 178.000 
814.690 263.322 0.468 194.000 
814.850 263.083 0.477 194.000 
814.970 262.844 0.481 194.000 
815.130 262.606 0.484 210.000 
815.291 262.407 0.486 226.000 
815.491 262.208 0.488 226.000 
815.731 262.009 0.489 226.000 
815.972 261.770 0.490 242.000 
816.212 261.571 0.491 242.000 
816.452 261.332 0.492 258.000 
816.733 261.093 0.495 258.000 
816.973 260.854 0.499 258.000 
817.254 260.575 0.504 274.000 
817.494 260.297 0.511 274.000 
817.775 260.058 0.517 274.000 
818.015 259.859 0.524 291.000 
818.255 259.660 0.527 307.000 
818.456 259.501 0.530 307.000 
818.736 259.341 0.533 307.000 
818.977 259.182 0.534 323.000 
819.217 259.063 0.535 339.000 
819.497 258.943 0.536 339.000 
819.818 258.784 0.536 339.000 
820.099 258.625 0.536 355.000 
820.419 258.505 0.537 355.000 
820.699 258.346 0.537 355.000 
821.020 258.187 0.537 371.000 
821.300 258.028 0.538 388.000 
821.581 257.829 0.539 388.000 
821.861 257.709 0.541 388.000 
822.102 257.590 0.542 404.000 
822.342 257.470 0.543 404.000 
822.543 257.351 0.544 420.000 
822.743 257.271 0.545 420.000 
822.943 257.192 0.546 420.000 
823.144 257.152 0.548 436.000 
823.384 257.072 0.549 452.000 
823.624 256.953 0.552 452.000 
823.865 256.873 0.555 452.000 
824.145 256.794 0.557 468.000 
824.426 256.674 0.559 468.000 
824.666 256.555 0.562 468.000 
824.906 256.435 0.564 485.000 
825.147 256.356 0.566 501.000 
825.347 256.276 0.568 501.000 
825.548 256.157 0.571 501.000 
825.748 256.117 0.574 517.000 
825.908 256.077 0.574 533.000 
826.068 256.037 0.574 533.000 
826.229 255.997 0.575 533.000 
826.349 255.997 0.575 549.000 
826.509 255.997 0.575 549.000 
826.629 255.997 0.576 549.000 
826.790 255.997 0.575 565.000 
826.950 255.997 0.575 565.000 
827.070 255.997 0.576 581.000 
827.230 255.997 0.576 581.000 
827.391 255.997 0.576 581.000 
827.551 255.997 0.576 598.000 
827.671 255.958 0.576 614.000 
827.831 255.958 0.576 614.000 
827.952 255.918 0.577 614.000 
828.072 255.918 0.577 630.000 
828.152 255.918 0.577 630.000 
828.272 255.918 0.577 630.000 
828.392 255.878 0.577 646.000 
828.472 255.878 0.577 662.000 
828.593 255.878 0.577 662.000 
828.713 255.878 0.577 662.000 
828.833 255.878 0.578 678.000 
828.953 255.878 0.577 694.000 
829.073 255.878 0.577 694.000 
829.234 255.878 0.578 694.000 
829.394 255.878 0.578 711.000 
829.514 255.878 0.578 711.000 
829.594 255.878 0.578 711.000 
829.715 255.878 0.578 727.000 
829.795 255.878 0.579 743.000 
829.835 255.878 0.579 743.000 
829.915 255.878 0.579 743.000 
829.995 255.878 0.580 759.000 
830.075 255.878 0.579 759.000 
830.115 255.878 0.580 775.000 
830.195 255.878 0.580 775.000 
830.275 255.878 0.580 775.000 
830.356 255.878 0.581 791.000 
830.436 255.878 0.582 807.000 
830.516 255.878 0.584 807.000 
830.596 255.878 0.587 807.000 
830.676 255.918 0.588 824.000 
830.756 255.958 0.589 824.000 
830.836 255.997 0.592 824.000 
830.917 256.037 0.593 840.000 
830.997 256.077 0.594 856.000 
831.077 256.077 0.596 856.000 
831.157 256.157 0.596 856.000 
831.237 256.196 0.597 872.000 
831.357 256.236 0.597 888.000 
831.437 256.236 0.597 888.000 
831.518 256.276 0.598 888.000 
831.638 256.316 0.599 905.000 
831.758 256.356 0.598 905.000 
831.838 256.356 0.600 905.000 
831.918 256.396 0.602 921.000 
832.038 256.435 0.604 921.000 
832.119 256.435 0.606 937.000 
832.279 256.475 0.607 937.000 
832.359 256.475 0.607 953.000 
832.479 256.515 0.609 953.000 
832.559 256.555 0.610 969.000 
832.679 256.595 0.611 969.000 
832.760 256.634 0.612 969.000 
832.840 256.674 0.613 985.000 
832.960 256.714 0.614 985.000 
833.040 256.754 0.614 985.000 
833.160 256.794 0.615 1002.000 
833.281 256.833 0.616 1018.000 
833.401 256.873 0.617 1018.000 
833.521 256.953 0.617 1018.000 
833.641 256.993 0.619 1034.000 
833.761 257.032 0.620 1050.000 
833.841 257.112 0.621 1050.000 
833.962 257.192 0.622 1050.000 
834.042 257.271 0.622 1066.000 
834.162 257.311 0.622 1066.000 
834.242 257.391 0.623 1066.000 
834.322 257.510 0.624 1082.000 
834.402 257.590 0.624 1099.000 
834.482 257.669 0.626 1099.000 
834.563 257.749 0.626 1099.000 
834.643 257.908 0.626 1115.000 
834.723 257.988 0.628 1115.000 
834.803 258.067 0.628 1131.000 
834.883 258.147 0.629 1131.000 
835.003 258.187 0.630 1131.000 
835.083 258.306 0.630 1147.000 
835.164 258.386 0.631 1147.000 
835.244 258.466 0.632 1163.000 
835.284 258.585 0.633 1163.000 
835.364 258.704 0.635 1179.000 
835.404 258.824 0.636 1179.000 
835.484 258.943 0.636 1179.000 
835.524 259.063 0.636 1195.000 
835.604 259.222 0.636 1212.000 
835.685 259.341 0.637 1212.000 
835.725 259.461 0.637 1212.000 
835.805 259.580 0.637 1228.000 
835.845 259.700 0.637 1228.000 
835.885 259.819 0.637 1228.000 
835.965 259.938 0.637 1244.000 
836.005 260.058 0.638 1260.000 
836.085 260.217 0.638 1260.000 
836.165 260.376 0.638 1260.000 
836.205 260.536 0.638 1276.000 
836.285 260.695 0.638 1293.000 
836.326 260.814 0.638 1293.000 
836.366 260.973 0.638 1293.000 
836.406 261.133 0.638 1309.000 
836.446 261.252 0.638 1309.000 
836.446 261.411 0.639 1309.000 
836.486 261.531 0.639 1325.000 
836.486 261.690 0.640 1325.000 
836.486 261.849 0.639 1341.000 
836.526 262.009 0.640 1341.000 
836.526 262.168 0.639 1357.000 
836.526 262.327 0.640 1357.000 
836.566 262.526 0.639 1373.000 
836.606 262.725 0.639 1373.000 
836.646 262.884 0.639 1373.000 
836.646 263.043 0.639 1389.000 
836.686 263.243 0.640 1389.000 
836.686 263.402 0.639 1389.000 
836.686 263.601 0.639 1406.000 
836.686 263.760 0.639 1422.000 
836.686 263.959 0.639 1422.000 
836.686 264.118 0.639 1422.000 
836.686 264.238 0.640 1438.000 
836.686 264.397 0.639 1454.000 
836.686 264.516 0.639 1454.000 
836.686 264.636 0.639 1454.000 
836.686 264.795 0.639 1470.000 
836.686 264.914 0.639 1470.000 
836.686 265.034 0.639 1470.000 
836.686 265.193 0.639 1486.000 
836.686 265.313 0.639 1503.000 
836.686 265.472 0.639 1503.000 
836.686 265.591 0.640 1503.000 
836.686 265.750 0.640 1519.000 
836.686 265.870 0.639 1519.000 
836.686 265.989 0.639 1535.000 
836.686 266.109 0.639 1535.000 
836.686 266.228 0.638 1551.000 
836.686 266.308 0.638 1551.000 
836.686 266.427 0.639 1551.000 
836.686 266.547 0.639 1567.000 
836.686 266.666 0.639 1567.000 
836.686 266.785 0.638 1584.000 
836.686 266.945 0.638 1584.000 
836.686 267.104 0.639 1584.000 
836.686 267.223 0.638 1600.000 
836.686 267.383 0.638 1616.000 
836.686 267.542 0.639 1616.000 
836.686 267.661 0.639 1616.000 
836.686 267.781 0.638 1632.000 
836.646 267.900 0.639 1632.000 
836.646 268.059 0.638 1632.000 
836.606 268.179 0.639 1648.000 
836.606 268.298 0.639 1664.000 
836.566 268.457 0.638 1664.000 
836.566 268.617 0.638 1664.000 
836.566 268.736 0.639 1681.000 
836.566 268.895 0.638 1697.000 
836.526 269.015 0.639 1697.000 
836.526 269.174 0.639 1697.000 
836.526 269.293 0.638 1713.000 
836.446 269.453 0.639 1713.000 
836.406 269.612 0.639 1713.000 
836.366 269.731 0.638 1729.000 
836.326 269.891 0.639 1729.000 
836.285 270.010 0.639 1745.000 
836.245 270.129 0.639 1745.000 
836.205 270.249 0.639 1761.000 
836.165 270.368 0.639 1761.000 
836.165 270.488 0.639 1777.000 
836.125 270.607 0.639 1777.000 
836.085 270.727 0.639 1777.000 
836.085 270.846 0.639 1794.000 
836.045 270.965 0.639 1794.000 
836.005 271.085 0.639 1794.000 
836.005 271.244 0.639 1810.000 
835.965 271.363 0.639 1826.000 
835.925 271.523 0.639 1826.000 
835.925 271.682 0.639 1826.000 
835.885 271.841 0.639 1842.000 
835.845 271.961 0.639 1858.000 
835.805 272.120 0.639 1858.000 
835.765 272.239 0.639 1858.000 
835.725 272.398 0.639 1875.000 
835.644 272.518 0.639 1875.000 
835.644 272.637 0.639 1875.000 
835.604 272.757 0.639 1891.000 
835.564 272.916 0.639 1907.000 
835.484 273.035 0.640 1907.000 
835.444 273.155 0.639 1907.000 
835.404 273.314 0.639 1923.000 
835.364 273.433 0.639 1923.000 
835.324 273.553 0.639 1939.000 
835.284 273.712 0.639 1939.000 
835.244 273.832 0.639 1955.000 
835.204 273.991 0.639 1955.000 
835.164 274.110 0.639 1971.000 
835.124 274.230 0.639 1971.000 
835.083 274.389 0.639 1971.000 
835.003 274.508 0.639 1988.000 
834.963 274.628 0.639 1988.000 
834.923 274.747 0.640 1988.000 
834.883 274.906 0.639 2004.000 
834.803 275.026 0.639 2020.000 
834.723 275.145 0.639 2020.000 
834.643 275.305 0.639 2020.000 
834.603 275.424 0.640 2036.000 
834.523 275.543 0.639 2052.000 
834.482 275.703 0.640 2052.000 
834.442 275.822 0.639 2052.000 
834.402 275.981 0.639 2068.000 
834.362 276.101 0.639 2068.000 
834.322 276.220 0.639 2084.000 
834.282 276.379 0.639 2084.000 
834.242 276.499 0.639 2084.000 
834.202 276.618 0.640 2100.000 
834.162 276.698 0.639 2100.000 
834.082 276.817 0.639 2100.000 
834.042 276.937 0.640 2116.000 
833.962 277.056 0.639 2133.000 
833.922 277.175 0.639 2133.000 
833.841 277.295 0.639 2133.000 
833.801 277.414 0.640 2149.000 
833.721 277.534 0.640 2165.000 
833.681 277.653 0.640 2165.000 
833.641 277.812 0.639 2165.000 
833.601 277.932 0.640 2181.000 
833.521 278.051 0.639 2181.000 
833.481 278.171 0.640 2181.000 
833.401 278.290 0.640 2197.000 
833.321 278.410 0.639 2197.000 
833.281 278.569 0.639 2213.000 
833.160 278.728 0.640 2213.000 
833.080 278.887 0.640 2230.000 
833.000 279.046 0.640 2230.000 
832.920 279.166 0.640 2246.000 
832.840 279.325 0.639 2246.000 
832.760 279.445 0.640 2246.000 
832.679 279.564 0.640 2262.000 
832.559 279.683 0.639 2262.000 
832.519 279.803 0.640 2278.000 
832.439 279.922 0.640 2278.000 
832.399 280.042 0.640 2295.000 
832.319 280.161 0.640 2295.000 
832.279 280.281 0.640 2295.000 
832.199 280.360 0.640 2311.000 
832.159 280.480 0.641 2327.000 
832.078 280.599 0.640 2327.000 
831.998 280.718 0.641 2327.000 
831.918 280.838 0.640 2343.000 
831.838 281.037 0.640 2343.000 
831.718 281.156 0.640 2359.000 
831.638 281.315 0.640 2359.000 
831.558 281.475 0.639 2375.000 
831.477 281.594 0.640 2375.000 
831.397 281.674 0.640 2375.000 
831.317 281.793 0.640 2391.000 
831.277 281.913 0.640 2391.000 
831.197 281.992 0.640 2407.000 
831.117 282.112 0.640 2407.000 
831.037 282.191 0.640 2407.000 
830.957 282.311 0.640 2424.000 
830.876 282.430 0.640 2440.000 
830.756 282.550 0.640 2440.000 
830.676 282.709 0.640 2440.000 
830.596 282.828 0.640 2456.000 
830.516 282.948 0.640 2456.000 
830.436 283.067 0.640 2456.000 
830.356 283.147 0.641 2472.000 
830.315 283.306 0.641 2488.000 
830.235 283.386 0.640 2488.000 
830.115 283.505 0.640 2488.000 
830.035 283.624 0.641 2504.000 
829.955 283.744 0.641 2520.000 
829.875 283.863 0.641 2520.000 
829.755 284.022 0.641 2520.000 
829.674 284.142 0.641 2536.000 
829.634 284.261 0.640 2536.000 
829.554 284.381 0.640 2552.000 
829.474 284.460 0.641 2552.000 
829.394 284.580 0.640 2552.000 
829.314 284.659 0.640 2569.000 
829.274 284.739 0.640 2569.000 
829.194 284.819 0.641 2585.000 
829.114 284.898 0.640 2585.000 
829.033 284.978 0.641 2601.000 
828.953 285.057 0.641 2601.000 
828.873 285.177 0.641 2601.000 
828.793 285.257 0.641 2617.000 
828.713 285.336 0.640 2633.000 
828.633 285.416 0.641 2633.000 
828.553 285.535 0.641 2633.000 
828.472 285.694 0.641 2649.000 
828.392 285.774 0.641 2649.000 
828.312 285.893 0.641 2649.000 
828.232 285.973 0.641 2665.000 
828.152 286.053 0.641 2682.000 
828.112 286.093 0.641 2682.000 
828.032 286.172 0.641 2682.000 
827.992 286.212 0.641 2698.000 
827.911 286.212 0.640 2714.000 
827.871 286.252 0.641 2714.000 
827.791 286.292 0.642 2714.000 
827.711 286.331 0.641 2730.000 
827.631 286.411 0.642 2730.000 
827.511 286.451 0.641 2730.000 
827.431 286.530 0.641 2746.000 
827.351 286.610 0.642 2746.000 
827.270 286.690 0.641 2762.000 
827.190 286.769 0.640 2762.000 
827.110 286.849 0.642 2762.000 
827.030 286.929 0.641 2779.000 
826.950 287.048 0.641 2795.000 
826.870 287.128 0.642 2795.000 
826.790 287.167 0.641 2795.000 
826.710 287.247 0.641 2811.000 
826.629 287.327 0.642 2827.000 
826.549 287.406 0.642 2827.000 
826.469 287.486 0.641 2827.000 
826.349 287.565 0.642 2843.000 
826.229 287.645 0.641 2843.000 
826.109 287.725 0.641 2843.000 
826.028 287.804 0.642 2859.000 
825.908 287.924 0.641 2875.000 
825.828 288.043 0.641 2875.000 
825.708 288.123 0.642 2875.000 
825.628 288.202 0.641 2892.000 
825.548 288.242 0.642 2892.000 
825.467 288.282 0.642 2908.000 
825.347 288.362 0.641 2908.000 
825.267 288.401 0.642 2908.000 
825.187 288.441 0.641 2924.000 
825.067 288.481 0.641 2924.000 
824.947 288.561 0.642 2940.000 
824.826 288.600 0.642 2940.000 
824.706 288.640 0.642 2956.000 
824.546 288.720 0.641 2956.000 
824.466 288.760 0.642 2956.000 
824.346 288.799 0.642 2972.000 
824.225 288.839 0.642 2989.000 
824.105 288.879 0.641 2989.000 
823.985 288.919 0.642 2989.000 
823.865 288.959 0.642 3005.000 
823.704 288.998 0.641 3005.000 
823.584 289.078 0.642 3005.000 
823.464 289.118 0.642 3021.000 
823.344 289.158 0.642 3037.000 
823.224 289.198 0.642 3037.000 
823.104 289.237 0.642 3037.000 
822.983 289.237 0.642 3053.000 
822.863 289.237 0.642 3069.000 
822.743 289.277 0.642 3069.000 
822.623 289.277 0.642 3069.000 
822.462 289.317 0.642 3086.000 
822.342 289.357 0.642 3086.000 
822.222 289.357 0.643 3086.000 
822.062 289.397 0.643 3102.000 
821.942 289.436 0.642 3102.000 
821.821 289.476 0.642 3118.000 
821.701 289.516 0.642 3118.000 
821.581 289.556 0.642 3118.000 
821.461 289.596 0.643 3134.000 
821.260 289.635 0.642 3150.000 
821.100 289.635 0.642 3150.000 
820.980 289.675 0.643 3150.000 
820.780 289.715 0.642 3167.000 
820.619 289.755 0.643 3167.000 
820.459 289.755 0.643 3167.000 
820.259 289.795 0.643 3183.000 
820.099 289.835 0.643 3199.000 
819.938 289.874 0.643 3199.000 
819.778 289.914 0.642 3199.000 
819.618 289.954 0.642 3215.000 
819.497 290.034 0.643 3231.000 
819.337 290.073 0.642 3231.000 
819.257 290.073 0.643 3231.000 
819.137 290.113 0.642 3248.000 
819.017 290.113 0.642 3248.000 
818.937 290.113 0.644 3248.000 
818.816 290.113 0.644 3264.000 
818.736 290.113 0.644 3264.000 
818.616 290.113 0.645 3280.000 
818.496 290.113 0.645 3280.000 
818.336 290.113 0.647 3296.000 
818.215 290.113 0.648 3296.000 
818.095 290.113 0.648 3312.000 
817.935 290.113 0.648 3312.000 
817.735 290.113 0.649 3312.000 
817.574 290.113 0.649 3329.000 
817.414 290.113 0.649 3329.000 
817.254 290.113 0.651 3329.000 
817.134 290.113 0.651 3345.000 
817.013 290.113 0.655 3361.000 
816.893 290.113 0.658 3361.000 
816.733 290.113 0.660 3361.000 
816.653 290.113 0.661 3377.000 
816.492 290.113 0.662 3393.000 
816.372 290.113 0.663 3393.000 
816.252 290.113 0.664 3393.000 
816.132 290.113 0.665 3409.000 
816.052 290.113 0.666 3409.000 
815.891 290.113 0.669 3409.000 
815.811 290.034 0.672 3426.000 
815.651 289.994 0.675 3442.000 
815.531 289.914 0.678 3442.000 
815.371 289.874 0.680 3442.000 
815.210 289.835 0.682 3458.000 
815.090 289.835 0.682 3458.000 
814.970 289.795 0.683 3474.000 
814.810 289.795 0.684 3474.000 
814.690 289.795 0.684 3490.000 
814.529 289.795 0.684 3490.000 
814.409 289.795 0.685 3490.000 
814.289 289.755 0.684 3507.000 
814.129 289.755 0.685 3507.000 
813.968 289.715 0.685 3523.000 
813.848 289.675 0.686 3523.000 
813.728 289.635 0.687 3523.000 
813.608 289.596 0.688 3539.000 
813.487 289.516 0.691 3555.000 
813.367 289.476 0.694 3555.000 
813.247 289.397 0.696 3555.000 
813.127 289.317 0.698 3571.000 
813.007 289.237 0.700 3571.000 
812.846 289.118 0.701 3571.000 
812.686 289.038 0.703 3587.000 
812.526 288.959 0.704 3604.000 
812.326 288.879 0.704 3604.000 
812.125 288.799 0.705 3604.000 
811.925 288.720 0.705 3620.000 
811.765 288.640 0.705 3636.000 
811.604 288.561 0.706 3636.000 
811.484 288.481 0.706 3636.000 
811.364 288.441 0.706 3652.000 
811.244 288.362 0.707 3652.000 
811.164 288.282 0.707 3669.000 
811.043 288.242 0.708 3669.000 
810.923 288.163 0.710 3669.000 
810.843 288.083 0.710 3685.000 
810.763 287.964 0.710 3685.000 
810.643 287.884 0.711 3685.000 
810.563 287.804 0.711 3701.000 
810.442 287.685 0.712 3717.000 
810.362 287.526 0.712 3717.000 
810.242 287.446 0.713 3717.000 
810.122 287.327 0.714 3733.000 
810.042 287.167 0.716 3750.000 
809.922 287.048 0.717 3750.000 
809.841 286.889 0.719 3750.000 
809.761 286.769 0.721 3766.000 
809.641 286.610 0.723 3766.000 
809.561 286.451 0.726 3766.000 
809.481 286.292 0.728 3782.000 
809.361 286.132 0.729 3799.000 
809.280 286.013 0.731 3799.000 
809.160 285.814 0.732 3799.000 
809.080 285.655 0.733 3815.000 
809.000 285.495 0.735 3815.000 
808.920 285.336 0.736 3831.000 
808.800 285.217 0.739 3831.000 
808.720 285.018 0.742 3831.000 
808.639 284.858 0.744 3847.000 
808.559 284.699 0.746 3863.000 
808.439 284.540 0.749 3863.000 
808.359 284.341 0.751 3863.000 
808.279 284.182 0.752 3879.000 
808.199 284.022 0.753 3879.000 
808.119 283.903 0.753 3879.000 
808.038 283.744 0.754 3895.000 
807.998 283.624 0.754 3912.000 
807.958 283.465 0.754 3912.000 
807.958 283.346 0.754 3912.000 
807.958 283.226 0.754 3928.000 
807.958 283.067 0.754 3928.000 
807.958 282.908 0.753 3944.000 
807.958 282.709 0.753 3944.000 
807.998 282.470 0.752 3960.000 
807.998 282.151 0.743 3960.000 
808.038 281.753 0.706 3960.000 
808.119 281.276 0.632 3976.000 
808.119 280.679 0.504 3976.000 
808.119 279.962 0.302 3992.000 

% x_coordinate y_coordinate pressure time
% shape 1, 415 points

862.689 267.268 0.419 114
862.689 266.989 0.432 130
862.689 266.750 0.444 130
862.689 266.432 0.455 146
862.689 266.114 0.468 146
862.689 265.795 0.480 146
862.689 265.437 0.491 162
862.689 265.039 0.499 162
862.649 264.680 0.505 162
862.569 264.282 0.511 178
862.489 263.924 0.515 194
862.369 263.566 0.517 194
862.289 263.247 0.520 194
862.209 262.889 0.522 210
862.169 262.531 0.522 227
862.048 262.252 0.524 227
861.968 261.934 0.525 227
861.888 261.655 0.529 243
861.768 261.337 0.533 243
861.648 261.098 0.538 259
861.487 260.819 0.542 259
861.287 260.501 0.545 275
861.127 260.222 0.547 275
860.927 259.983 0.549 275
860.726 259.704 0.550 291
860.526 259.466 0.551 291
860.326 259.227 0.552 307
860.085 258.948 0.553 307
859.885 258.749 0.553 307
859.644 258.470 0.555 324
859.444 258.271 0.556 340
859.244 258.072 0.558 340
859.043 257.873 0.561 340
858.883 257.714 0.564 356
858.763 257.555 0.566 356
858.643 257.396 0.569 356
858.523 257.276 0.570 372
858.402 257.157 0.572 388
858.282 256.997 0.573 388
858.122 256.878 0.574 388
858.002 256.719 0.576 404
857.801 256.599 0.579 420
857.641 256.520 0.580 420
857.441 256.400 0.583 420
857.240 256.321 0.584 436
857.040 256.281 0.586 436
856.880 256.201 0.587 436
856.760 256.161 0.588 453
856.599 256.161 0.588 453
856.439 256.122 0.589 469
856.319 256.082 0.589 469
856.159 256.042 0.589 485
856.038 256.042 0.591 485
855.878 255.962 0.591 501
855.758 255.883 0.592 501
855.598 255.843 0.594 501
855.477 255.763 0.595 517
855.317 255.724 0.598 534
855.157 255.684 0.601 534
854.997 255.644 0.604 534
854.836 255.644 0.605 550
854.676 255.604 0.607 550
854.476 255.604 0.607 550
854.316 255.604 0.609 566
854.155 255.604 0.609 566
853.995 255.604 0.609 582
853.835 255.604 0.610 582
853.674 255.604 0.611 582
853.554 255.604 0.611 598
853.354 255.604 0.612 615
853.234 255.604 0.612 615
853.114 255.604 0.612 615
852.953 255.604 0.613 631
852.793 255.604 0.613 631
852.633 255.604 0.613 631
852.472 255.604 0.614 647
852.272 255.644 0.614 663
852.112 255.684 0.616 663
851.952 255.724 0.617 663
851.791 255.763 0.617 679
851.631 255.803 0.619 696
851.471 255.843 0.620 696
851.310 255.883 0.620 696
851.150 255.923 0.621 712
850.990 255.962 0.622 712
850.830 256.002 0.622 728
850.709 256.042 0.623 728
850.549 256.042 0.624 728
850.429 256.082 0.625 744
850.309 256.122 0.627 744
850.229 256.122 0.628 760
850.068 256.161 0.630 760
849.908 256.201 0.631 776
849.748 256.241 0.632 776
849.548 256.361 0.633 776
849.387 256.440 0.633 792
849.187 256.520 0.633 808
848.987 256.639 0.634 808
848.826 256.719 0.634 808
848.626 256.838 0.634 825
848.466 256.918 0.635 825
848.265 257.037 0.634 841
848.065 257.117 0.635 841
847.905 257.236 0.635 841
847.705 257.356 0.635 857
847.544 257.475 0.635 857
847.344 257.595 0.635 873
847.184 257.714 0.635 873
847.023 257.833 0.635 889
846.823 257.953 0.635 889
846.663 258.072 0.635 889
846.462 258.152 0.635 905
846.302 258.311 0.635 922
846.062 258.470 0.635 922
845.861 258.630 0.636 922
845.661 258.829 0.635 938
845.421 259.028 0.636 938
845.180 259.227 0.636 938
844.980 259.426 0.636 954
844.780 259.625 0.636 970
844.539 259.864 0.636 970
844.379 260.023 0.636 970
844.179 260.222 0.636 986
843.978 260.421 0.636 1002
843.818 260.580 0.636 1002
843.698 260.739 0.636 1002
843.538 260.938 0.636 1018
843.377 261.138 0.636 1018
843.217 261.376 0.636 1034
843.057 261.575 0.636 1034
842.896 261.774 0.636 1034
842.696 262.013 0.637 1051
842.536 262.212 0.636 1051
842.336 262.451 0.636 1051
842.175 262.650 0.637 1067
841.975 262.849 0.636 1083
841.775 263.088 0.637 1083
841.574 263.287 0.637 1083
841.374 263.566 0.636 1099
841.174 263.805 0.637 1115
841.013 264.043 0.636 1115
840.813 264.282 0.636 1115
840.613 264.481 0.637 1131
840.412 264.720 0.637 1131
840.252 264.919 0.636 1131
840.052 265.118 0.637 1148
839.851 265.317 0.636 1164
839.691 265.516 0.637 1164
839.531 265.755 0.637 1164
839.411 265.954 0.637 1180
839.250 266.153 0.637 1180
839.170 266.352 0.637 1196
839.050 266.512 0.637 1196
838.890 266.711 0.637 1212
838.810 266.870 0.637 1212
838.730 267.029 0.636 1212
838.690 267.188 0.637 1229
838.609 267.348 0.637 1229
838.529 267.507 0.636 1245
838.449 267.706 0.637 1245
838.369 267.865 0.637 1245
838.249 268.064 0.637 1261
838.129 268.263 0.637 1277
838.008 268.422 0.636 1277
837.888 268.621 0.637 1277
837.768 268.781 0.637 1293
837.688 268.980 0.637 1293
837.568 269.139 0.637 1293
837.487 269.298 0.637 1309
837.407 269.457 0.637 1326
837.327 269.656 0.637 1326
837.287 269.856 0.637 1326
837.207 270.015 0.637 1342
837.167 270.214 0.637 1358
837.127 270.453 0.637 1358
837.087 270.652 0.637 1358
837.047 270.851 0.638 1374
837.007 271.010 0.638 1374
836.967 271.209 0.638 1374
836.886 271.408 0.638 1390
836.806 271.607 0.638 1407
836.766 271.806 0.638 1407
836.686 272.005 0.639 1407
836.606 272.164 0.639 1423
836.566 272.363 0.639 1423
836.486 272.563 0.639 1439
836.446 272.762 0.639 1439
836.366 272.961 0.639 1439
836.285 273.120 0.639 1455
836.205 273.279 0.639 1455
836.125 273.438 0.640 1471
836.045 273.637 0.640 1471
835.965 273.797 0.640 1487
835.885 273.996 0.640 1487
835.805 274.155 0.640 1487
835.765 274.354 0.641 1503
835.685 274.513 0.641 1519
835.644 274.672 0.640 1519
835.604 274.832 0.640 1519
835.524 274.991 0.641 1536
835.484 275.150 0.640 1536
835.444 275.269 0.641 1536
835.364 275.389 0.641 1552
835.284 275.548 0.642 1568
835.204 275.707 0.642 1568
835.164 275.867 0.643 1568
835.083 276.026 0.643 1584
835.003 276.225 0.643 1584
835.003 276.384 0.643 1600
834.963 276.583 0.644 1600
834.883 276.782 0.644 1600
834.883 276.981 0.644 1616
834.843 277.140 0.646 1616
834.843 277.379 0.647 1633
834.843 277.539 0.647 1633
834.843 277.698 0.648 1649
834.843 277.897 0.649 1649
834.803 278.056 0.649 1649
834.803 278.255 0.650 1665
834.763 278.414 0.651 1681
834.763 278.613 0.651 1681
834.723 278.773 0.652 1681
834.723 278.932 0.652 1697
834.683 279.131 0.652 1713
834.683 279.330 0.653 1713
834.683 279.489 0.652 1713
834.683 279.728 0.653 1729
834.683 279.887 0.653 1729
834.683 280.086 0.653 1729
834.683 280.285 0.654 1746
834.763 280.484 0.655 1762
834.803 280.683 0.656 1762
834.843 280.882 0.657 1762
834.883 281.081 0.657 1778
834.963 281.320 0.658 1778
835.003 281.519 0.659 1794
835.003 281.679 0.659 1794
835.043 281.878 0.659 1794
835.043 282.077 0.660 1810
835.083 282.196 0.661 1810
835.124 282.355 0.662 1827
835.164 282.475 0.664 1827
835.164 282.634 0.664 1843
835.244 282.753 0.666 1843
835.284 282.873 0.666 1843
835.364 283.032 0.666 1859
835.404 283.191 0.667 1875
835.484 283.351 0.668 1875
835.604 283.510 0.667 1875
835.685 283.669 0.668 1891
835.805 283.828 0.668 1891
835.885 284.027 0.668 1891
835.965 284.266 0.669 1907
836.085 284.465 0.669 1923
836.165 284.664 0.670 1923
836.245 284.863 0.670 1923
836.326 285.062 0.670 1940
836.446 285.261 0.670 1940
836.566 285.460 0.671 1956
836.646 285.620 0.671 1956
836.806 285.779 0.672 1972
836.886 285.898 0.672 1972
837.007 286.057 0.673 1972
837.127 286.177 0.674 1988
837.287 286.336 0.674 1988
837.407 286.495 0.676 2004
837.487 286.655 0.677 2004
837.608 286.814 0.678 2004
837.728 286.973 0.679 2020
837.808 287.132 0.680 2036
837.888 287.292 0.680 2036
838.008 287.411 0.680 2036
838.129 287.570 0.681 2053
838.249 287.729 0.681 2053
838.369 287.849 0.681 2069
838.489 288.008 0.682 2069
838.609 288.128 0.681 2085
838.770 288.287 0.682 2085
838.970 288.446 0.682 2085
839.130 288.565 0.682 2101
839.290 288.725 0.683 2101
839.411 288.884 0.684 2117
839.571 289.043 0.684 2117
839.731 289.163 0.685 2133
839.851 289.282 0.687 2133
840.012 289.401 0.689 2150
840.172 289.521 0.691 2150
840.332 289.640 0.693 2150
840.492 289.799 0.695 2166
840.653 289.919 0.696 2166
840.853 289.998 0.696 2166
841.053 290.078 0.697 2182
841.214 290.158 0.698 2198
841.454 290.237 0.698 2198
841.654 290.317 0.698 2198
841.855 290.357 0.698 2214
842.095 290.397 0.698 2231
842.296 290.436 0.699 2231
842.536 290.436 0.699 2231
842.736 290.476 0.699 2247
842.937 290.476 0.700 2247
843.137 290.476 0.699 2247
843.337 290.516 0.700 2263
843.538 290.516 0.700 2279
843.698 290.516 0.700 2279
843.858 290.516 0.700 2279
844.018 290.556 0.700 2295
844.139 290.556 0.700 2295
844.259 290.556 0.700 2311
844.419 290.556 0.701 2311
844.539 290.596 0.700 2311
844.700 290.596 0.701 2327
844.860 290.596 0.701 2344
845.020 290.596 0.700 2344
845.180 290.596 0.701 2344
845.341 290.596 0.701 2360
845.541 290.596 0.701 2360
845.701 290.596 0.701 2360
845.901 290.596 0.701 2376
846.022 290.596 0.701 2392
846.182 290.596 0.702 2392
846.342 290.596 0.701 2392
846.462 290.596 0.702 2409
846.623 290.596 0.702 2409
846.703 290.596 0.701 2425
846.823 290.596 0.702 2425
846.943 290.596 0.702 2441
847.104 290.596 0.702 2441
847.224 290.596 0.702 2441
847.384 290.596 0.702 2457
847.544 290.596 0.702 2457
847.705 290.596 0.702 2473
847.865 290.556 0.702 2473
848.065 290.476 0.703 2473
848.225 290.397 0.703 2489
848.386 290.317 0.702 2505
848.546 290.277 0.703 2505
848.706 290.237 0.703 2505
848.906 290.198 0.703 2522
849.067 290.158 0.703 2522
849.227 290.158 0.703 2522
849.347 290.118 0.703 2538
849.508 290.078 0.703 2554
849.668 290.078 0.703 2554
849.828 290.038 0.703 2554
849.988 289.959 0.703 2570
850.149 289.879 0.703 2586
850.309 289.799 0.703 2586
850.509 289.720 0.704 2586
850.669 289.600 0.703 2603
850.830 289.521 0.704 2603
850.950 289.441 0.704 2619
851.070 289.401 0.703 2619
851.190 289.362 0.704 2619
851.310 289.282 0.704 2635
851.431 289.282 0.703 2635
851.551 289.242 0.704 2651
851.631 289.202 0.704 2651
851.751 289.163 0.704 2667
851.871 289.123 0.704 2667
851.992 289.083 0.704 2667
852.112 289.003 0.704 2683
852.192 288.924 0.704 2700
852.352 288.804 0.704 2700
852.472 288.725 0.704 2700
852.593 288.565 0.704 2716
852.713 288.446 0.704 2716
852.833 288.327 0.704 2716
852.953 288.207 0.705 2732
853.033 288.128 0.704 2748
853.154 288.008 0.705 2748
853.274 287.889 0.705 2748
853.434 287.769 0.705 2765
853.554 287.650 0.705 2765
853.715 287.530 0.705 2781
853.835 287.451 0.705 2781
853.955 287.331 0.705 2797
854.075 287.252 0.705 2797
854.155 287.212 0.705 2797
854.235 287.132 0.705 2813
854.316 287.053 0.705 2813
854.356 287.013 0.705 2829
854.396 286.973 0.706 2829
854.436 286.933 0.705 2845
854.436 286.893 0.706 2845
854.476 286.854 0.706 2861
854.516 286.814 0.706 2861
854.516 286.734 0.707 2861
854.556 286.655 0.706 2878
854.636 286.615 0.706 2878
854.676 286.535 0.706 2878
854.756 286.456 0.706 2894
854.836 286.296 0.706 2910
854.917 286.217 0.706 2910
855.037 286.097 0.704 2910
855.197 285.938 0.689 2926
855.437 285.779 0.650 2942
855.678 285.540 0.566 2942
855.958 285.221 0.417 2942
856.279 284.823 0.136 2958

% x_coordinate y_coordinate pressure time
% shape 2, 105 points

825.708 275.000 0.385 145
825.788 275.000 0.398 145
825.948 275.000 0.408 145
826.109 275.000 0.415 161
826.309 275.000 0.421 177
826.549 275.000 0.426 177
826.830 275.000 0.433 177
827.110 275.000 0.441 193
827.431 275.000 0.449 193
827.791 275.000 0.457 193
828.112 275.000 0.467 210
828.472 275.000 0.476 210
828.873 275.000 0.485 226
829.234 275.000 0.492 226
829.634 275.000 0.498 242
830.035 275.000 0.501 242
830.436 275.000 0.503 258
830.836 275.000 0.505 258
831.317 275.000 0.509 258
831.758 275.000 0.511 274
832.199 275.000 0.513 274
832.639 275.000 0.514 274
833.040 275.000 0.515 290
833.481 275.000 0.516 306
833.881 275.000 0.515 306
834.282 275.000 0.515 306
834.683 275.000 0.516 322
835.083 275.000 0.516 339
835.484 275.000 0.516 339
835.845 275.000 0.516 339
836.165 275.000 0.516 355
836.486 275.000 0.517 355
836.806 275.000 0.517 355
837.127 275.000 0.516 371
837.407 275.000 0.517 387
837.688 275.000 0.517 387
837.968 275.000 0.517 387
838.209 275.000 0.517 403
838.449 275.000 0.517 403
838.730 275.000 0.517 420
838.970 275.000 0.517 420
839.170 275.000 0.518 420
839.411 275.000 0.517 436
839.651 275.000 0.518 436
839.891 275.000 0.518 452
840.092 275.000 0.519 452
840.332 275.000 0.520 468
840.573 275.000 0.520 468
840.813 275.000 0.520 468
841.053 275.000 0.520 484
841.294 275.000 0.520 500
841.494 275.000 0.520 500
841.735 275.000 0.520 500
841.935 275.000 0.520 517
842.135 275.000 0.521 533
842.376 275.000 0.521 533
842.576 275.000 0.521 533
842.776 275.000 0.522 549
842.977 275.000 0.522 549
843.217 275.000 0.524 549
843.457 275.000 0.525 565
843.658 275.000 0.527 565
843.858 275.000 0.528 581

