% x_coordinate y_coordinate pressure time
% shape 0, 1018 points
1290.242 126.187 0.006 0
1290.242 126.187 0.049 0
1290.242 126.187 0.065 0
1290.242 126.187 0.080 17
1290.202 126.227 0.099 17
1290.242 126.267 0.118 33
1290.322 126.307 0.132 33
1290.362 126.346 0.143 33
1290.442 126.386 0.096 49
1290.523 126.426 0.102 49
1290.603 126.426 0.189 66
1290.643 126.426 0.207 66
1290.643 126.426 0.223 82
1290.683 126.426 0.243 82
1290.683 126.386 0.266 82
1290.763 126.227 0.283 98
1290.803 126.108 0.299 114
1290.923 125.909 0.313 114
1291.003 125.710 0.324 114
1291.083 125.550 0.336 131
1291.204 125.351 0.346 131
1291.324 125.152 0.356 147
1291.444 124.953 0.365 147
1291.484 124.754 0.370 147
1291.644 124.555 0.374 163
1291.765 124.396 0.375 163
1292.005 124.197 0.376 179
1292.165 124.038 0.378 179
1292.366 123.799 0.379 195
1292.566 123.560 0.381 195
1292.766 123.321 0.383 195
1292.967 123.042 0.386 211
1293.167 122.764 0.389 227
1293.407 122.485 0.393 227
1293.568 122.246 0.399 227
1293.728 122.007 0.404 243
1293.848 121.768 0.410 243
1293.968 121.569 0.415 243
1294.129 121.370 0.418 260
1294.209 121.211 0.421 276
1294.409 121.012 0.422 276
1294.529 120.813 0.424 276
1294.649 120.654 0.425 292
1294.770 120.495 0.425 308
1294.850 120.335 0.425 308
1294.930 120.136 0.425 308
1295.010 120.017 0.426 324
1295.090 119.897 0.426 324
1295.170 119.818 0.426 324
1295.250 119.698 0.427 340
1295.331 119.619 0.426 340
1295.491 119.499 0.427 356
1295.611 119.380 0.427 356
1295.771 119.261 0.426 373
1295.932 119.141 0.426 373
1296.092 119.022 0.427 389
1296.212 118.902 0.426 389
1296.372 118.783 0.427 389
1296.492 118.703 0.426 405
1296.653 118.584 0.427 405
1296.813 118.504 0.426 405
1296.973 118.385 0.427 421
1297.094 118.305 0.427 437
1297.254 118.186 0.427 437
1297.374 118.106 0.427 437
1297.494 117.987 0.427 453
1297.654 117.907 0.427 470
1297.775 117.788 0.427 470
1297.895 117.708 0.427 470
1298.015 117.589 0.427 486
1298.175 117.469 0.428 486
1298.296 117.390 0.427 486
1298.416 117.310 0.428 502
1298.576 117.230 0.428 518
1298.696 117.151 0.428 518
1298.816 117.111 0.428 518
1298.977 117.031 0.428 534
1299.097 116.992 0.428 534
1299.257 116.912 0.428 551
1299.417 116.872 0.429 551
1299.578 116.792 0.429 551
1299.778 116.753 0.430 567
1299.938 116.673 0.430 583
1300.099 116.633 0.430 583
1300.259 116.554 0.431 583
1300.419 116.474 0.431 599
1300.539 116.434 0.431 599
1300.700 116.394 0.432 599
1300.820 116.355 0.433 615
1300.900 116.315 0.434 631
1301.020 116.275 0.434 631
1301.140 116.275 0.435 631
1301.260 116.235 0.435 647
1301.341 116.235 0.435 664
1301.501 116.195 0.435 664
1301.661 116.195 0.435 664
1301.821 116.156 0.436 680
1301.982 116.116 0.436 680
1302.182 116.036 0.437 680
1302.382 115.996 0.437 696
1302.583 115.917 0.438 712
1302.823 115.837 0.438 712
1303.063 115.757 0.440 712
1303.224 115.718 0.441 728
1303.384 115.638 0.441 728
1303.544 115.638 0.443 744
1303.664 115.598 0.443 744
1303.745 115.598 0.443 744
1303.865 115.598 0.444 760
1303.985 115.598 0.444 760
1304.105 115.598 0.444 776
1304.265 115.598 0.444 776
1304.386 115.598 0.445 793
1304.586 115.598 0.445 793
1304.746 115.598 0.445 793
1304.947 115.598 0.445 809
1305.147 115.558 0.446 825
1305.347 115.479 0.447 825
1305.548 115.399 0.450 825
1305.708 115.359 0.455 841
1305.868 115.320 0.459 841
1305.988 115.280 0.464 841
1306.109 115.240 0.468 857
1306.229 115.240 0.469 874
1306.309 115.240 0.471 874
1306.469 115.240 0.472 874
1306.589 115.240 0.473 890
1306.709 115.240 0.474 890
1306.870 115.240 0.474 906
1307.070 115.240 0.474 906
1307.230 115.240 0.475 922
1307.431 115.240 0.475 922
1307.631 115.240 0.475 922
1307.831 115.240 0.475 938
1308.032 115.240 0.476 938
1308.232 115.240 0.476 954
1308.392 115.240 0.476 954
1308.513 115.240 0.476 954
1308.633 115.240 0.476 970
1308.753 115.240 0.476 987
1308.873 115.240 0.476 987
1308.993 115.240 0.476 987
1309.114 115.240 0.476 1003
1309.274 115.280 0.476 1019
1309.394 115.320 0.476 1019
1309.554 115.359 0.477 1019
1309.714 115.399 0.476 1035
1309.875 115.439 0.477 1035
1310.075 115.479 0.477 1035
1310.316 115.519 0.477 1051
1310.476 115.598 0.477 1068
1310.636 115.598 0.477 1068
1310.836 115.638 0.477 1068
1310.997 115.678 0.477 1084
1311.157 115.718 0.477 1084
1311.277 115.757 0.477 1100
1311.437 115.797 0.477 1100
1311.598 115.877 0.477 1100
1311.718 115.917 0.477 1116
1311.878 115.957 0.477 1116
1311.998 115.996 0.477 1132
1312.119 116.036 0.477 1132
1312.239 116.076 0.477 1148
1312.359 116.116 0.477 1148
1312.479 116.195 0.477 1148
1312.559 116.275 0.477 1164
1312.679 116.315 0.477 1181
1312.800 116.355 0.478 1181
1312.880 116.434 0.478 1181
1313.000 116.474 0.478 1197
1313.120 116.514 0.478 1197
1313.240 116.554 0.478 1197
1313.361 116.633 0.478 1213
1313.481 116.673 0.478 1229
1313.641 116.753 0.477 1229
1313.761 116.832 0.478 1229
1313.881 116.912 0.478 1245
1313.962 116.992 0.478 1245
1314.082 117.111 0.477 1262
1314.162 117.191 0.478 1262
1314.242 117.310 0.478 1278
1314.362 117.390 0.478 1278
1314.402 117.509 0.478 1278
1314.482 117.589 0.478 1294
1314.563 117.668 0.478 1294
1314.643 117.788 0.478 1310
1314.723 117.867 0.479 1310
1314.763 117.947 0.479 1310
1314.883 118.066 0.479 1326
1314.963 118.146 0.479 1342
1315.083 118.226 0.479 1342
1315.164 118.305 0.479 1342
1315.204 118.425 0.479 1358
1315.284 118.504 0.479 1358
1315.324 118.584 0.479 1358
1315.444 118.663 0.479 1374
1315.404 118.743 0.479 1391
1315.444 118.823 0.479 1391
1315.604 118.902 0.479 1391
1315.604 118.982 0.479 1407
1315.564 119.062 0.480 1423
1315.564 119.181 0.480 1423
1315.604 119.261 0.480 1423
1315.604 119.340 0.480 1439
1315.684 119.460 0.480 1439
1315.684 119.539 0.480 1439
1315.724 119.659 0.480 1456
1315.765 119.738 0.481 1472
1315.805 119.858 0.480 1472
1315.845 120.017 0.481 1472
1315.845 120.097 0.481 1488
1315.845 120.216 0.481 1488
1315.845 120.335 0.481 1504
1315.805 120.415 0.481 1504
1315.765 120.534 0.482 1504
1315.724 120.654 0.483 1520
1315.724 120.773 0.484 1536
1315.684 120.893 0.484 1536
1315.644 121.012 0.484 1536
1315.644 121.132 0.484 1552
1315.604 121.251 0.484 1552
1315.564 121.370 0.485 1552
1315.564 121.530 0.485 1568
1315.524 121.649 0.485 1584
1315.484 121.808 0.486 1584
1315.444 121.968 0.486 1584
1315.404 122.127 0.486 1600
1315.364 122.326 0.486 1600
1315.324 122.485 0.487 1617
1315.244 122.644 0.487 1617
1315.204 122.804 0.487 1617
1315.164 122.963 0.487 1633
1315.164 123.082 0.488 1649
1315.124 123.241 0.488 1649
1315.124 123.361 0.488 1649
1315.124 123.480 0.488 1665
1315.083 123.600 0.488 1665
1315.083 123.719 0.488 1665
1315.083 123.839 0.488 1681
1315.043 123.958 0.489 1697
1315.003 124.077 0.489 1697
1314.963 124.197 0.489 1697
1314.963 124.356 0.490 1714
1314.923 124.515 0.491 1714
1314.883 124.635 0.491 1730
1314.883 124.794 0.493 1730
1314.843 124.913 0.494 1746
1314.803 125.033 0.495 1746
1314.763 125.152 0.496 1762
1314.723 125.311 0.497 1762
1314.643 125.431 0.498 1762
1314.603 125.590 0.499 1778
1314.563 125.749 0.500 1778
1314.482 125.909 0.501 1778
1314.442 126.028 0.502 1794
1314.362 126.187 0.504 1811
1314.322 126.307 0.506 1811
1314.242 126.466 0.508 1811
1314.202 126.546 0.510 1827
1314.162 126.665 0.511 1843
1314.082 126.824 0.512 1843
1314.002 126.904 0.514 1843
1313.962 127.023 0.516 1859
1313.881 127.143 0.517 1859
1313.801 127.262 0.519 1859
1313.721 127.382 0.521 1875
1313.641 127.501 0.522 1892
1313.561 127.620 0.523 1892
1313.481 127.740 0.524 1892
1313.401 127.859 0.524 1908
1313.361 127.979 0.524 1908
1313.321 128.098 0.525 1924
1313.281 128.217 0.525 1924
1313.281 128.297 0.525 1924
1313.240 128.417 0.526 1940
1313.200 128.536 0.526 1940
1313.120 128.655 0.527 1956
1313.120 128.775 0.527 1956
1313.040 128.894 0.528 1972
1313.000 129.053 0.530 1972
1312.960 129.173 0.531 1972
1312.880 129.292 0.531 1988
1312.840 129.412 0.532 2005
1312.719 129.531 0.533 2005
1312.679 129.651 0.534 2005
1312.639 129.770 0.535 2021
1312.559 129.889 0.536 2021
1312.519 129.969 0.537 2021
1312.519 130.088 0.537 2037
1312.479 130.208 0.538 2054
1312.439 130.327 0.538 2054
1312.439 130.447 0.539 2054
1312.399 130.526 0.539 2070
1312.399 130.646 0.539 2086
1312.359 130.765 0.540 2086
1312.319 130.885 0.541 2086
1312.319 131.004 0.541 2102
1312.279 131.123 0.541 2102
1312.239 131.243 0.541 2102
1312.199 131.362 0.542 2118
1312.159 131.482 0.542 2118
1312.119 131.561 0.542 2134
1312.078 131.681 0.543 2134
1312.078 131.800 0.544 2151
1312.038 131.880 0.545 2151
1311.998 131.999 0.546 2167
1311.958 132.119 0.547 2167
1311.918 132.238 0.547 2167
1311.878 132.358 0.548 2183
1311.838 132.437 0.548 2183
1311.798 132.557 0.549 2199
1311.758 132.636 0.549 2199
1311.758 132.756 0.550 2215
1311.718 132.875 0.550 2215
1311.678 132.994 0.551 2215
1311.638 133.114 0.552 2231
1311.598 133.193 0.553 2248
1311.558 133.313 0.553 2248
1311.518 133.432 0.553 2248
1311.478 133.592 0.554 2264
1311.437 133.711 0.554 2264
1311.397 133.791 0.555 2264
1311.317 133.910 0.555 2280
1311.277 134.030 0.555 2296
1311.237 134.149 0.556 2296
1311.117 134.268 0.556 2296
1311.077 134.388 0.557 2312
1310.997 134.547 0.557 2312
1310.917 134.666 0.558 2328
1310.836 134.786 0.558 2328
1310.756 134.945 0.559 2344
1310.676 135.104 0.560 2344
1310.596 135.224 0.561 2344
1310.556 135.343 0.562 2360
1310.476 135.502 0.563 2360
1310.436 135.622 0.563 2376
1310.436 135.741 0.564 2376
1310.396 135.901 0.564 2393
1310.356 136.020 0.564 2393
1310.356 136.139 0.565 2409
1310.316 136.259 0.565 2409
1310.316 136.378 0.565 2409
1310.276 136.498 0.565 2425
1310.195 136.617 0.566 2425
1310.155 136.776 0.566 2425
1310.115 136.896 0.566 2441
1310.035 137.055 0.567 2457
1309.955 137.174 0.567 2457
1309.915 137.294 0.567 2457
1309.875 137.413 0.568 2473
1309.795 137.533 0.568 2489
1309.755 137.652 0.569 2489
1309.714 137.771 0.570 2489
1309.674 137.931 0.571 2506
1309.634 138.050 0.571 2506
1309.594 138.249 0.572 2522
1309.554 138.369 0.572 2522
1309.514 138.488 0.573 2538
1309.434 138.607 0.573 2538
1309.434 138.767 0.574 2538
1309.354 138.886 0.574 2554
1309.354 139.045 0.574 2554
1309.274 139.205 0.575 2570
1309.234 139.324 0.575 2570
1309.194 139.483 0.576 2570
1309.114 139.642 0.576 2586
1309.073 139.802 0.576 2602
1308.993 139.921 0.576 2602
1308.913 140.041 0.577 2602
1308.873 140.200 0.577 2618
1308.793 140.319 0.578 2618
1308.753 140.518 0.578 2618
1308.673 140.638 0.578 2635
1308.673 140.797 0.579 2651
1308.633 140.916 0.579 2651
1308.593 141.076 0.579 2651
1308.513 141.195 0.579 2667
1308.473 141.314 0.579 2683
1308.432 141.434 0.580 2683
1308.352 141.553 0.580 2683
1308.272 141.712 0.580 2699
1308.232 141.832 0.581 2699
1308.192 141.951 0.581 2699
1308.112 142.111 0.582 2715
1308.072 142.230 0.582 2715
1308.032 142.349 0.582 2732
1307.952 142.509 0.583 2732
1307.911 142.628 0.584 2748
1307.871 142.827 0.584 2748
1307.831 142.947 0.585 2764
1307.711 143.066 0.585 2764
1307.671 143.185 0.586 2764
1307.631 143.305 0.586 2780
1307.551 143.464 0.587 2780
1307.551 143.583 0.587 2780
1307.511 143.703 0.587 2796
1307.471 143.862 0.587 2812
1307.431 143.982 0.587 2812
1307.391 144.141 0.587 2812
1307.351 144.260 0.587 2829
1307.270 144.419 0.587 2845
1307.230 144.579 0.588 2845
1307.190 144.738 0.588 2845
1307.150 144.897 0.588 2861
1307.110 145.056 0.588 2861
1307.070 145.176 0.589 2861
1307.030 145.295 0.589 2877
1307.030 145.375 0.589 2893
1306.990 145.454 0.590 2893
1306.990 145.534 0.591 2893
1306.950 145.654 0.591 2910
1306.910 145.773 0.591 2910
1306.870 145.892 0.592 2926
1306.790 146.052 0.592 2926
1306.750 146.211 0.592 2942
1306.709 146.370 0.592 2942
1306.629 146.489 0.592 2942
1306.589 146.609 0.593 2958
1306.549 146.768 0.593 2958
1306.469 146.848 0.593 2974
1306.429 147.007 0.593 2974
1306.389 147.087 0.593 2990
1306.349 147.246 0.593 2990
1306.309 147.365 0.593 3007
1306.309 147.445 0.593 3007
1306.309 147.525 0.593 3007
1306.269 147.644 0.593 3023
1306.269 147.724 0.593 3023
1306.269 147.803 0.593 3023
1306.269 147.883 0.593 3039
1306.189 147.962 0.593 3056
1306.149 148.042 0.594 3056
1306.149 148.122 0.593 3056
1306.109 148.241 0.594 3072
1306.068 148.321 0.594 3088
1306.028 148.400 0.594 3088
1305.988 148.520 0.594 3088
1305.948 148.639 0.594 3104
1305.908 148.759 0.594 3104
1305.828 148.878 0.594 3104
1305.788 148.997 0.594 3121
1305.748 149.117 0.594 3137
1305.748 149.236 0.594 3137
1305.708 149.356 0.594 3137
1305.668 149.515 0.594 3153
1305.668 149.595 0.594 3153
1305.628 149.714 0.594 3169
1305.588 149.833 0.593 3169
1305.548 149.913 0.594 3185
1305.508 149.993 0.594 3185
1305.508 150.112 0.594 3201
1305.468 150.192 0.594 3201
1305.468 150.311 0.594 3201
1305.427 150.431 0.594 3217
1305.427 150.550 0.595 3217
1305.387 150.669 0.594 3217
1305.347 150.789 0.594 3234
1305.307 150.948 0.594 3250
1305.267 151.067 0.594 3250
1305.227 151.187 0.595 3250
1305.187 151.306 0.595 3266
1305.147 151.426 0.594 3282
1305.107 151.545 0.594 3282
1305.107 151.625 0.594 3282
1305.067 151.784 0.594 3298
1304.987 151.864 0.595 3298
1304.947 151.983 0.595 3298
1304.906 152.063 0.595 3314
1304.866 152.182 0.595 3314
1304.826 152.302 0.595 3330
1304.786 152.381 0.595 3330
1304.746 152.501 0.595 3347
1304.706 152.580 0.595 3347
1304.626 152.700 0.595 3363
1304.586 152.819 0.595 3363
1304.546 152.899 0.595 3363
1304.546 153.018 0.595 3379
1304.506 153.098 0.594 3379
1304.506 153.177 0.595 3395
1304.466 153.297 0.595 3395
1304.426 153.376 0.595 3411
1304.386 153.456 0.595 3411
1304.345 153.575 0.596 3411
1304.305 153.695 0.596 3428
1304.265 153.814 0.596 3444
1304.225 153.934 0.596 3444
1304.185 154.013 0.596 3444
1304.145 154.173 0.597 3460
1304.105 154.292 0.597 3460
1304.065 154.411 0.597 3460
1304.025 154.491 0.598 3476
1303.985 154.571 0.599 3492
1303.945 154.690 0.599 3492
1303.905 154.770 0.600 3492
1303.865 154.889 0.601 3508
1303.825 154.969 0.602 3508
1303.785 155.088 0.603 3524
1303.745 155.168 0.603 3524
1303.705 155.287 0.603 3540
1303.664 155.407 0.604 3540
1303.624 155.486 0.604 3540
1303.584 155.606 0.604 3557
1303.544 155.765 0.604 3557
1303.464 155.884 0.604 3573
1303.384 156.004 0.605 3573
1303.344 156.123 0.604 3589
1303.264 156.282 0.605 3589
1303.224 156.402 0.606 3605
1303.184 156.521 0.606 3605
1303.144 156.680 0.606 3605
1303.104 156.800 0.607 3621
1303.063 156.919 0.608 3621
1302.983 157.039 0.609 3621
1302.943 157.158 0.609 3637
1302.863 157.278 0.610 3653
1302.823 157.437 0.611 3653
1302.743 157.556 0.611 3653
1302.703 157.676 0.611 3669
1302.663 157.835 0.612 3685
1302.583 157.954 0.612 3685
1302.543 158.113 0.612 3685
1302.502 158.233 0.613 3701
1302.462 158.392 0.613 3701
1302.422 158.512 0.613 3701
1302.382 158.671 0.613 3718
1302.342 158.790 0.613 3734
1302.302 158.910 0.613 3734
1302.262 158.989 0.614 3734
1302.222 159.069 0.613 3750
1302.222 159.188 0.614 3750
1302.182 159.268 0.614 3766
1302.142 159.387 0.614 3766
1302.102 159.507 0.614 3782
1302.062 159.586 0.614 3782
1302.022 159.706 0.614 3798
1301.942 159.865 0.614 3798
1301.901 159.984 0.614 3798
1301.861 160.104 0.614 3814
1301.781 160.263 0.615 3814
1301.741 160.422 0.615 3814
1301.701 160.542 0.614 3831
1301.661 160.701 0.615 3847
1301.621 160.821 0.614 3847
1301.541 161.020 0.615 3847
1301.501 161.179 0.615 3863
1301.461 161.298 0.615 3863
1301.421 161.457 0.615 3879
1301.341 161.617 0.615 3879
1301.301 161.776 0.615 3895
1301.220 161.935 0.615 3895
1301.140 162.055 0.615 3895
1301.100 162.174 0.616 3911
1301.060 162.333 0.616 3911
1301.020 162.453 0.616 3928
1300.980 162.572 0.615 3928
1300.940 162.691 0.616 3944
1300.900 162.811 0.615 3944
1300.820 162.970 0.616 3960
1300.780 163.090 0.616 3960
1300.740 163.289 0.616 3960
1300.659 163.448 0.616 3976
1300.579 163.607 0.616 3976
1300.499 163.766 0.616 3992
1300.459 163.965 0.616 3992
1300.419 164.125 0.616 4008
1300.379 164.324 0.616 4008
1300.339 164.483 0.616 4008
1300.299 164.642 0.616 4024
1300.259 164.762 0.616 4041
1300.219 164.921 0.616 4041
1300.179 165.080 0.616 4041
1300.099 165.279 0.616 4057
1300.058 165.518 0.617 4073
1299.978 165.717 0.617 4073
1299.898 165.956 0.618 4073
1299.818 166.155 0.619 4089
1299.738 166.354 0.621 4089
1299.618 166.593 0.623 4089
1299.537 166.792 0.624 4105
1299.457 166.951 0.625 4105
1299.417 167.150 0.627 4121
1299.337 167.349 0.628 4121
1299.297 167.508 0.629 4138
1299.217 167.668 0.630 4138
1299.137 167.906 0.631 4154
1299.057 168.066 0.633 4154
1299.017 168.265 0.635 4154
1298.977 168.424 0.636 4170
1298.937 168.583 0.637 4186
1298.896 168.742 0.638 4186
1298.856 168.902 0.638 4186
1298.816 169.021 0.639 4202
1298.736 169.180 0.639 4202
1298.696 169.300 0.639 4202
1298.656 169.419 0.640 4218
1298.616 169.538 0.640 4218
1298.576 169.698 0.640 4234
1298.536 169.857 0.641 4234
1298.496 169.976 0.642 4250
1298.456 170.136 0.643 4250
1298.416 170.295 0.644 4266
1298.376 170.414 0.645 4266
1298.336 170.534 0.645 4266
1298.336 170.653 0.647 4282
1298.296 170.812 0.647 4282
1298.296 170.932 0.647 4299
1298.296 171.051 0.648 4299
1298.255 171.171 0.648 4315
1298.255 171.290 0.649 4315
1298.255 171.409 0.649 4315
1298.215 171.529 0.650 4331
1298.175 171.648 0.650 4347
1298.135 171.768 0.650 4347
1298.135 171.887 0.651 4347
1298.095 172.007 0.651 4363
1298.095 172.086 0.651 4363
1298.055 172.206 0.651 4363
1298.055 172.285 0.652 4379
1298.055 172.445 0.652 4395
1298.015 172.524 0.652 4395
1298.015 172.644 0.652 4395
1298.015 172.723 0.652 4411
1297.975 172.843 0.653 4428
1297.975 172.922 0.654 4428
1297.975 173.002 0.654 4428
1297.935 173.121 0.656 4444
1297.975 173.201 0.656 4444
1297.975 173.280 0.658 4444
1297.935 173.400 0.659 4460
1297.935 173.519 0.660 4476
1297.935 173.599 0.660 4476
1297.935 173.718 0.661 4476
1297.935 173.798 0.662 4492
1297.935 173.917 0.663 4492
1297.935 173.997 0.663 4508
1297.935 174.077 0.664 4508
1297.935 174.156 0.665 4508
1297.935 174.196 0.666 4525
1297.935 174.276 0.667 4525
1297.935 174.315 0.668 4525
1297.935 174.395 0.669 4541
1297.935 174.475 0.670 4557
1297.935 174.594 0.671 4557
1297.935 174.753 0.672 4557
1297.895 174.873 0.673 4573
1297.895 174.992 0.674 4589
1297.855 175.112 0.674 4589
1297.855 175.231 0.674 4589
1297.855 175.311 0.674 4605
1297.855 175.430 0.674 4605
1297.855 175.470 0.675 4605
1297.855 175.550 0.675 4622
1297.855 175.589 0.675 4638
1297.855 175.669 0.676 4638
1297.895 175.709 0.676 4638
1297.895 175.749 0.676 4654
1297.895 175.788 0.676 4654
1297.935 175.828 0.676 4670
1297.935 175.908 0.676 4670
1297.975 175.948 0.677 4670
1297.935 176.027 0.677 4686
1297.975 176.107 0.678 4702
1297.975 176.147 0.679 4702
1298.015 176.226 0.679 4702
1298.015 176.306 0.680 4718
1298.015 176.346 0.680 4718
1298.055 176.425 0.681 4718
1298.095 176.505 0.681 4735
1298.135 176.585 0.682 4751
1298.135 176.664 0.682 4751
1298.175 176.744 0.683 4751
1298.175 176.784 0.683 4767
1298.175 176.943 0.683 4767
1298.215 177.022 0.684 4783
1298.215 177.102 0.684 4783
1298.255 177.222 0.684 4783
1298.296 177.301 0.685 4799
1298.296 177.421 0.685 4799
1298.296 177.500 0.685 4815
1298.336 177.620 0.685 4815
1298.376 177.699 0.685 4831
1298.376 177.779 0.686 4831
1298.416 177.819 0.685 4831
1298.456 177.898 0.685 4847
1298.496 177.938 0.685 4864
1298.536 178.018 0.685 4864
1298.576 178.097 0.685 4864
1298.576 178.137 0.686 4880
1298.616 178.217 0.686 4880
1298.656 178.296 0.686 4880
1298.696 178.376 0.686 4896
1298.736 178.495 0.686 4912
1298.776 178.575 0.686 4912
1298.816 178.694 0.687 4912
1298.937 178.774 0.686 4929
1298.977 178.893 0.687 4945
1299.057 179.013 0.687 4945
1299.137 179.093 0.687 4945
1299.217 179.252 0.687 4961
1299.257 179.371 0.687 4961
1299.297 179.491 0.686 4961
1299.377 179.570 0.687 4977
1299.417 179.690 0.687 4993
1299.457 179.809 0.687 4993
1299.497 179.889 0.687 4993
1299.537 179.968 0.687 5009
1299.618 180.048 0.687 5009
1299.658 180.128 0.687 5026
1299.698 180.167 0.687 5026
1299.738 180.247 0.687 5026
1299.778 180.287 0.687 5042
1299.818 180.366 0.687 5058
1299.858 180.446 0.687 5058
1299.938 180.565 0.687 5058
1299.978 180.645 0.687 5074
1300.058 180.764 0.687 5074
1300.099 180.884 0.687 5074
1300.139 181.003 0.687 5090
1300.179 181.083 0.688 5106
1300.219 181.202 0.687 5106
1300.259 181.282 0.687 5106
1300.339 181.362 0.688 5123
1300.379 181.401 0.688 5123
1300.459 181.481 0.688 5139
1300.539 181.561 0.688 5139
1300.579 181.600 0.687 5155
1300.659 181.640 0.687 5155
1300.740 181.720 0.688 5155
1300.780 181.760 0.687 5171
1300.860 181.839 0.688 5171
1300.940 181.879 0.688 5187
1300.980 181.919 0.687 5187
1301.060 181.999 0.688 5187
1301.100 182.078 0.688 5203
1301.180 182.118 0.688 5219
1301.220 182.198 0.688 5219
1301.260 182.277 0.688 5219
1301.341 182.357 0.688 5236
1301.381 182.397 0.688 5236
1301.461 182.476 0.688 5236
1301.541 182.556 0.688 5252
1301.621 182.596 0.688 5268
1301.661 182.675 0.688 5268
1301.741 182.715 0.688 5268
1301.781 182.755 0.688 5284
1301.861 182.795 0.688 5300
1301.901 182.874 0.688 5300
1301.982 182.914 0.688 5300
1302.022 182.954 0.688 5316
1302.102 182.994 0.688 5316
1302.182 183.073 0.688 5316
1302.262 183.113 0.688 5333
1302.342 183.153 0.688 5333
1302.422 183.233 0.688 5349
1302.502 183.272 0.688 5349
1302.583 183.352 0.688 5365
1302.663 183.392 0.688 5365
1302.743 183.432 0.688 5381
1302.823 183.511 0.689 5381
1302.863 183.551 0.688 5381
1302.943 183.591 0.688 5397
1303.023 183.631 0.688 5413
1303.104 183.671 0.688 5413
1303.184 183.750 0.689 5413
1303.264 183.790 0.689 5429
1303.384 183.830 0.688 5429
1303.464 183.870 0.688 5429
1303.584 183.870 0.688 5446
1303.664 183.909 0.688 5462
1303.825 183.909 0.689 5462
1303.905 183.949 0.689 5462
1304.025 183.989 0.689 5478
1304.105 183.989 0.689 5494
1304.225 184.029 0.689 5494
1304.305 184.069 0.689 5494
1304.386 184.148 0.690 5510
1304.506 184.188 0.690 5510
1304.586 184.188 0.690 5510
1304.666 184.228 0.690 5526
1304.746 184.268 0.690 5526
1304.826 184.307 0.691 5542
1304.906 184.307 0.691 5542
1304.987 184.307 0.689 5558
1305.067 184.347 0.691 5558
1305.147 184.347 0.691 5574
1305.267 184.347 0.691 5574
1305.347 184.347 0.691 5574
1305.468 184.347 0.691 5591
1305.588 184.347 0.691 5591
1305.668 184.347 0.691 5591
1305.748 184.347 0.691 5607
1305.828 184.347 0.692 5623
1305.908 184.347 0.692 5623
1305.988 184.387 0.692 5623
1306.068 184.387 0.692 5639
1306.149 184.427 0.692 5655
1306.229 184.467 0.691 5655
1306.349 184.506 0.691 5655
1306.429 184.506 0.692 5671
1306.549 184.546 0.692 5671
1306.629 184.546 0.692 5671
1306.750 184.546 0.692 5687
1306.870 184.546 0.692 5704
1306.950 184.546 0.692 5704
1307.030 184.546 0.692 5704
1307.110 184.546 0.693 5720
1307.230 184.546 0.692 5720
1307.311 184.546 0.692 5736
1307.391 184.546 0.692 5736
1307.511 184.546 0.692 5736
1307.591 184.546 0.693 5752
1307.671 184.546 0.693 5752
1307.791 184.546 0.693 5768
1307.911 184.546 0.694 5768
1307.992 184.546 0.694 5785
1308.072 184.546 0.694 5785
1308.192 184.546 0.693 5785
1308.272 184.546 0.694 5801
1308.392 184.546 0.694 5817
1308.473 184.546 0.694 5817
1308.593 184.546 0.694 5817
1308.673 184.546 0.694 5833
1308.793 184.546 0.694 5833
1308.873 184.546 0.694 5833
1308.993 184.546 0.694 5849
1309.114 184.546 0.694 5865
1309.194 184.546 0.694 5865
1309.314 184.546 0.695 5865
1309.434 184.546 0.694 5881
1309.514 184.546 0.694 5897
1309.634 184.546 0.695 5897
1309.714 184.546 0.695 5897
1309.835 184.546 0.694 5913
1309.955 184.546 0.695 5913
1310.035 184.546 0.695 5913
1310.115 184.546 0.695 5929
1310.235 184.546 0.695 5929
1310.316 184.546 0.695 5946
1310.396 184.546 0.695 5946
1310.516 184.546 0.695 5962
1310.636 184.506 0.695 5962
1310.756 184.467 0.695 5978
1310.876 184.387 0.695 5978
1310.997 184.347 0.695 5978
1311.117 184.307 0.695 5994
1311.237 184.228 0.696 6010
1311.357 184.148 0.696 6010
1311.518 184.069 0.696 6010
1311.638 184.029 0.696 6026
1311.758 183.949 0.696 6026
1311.838 183.909 0.697 6026
1311.958 183.830 0.696 6042
1312.038 183.790 0.697 6059
1312.119 183.790 0.697 6059
1312.199 183.750 0.697 6059
1312.279 183.710 0.697 6075
1312.359 183.671 0.697 6075
1312.479 183.631 0.697 6091
1312.559 183.511 0.697 6091
1312.679 183.471 0.697 6107
1312.760 183.392 0.696 6107
1312.880 183.312 0.697 6107
1312.960 183.233 0.697 6123
1313.040 183.193 0.696 6123
1313.120 183.113 0.697 6139
1313.240 183.073 0.697 6139
1313.321 183.034 0.697 6139
1313.401 182.954 0.698 6156
1313.441 182.914 0.698 6172
1313.561 182.874 0.697 6172
1313.641 182.834 0.698 6172
1313.721 182.755 0.698 6188
1313.841 182.715 0.698 6188
1313.962 182.635 0.697 6188
1314.042 182.556 0.697 6204
1314.162 182.516 0.698 6220
1314.242 182.436 0.698 6220
1314.322 182.357 0.697 6220
1314.442 182.317 0.697 6236
1314.522 182.277 0.698 6253
1314.603 182.198 0.698 6253
1314.723 182.158 0.698 6253
1314.803 182.078 0.698 6269
1314.883 182.038 0.698 6269
1315.003 181.959 0.698 6269
1315.083 181.919 0.698 6285
1315.164 181.839 0.698 6301
1315.244 181.799 0.698 6301
1315.324 181.720 0.698 6301
1315.444 181.680 0.698 6317
1315.484 181.640 0.698 6317
1315.564 181.600 0.698 6333
1315.644 181.561 0.698 6333
1315.724 181.521 0.698 6333
1315.765 181.481 0.698 6350
1315.845 181.401 0.698 6350
1315.925 181.362 0.698 6366
1316.005 181.322 0.698 6366
1316.085 181.242 0.698 6382
1316.205 181.163 0.698 6382
1316.286 181.083 0.698 6382
1316.366 181.003 0.699 6398
1316.446 180.924 0.698 6414
1316.526 180.884 0.698 6414
1316.606 180.804 0.699 6414
1316.686 180.764 0.698 6430
1316.766 180.685 0.698 6446
1316.806 180.645 0.698 6446
1316.886 180.605 0.698 6446
1316.927 180.526 0.699 6462
1317.007 180.486 0.698 6462
1317.047 180.446 0.698 6462
1317.087 180.366 0.698 6479
1317.167 180.327 0.699 6479
1317.247 180.247 0.698 6495
1317.327 180.167 0.698 6495
1317.367 180.088 0.699 6511
1317.447 180.048 0.699 6511
1317.487 179.968 0.699 6527
1317.568 179.928 0.699 6527
1317.608 179.849 0.699 6527
1317.688 179.809 0.699 6543
1317.728 179.769 0.699 6543
1317.768 179.729 0.699 6543
1317.808 179.650 0.699 6559
1317.888 179.610 0.699 6575
1317.928 179.570 0.699 6575
1318.008 179.491 0.699 6575
1318.048 179.411 0.699 6591
1318.129 179.371 0.699 6608
1318.169 179.292 0.699 6608
1318.249 179.212 0.699 6608
1318.289 179.172 0.699 6624
1318.329 179.132 0.699 6624
1318.369 179.093 0.699 6624
1318.409 179.013 0.699 6640
1318.449 178.973 0.699 6656
1318.489 178.933 0.699 6656
1318.569 178.854 0.700 6656
1318.609 178.814 0.700 6672
1318.649 178.774 0.700 6672
1318.689 178.774 0.699 6689
1318.770 178.734 0.699 6689
1318.810 178.694 0.699 6689
1318.850 178.694 0.699 6705
1318.890 178.694 0.698 6705
1318.890 178.655 0.699 6721
1318.970 178.615 0.699 6721
1319.010 178.575 0.699 6737
1319.050 178.535 0.700 6737
1319.090 178.456 0.700 6737
1319.170 178.376 0.700 6753
1319.250 178.336 0.700 6769
1319.291 178.257 0.699 6769
1319.371 178.217 0.699 6769
1319.411 178.137 0.700 6786
1319.451 178.097 0.699 6786
1319.531 178.057 0.700 6786
1319.571 177.978 0.700 6802
1319.611 177.938 0.699 6818
1319.691 177.898 0.700 6818
1319.731 177.819 0.700 6818
1319.851 177.779 0.700 6834
1319.891 177.739 0.700 6850
1319.972 177.659 0.700 6850
1320.012 177.620 0.700 6850
1320.132 177.540 0.700 6866
1320.212 177.460 0.700 6866
1320.292 177.381 0.700 6883
1320.412 177.301 0.700 6883
1320.492 177.222 0.700 6883
1320.573 177.102 0.700 6899
1320.653 177.022 0.700 6899


% x_coordinate y_coordinate pressure time
% shape 1, 1411 points

1343.811 115.200 0.490 550
1343.491 115.598 0.493 550
1343.210 116.036 0.496 566
1342.970 116.434 0.500 566
1342.730 116.872 0.503 582
1342.489 117.310 0.510 582
1342.329 117.708 0.516 582
1342.169 118.106 0.519 598
1342.048 118.464 0.522 598
1341.928 118.863 0.525 598
1341.848 119.261 0.527 614
1341.688 119.659 0.529 631
1341.568 120.057 0.530 631
1341.407 120.415 0.532 631
1341.287 120.813 0.534 647
1341.127 121.211 0.538 663
1340.967 121.649 0.542 663
1340.766 122.087 0.546 663
1340.606 122.485 0.550 679
1340.446 122.883 0.553 679
1340.326 123.241 0.555 679
1340.165 123.600 0.557 695
1340.005 123.958 0.558 711
1339.925 124.276 0.560 711
1339.805 124.595 0.561 711
1339.725 124.874 0.561 727
1339.604 125.152 0.562 727
1339.524 125.431 0.563 744
1339.444 125.710 0.563 744
1339.364 125.988 0.563 744
1339.244 126.307 0.564 760
1339.124 126.665 0.564 776
1339.043 126.944 0.565 776
1338.923 127.222 0.565 776
1338.843 127.501 0.565 792
1338.723 127.740 0.565 792
1338.643 128.018 0.565 792
1338.563 128.257 0.565 808
1338.442 128.456 0.565 824
1338.362 128.735 0.566 824
1338.242 128.974 0.566 824
1338.162 129.173 0.566 841
1338.082 129.412 0.567 841
1338.002 129.651 0.567 857
1337.881 129.850 0.566 857
1337.801 130.088 0.566 873
1337.681 130.327 0.568 873
1337.601 130.566 0.568 873
1337.521 130.805 0.568 889
1337.441 131.084 0.568 889
1337.361 131.322 0.567 905
1337.281 131.561 0.567 905
1337.240 131.800 0.567 905
1337.160 132.039 0.567 921
1337.120 132.238 0.567 938
1337.080 132.397 0.567 938
1337.040 132.557 0.567 938
1337.000 132.716 0.567 954
1337.000 132.875 0.567 954
1336.920 133.034 0.567 954
1336.840 133.273 0.568 970
1336.800 133.472 0.568 986
1336.760 133.631 0.568 986
1336.679 133.830 0.569 986
1336.639 134.069 0.568 1003
1336.559 134.268 0.569 1003
1336.479 134.467 0.568 1019
1336.399 134.706 0.569 1019
1336.319 134.905 0.568 1035
1336.239 135.104 0.568 1035
1336.159 135.303 0.568 1051
1336.078 135.542 0.569 1051
1335.998 135.781 0.568 1051
1335.918 135.980 0.570 1067
1335.838 136.179 0.569 1067
1335.758 136.378 0.570 1067
1335.718 136.617 0.570 1083
1335.638 136.856 0.569 1099
1335.558 137.095 0.570 1099
1335.517 137.373 0.570 1099
1335.477 137.652 0.570 1115
1335.397 137.931 0.570 1131
1335.237 138.209 0.570 1131
1335.157 138.488 0.571 1131
1335.037 138.767 0.571 1148
1334.917 139.045 0.572 1148
1334.796 139.324 0.571 1148
1334.636 139.603 0.572 1164
1334.516 139.881 0.572 1180
1334.356 140.200 0.572 1180
1334.235 140.439 0.573 1180
1334.075 140.677 0.573 1196
1333.955 140.956 0.573 1196
1333.835 141.195 0.574 1212
1333.674 141.434 0.575 1212
1333.594 141.673 0.575 1212
1333.434 141.912 0.576 1228
1333.354 142.111 0.578 1228
1333.274 142.349 0.578 1245
1333.194 142.588 0.579 1245
1333.073 142.787 0.579 1261
1332.993 143.026 0.580 1261
1332.913 143.225 0.580 1261
1332.793 143.464 0.581 1277
1332.673 143.703 0.581 1293
1332.553 143.982 0.582 1293
1332.432 144.220 0.582 1293
1332.312 144.499 0.583 1309
1332.192 144.778 0.584 1309
1332.072 145.017 0.584 1309
1331.992 145.295 0.585 1325
1331.911 145.534 0.585 1342
1331.791 145.733 0.586 1342
1331.711 145.932 0.586 1342
1331.591 146.171 0.587 1358
1331.471 146.370 0.587 1374
1331.391 146.569 0.587 1374
1331.271 146.768 0.588 1374
1331.150 147.047 0.590 1390
1331.070 147.246 0.590 1390
1330.950 147.485 0.592 1390
1330.870 147.684 0.592 1407
1330.790 147.923 0.592 1423
1330.709 148.122 0.592 1423
1330.629 148.321 0.593 1423
1330.589 148.480 0.593 1439
1330.509 148.639 0.593 1439
1330.469 148.798 0.593 1455
1330.389 148.918 0.593 1455
1330.309 149.077 0.593 1455
1330.269 149.276 0.593 1471
1330.229 149.435 0.593 1471
1330.189 149.595 0.593 1487
1330.149 149.714 0.594 1487
1330.108 149.913 0.593 1504
1330.068 150.072 0.593 1504
1330.028 150.231 0.593 1504
1329.988 150.431 0.593 1520
1329.908 150.630 0.593 1536
1329.828 150.789 0.593 1536
1329.748 150.988 0.594 1536
1329.708 151.187 0.594 1552
1329.668 151.346 0.594 1568
1329.588 151.585 0.593 1568
1329.548 151.744 0.594 1568
1329.508 151.903 0.594 1584
1329.427 152.063 0.594 1584
1329.347 152.222 0.594 1584
1329.267 152.421 0.594 1601
1329.227 152.580 0.594 1601
1329.147 152.779 0.595 1617
1329.067 152.938 0.594 1617
1328.987 153.137 0.594 1633
1328.906 153.337 0.594 1633
1328.866 153.496 0.594 1649
1328.786 153.695 0.594 1649
1328.746 153.854 0.594 1649
1328.706 154.013 0.594 1665
1328.666 154.173 0.594 1665
1328.626 154.332 0.594 1665
1328.586 154.451 0.594 1681
1328.546 154.610 0.594 1697
1328.466 154.770 0.594 1697
1328.426 154.889 0.594 1697
1328.386 155.048 0.595 1713
1328.346 155.208 0.594 1729
1328.225 155.367 0.594 1729
1328.185 155.486 0.595 1729
1328.145 155.685 0.594 1746
1328.065 155.844 0.595 1746
1327.985 156.043 0.595 1762
1327.905 156.203 0.595 1762
1327.825 156.402 0.595 1762
1327.745 156.601 0.595 1778
1327.664 156.760 0.595 1778
1327.584 156.959 0.595 1794
1327.464 157.118 0.595 1794
1327.424 157.278 0.595 1810
1327.344 157.437 0.595 1810
1327.304 157.596 0.595 1810
1327.224 157.755 0.595 1826
1327.184 157.914 0.596 1843
1327.144 158.113 0.595 1843
1327.063 158.313 0.595 1843
1327.023 158.472 0.595 1859
1326.943 158.671 0.595 1859
1326.903 158.830 0.595 1859
1326.863 158.989 0.595 1875
1326.783 159.188 0.595 1891
1326.743 159.348 0.596 1891
1326.703 159.547 0.595 1891
1326.663 159.706 0.595 1907
1326.543 159.905 0.596 1907
1326.463 160.104 0.596 1923
1326.382 160.303 0.596 1923
1326.302 160.542 0.596 1940
1326.262 160.781 0.596 1940
1326.182 160.980 0.596 1940
1326.142 161.179 0.596 1956
1326.062 161.338 0.596 1956
1326.022 161.537 0.596 1972
1326.022 161.696 0.595 1972
1325.982 161.855 0.595 1988
1325.942 162.015 0.596 1988
1325.901 162.214 0.596 2004
1325.901 162.413 0.595 2004
1325.821 162.612 0.596 2004
1325.781 162.771 0.596 2020
1325.701 163.010 0.596 2036
1325.661 163.209 0.596 2036
1325.581 163.408 0.596 2036
1325.541 163.607 0.596 2052
1325.501 163.766 0.596 2052
1325.461 163.965 0.596 2052
1325.381 164.125 0.596 2069
1325.341 164.324 0.596 2085
1325.260 164.483 0.596 2085
1325.220 164.642 0.597 2085
1325.140 164.841 0.597 2101
1325.060 165.000 0.597 2101
1325.020 165.199 0.597 2117
1324.940 165.398 0.597 2117
1324.860 165.558 0.597 2117
1324.780 165.757 0.598 2133
1324.699 165.956 0.598 2133
1324.619 166.155 0.598 2149
1324.539 166.354 0.599 2149
1324.419 166.553 0.600 2166
1324.339 166.712 0.600 2166
1324.259 166.911 0.600 2166
1324.179 167.070 0.601 2182
1324.139 167.230 0.601 2198
1324.058 167.468 0.601 2198
1324.018 167.628 0.601 2198
1323.978 167.827 0.601 2214
1323.898 167.986 0.602 2214
1323.858 168.185 0.602 2214
1323.778 168.344 0.603 2230
1323.738 168.543 0.604 2246
1323.698 168.703 0.604 2246
1323.618 168.902 0.605 2246
1323.578 169.061 0.606 2262
1323.498 169.220 0.606 2279
1323.377 169.379 0.606 2279
1323.337 169.538 0.606 2279
1323.297 169.738 0.607 2295
1323.217 169.897 0.607 2295
1323.177 170.096 0.607 2295
1323.097 170.255 0.607 2311
1323.057 170.414 0.607 2327
1322.977 170.574 0.607 2327
1322.896 170.733 0.607 2327
1322.856 170.892 0.607 2343
1322.776 171.051 0.607 2343
1322.736 171.171 0.608 2359
1322.696 171.330 0.608 2359
1322.656 171.489 0.608 2359
1322.616 171.609 0.608 2375
1322.576 171.768 0.608 2375
1322.536 171.887 0.609 2392
1322.496 172.046 0.609 2392
1322.456 172.206 0.609 2408
1322.416 172.325 0.609 2408
1322.376 172.484 0.610 2408
1322.336 172.604 0.610 2424
1322.255 172.763 0.611 2440
1322.215 172.882 0.611 2440
1322.135 173.042 0.611 2440
1322.095 173.201 0.612 2456
1322.015 173.360 0.612 2456
1321.935 173.519 0.613 2456
1321.895 173.679 0.614 2472
1321.815 173.838 0.614 2488
1321.735 173.997 0.616 2488
1321.695 174.156 0.617 2488
1321.655 174.315 0.618 2504
1321.614 174.475 0.618 2504
1321.574 174.594 0.619 2521
1321.494 174.753 0.619 2521
1321.454 174.913 0.620 2537
1321.374 175.072 0.621 2537
1321.294 175.231 0.622 2553
1321.214 175.390 0.623 2553
1321.134 175.550 0.624 2553
1321.053 175.709 0.625 2569
1320.973 175.908 0.626 2569
1320.893 176.067 0.627 2569
1320.853 176.266 0.627 2585
1320.773 176.425 0.628 2601
1320.733 176.664 0.628 2601
1320.693 176.823 0.630 2601
1320.613 176.983 0.630 2618
1320.532 177.142 0.630 2634
1320.452 177.341 0.630 2634
1320.412 177.500 0.630 2634
1320.332 177.659 0.631 2650
1320.212 177.858 0.631 2650
1320.132 178.018 0.631 2650
1320.052 178.177 0.632 2666
1319.972 178.376 0.632 2666
1319.851 178.535 0.632 2682
1319.771 178.734 0.632 2682
1319.691 178.973 0.632 2698
1319.611 179.132 0.632 2698
1319.531 179.331 0.633 2715
1319.451 179.491 0.633 2715
1319.411 179.690 0.633 2715
1319.371 179.849 0.634 2731
1319.331 180.048 0.634 2731
1319.291 180.207 0.634 2747
1319.170 180.406 0.635 2747
1319.130 180.565 0.635 2763
1319.130 180.725 0.635 2763
1319.090 180.924 0.636 2763
1319.050 181.083 0.636 2779
1319.010 181.282 0.636 2795
1318.970 181.441 0.637 2795
1318.930 181.600 0.637 2795
1318.890 181.799 0.638 2811
1318.810 181.959 0.638 2811
1318.770 182.118 0.638 2811
1318.730 182.277 0.639 2827
1318.689 182.436 0.638 2843
1318.649 182.596 0.639 2843
1318.609 182.755 0.640 2843
1318.569 182.874 0.640 2860
1318.529 183.034 0.640 2860
1318.489 183.193 0.641 2876
1318.449 183.312 0.642 2876
1318.409 183.511 0.643 2892
1318.369 183.671 0.644 2892
1318.329 183.790 0.645 2908
1318.289 183.949 0.645 2908
1318.209 184.069 0.646 2908
1318.169 184.228 0.646 2924
1318.129 184.387 0.647 2924
1318.089 184.546 0.647 2924
1318.048 184.705 0.648 2940
1318.008 184.825 0.648 2956
1317.968 184.984 0.649 2956
1317.928 185.143 0.650 2956
1317.888 185.303 0.650 2972
1317.848 185.462 0.651 2989
1317.808 185.621 0.652 2989
1317.768 185.820 0.652 2989
1317.688 185.979 0.652 3005
1317.648 186.139 0.653 3005
1317.608 186.298 0.653 3005
1317.568 186.457 0.654 3021
1317.527 186.616 0.655 3037
1317.487 186.776 0.655 3037
1317.447 186.935 0.656 3037
1317.407 187.094 0.657 3053
1317.327 187.253 0.657 3053
1317.287 187.412 0.657 3069
1317.247 187.611 0.659 3069
1317.247 187.771 0.659 3085
1317.207 187.970 0.660 3085
1317.167 188.169 0.660 3085
1317.127 188.328 0.661 3102
1317.047 188.487 0.661 3102
1317.007 188.686 0.661 3118
1316.927 188.846 0.661 3118
1316.886 189.005 0.662 3118
1316.806 189.164 0.662 3134
1316.766 189.363 0.663 3150
1316.686 189.522 0.663 3150
1316.606 189.682 0.663 3150
1316.566 189.881 0.663 3166
1316.526 190.040 0.663 3166
1316.446 190.199 0.663 3166
1316.406 190.318 0.664 3183
1316.366 190.518 0.664 3199
1316.286 190.677 0.664 3199
1316.245 190.836 0.664 3199
1316.205 191.035 0.664 3215
1316.165 191.194 0.664 3231
1316.085 191.353 0.665 3231
1316.005 191.553 0.665 3231
1315.965 191.712 0.665 3247
1315.885 191.871 0.665 3247
1315.845 192.070 0.666 3247
1315.765 192.229 0.666 3263
1315.724 192.388 0.666 3263
1315.644 192.548 0.666 3279
1315.604 192.707 0.667 3279
1315.564 192.866 0.667 3296
1315.444 193.025 0.668 3296
1315.404 193.145 0.668 3312
1315.324 193.304 0.670 3312
1315.284 193.424 0.670 3312
1315.204 193.583 0.671 3328
1315.164 193.742 0.672 3328
1315.083 193.901 0.672 3344
1315.043 194.060 0.672 3344
1315.003 194.220 0.673 3360
1314.923 194.339 0.674 3360
1314.883 194.498 0.674 3360
1314.803 194.618 0.674 3376
1314.763 194.777 0.674 3392
1314.723 194.896 0.674 3392
1314.643 195.056 0.674 3392
1314.603 195.215 0.675 3409
1314.563 195.334 0.676 3409
1314.522 195.494 0.676 3409
1314.442 195.613 0.676 3425
1314.402 195.772 0.677 3441
1314.362 195.892 0.677 3441
1314.322 196.051 0.676 3441
1314.282 196.210 0.678 3457
1314.202 196.369 0.678 3457
1314.162 196.529 0.677 3474
1314.162 196.688 0.678 3474
1314.082 196.807 0.678 3474
1314.042 196.927 0.678 3490
1314.002 197.046 0.678 3490
1313.962 197.166 0.678 3506
1313.881 197.325 0.679 3506
1313.841 197.484 0.678 3522
1313.721 197.603 0.679 3522
1313.681 197.723 0.679 3522
1313.641 197.842 0.678 3538
1313.561 197.962 0.679 3554
1313.561 198.081 0.679 3554
1313.521 198.201 0.679 3554
1313.481 198.320 0.678 3570
1313.401 198.439 0.679 3570
1313.361 198.599 0.679 3570
1313.321 198.718 0.679 3587
1313.240 198.877 0.680 3603
1313.200 198.997 0.679 3603
1313.160 199.116 0.680 3603
1313.120 199.275 0.680 3619
1313.080 199.395 0.680 3635
1313.040 199.554 0.680 3635
1313.000 199.713 0.679 3635
1312.920 199.793 0.679 3651
1312.880 199.912 0.680 3651
1312.840 200.032 0.680 3651
1312.760 200.151 0.680 3667
1312.719 200.310 0.681 3667
1312.679 200.430 0.680 3683
1312.599 200.589 0.680 3683
1312.559 200.708 0.680 3699
1312.519 200.868 0.680 3699
1312.439 200.987 0.680 3716
1312.399 201.107 0.681 3716
1312.359 201.226 0.680 3716
1312.279 201.345 0.681 3732
1312.239 201.505 0.681 3748
1312.199 201.624 0.681 3748
1312.119 201.743 0.680 3748
1312.078 201.903 0.681 3764
1311.958 202.102 0.680 3764
1311.918 202.221 0.681 3764
1311.838 202.380 0.681 3780
1311.798 202.500 0.681 3796
1311.758 202.659 0.681 3796
1311.718 202.778 0.681 3796
1311.638 202.938 0.681 3812
1311.598 203.057 0.680 3812
1311.558 203.216 0.681 3829
1311.518 203.336 0.681 3829
1311.478 203.455 0.681 3829
1311.437 203.575 0.681 3845
1311.437 203.654 0.681 3861
1311.397 203.774 0.681 3861
1311.317 203.893 0.681 3861
1311.277 203.973 0.682 3877
1311.237 204.092 0.682 3877
1311.197 204.212 0.682 3877
1311.117 204.371 0.682 3893
1311.077 204.490 0.681 3909
1311.037 204.570 0.682 3909
1310.997 204.689 0.682 3909
1310.957 204.769 0.682 3925
1310.957 204.849 0.682 3925
1310.917 204.968 0.682 3941
1310.876 205.048 0.682 3941
1310.836 205.127 0.682 3958
1310.796 205.247 0.681 3958
1310.716 205.326 0.682 3958
1310.676 205.446 0.683 3974
1310.596 205.525 0.683 3974
1310.556 205.645 0.682 3990
1310.516 205.724 0.682 3990
1310.436 205.844 0.682 3990
1310.436 205.923 0.683 4006
1310.396 206.043 0.683 4022
1310.356 206.162 0.682 4022
1310.316 206.242 0.683 4022
1310.316 206.361 0.683 4038
1310.235 206.481 0.682 4038
1310.195 206.600 0.683 4038
1310.195 206.680 0.683 4055
1310.115 206.759 0.682 4071
1310.115 206.879 0.683 4071
1310.075 206.958 0.682 4071
1310.035 207.078 0.682 4087
1309.955 207.197 0.683 4103
1309.915 207.356 0.683 4103
1309.875 207.476 0.683 4103
1309.835 207.595 0.683 4119
1309.795 207.715 0.683 4119
1309.714 207.834 0.683 4135
1309.674 207.954 0.683 4135
1309.634 208.073 0.683 4135
1309.554 208.192 0.683 4152
1309.474 208.312 0.683 4152
1309.434 208.391 0.683 4168
1309.394 208.511 0.684 4168
1309.314 208.630 0.683 4184
1309.234 208.750 0.684 4184
1309.194 208.909 0.683 4184
1309.114 208.989 0.683 4200
1308.993 209.148 0.684 4216
1308.913 209.227 0.683 4216
1308.833 209.387 0.683 4216
1308.753 209.506 0.683 4232
1308.673 209.626 0.684 4232
1308.593 209.785 0.684 4232
1308.553 209.904 0.684 4248
1308.473 210.024 0.684 4264
1308.392 210.143 0.684 4264
1308.312 210.223 0.684 4264
1308.232 210.342 0.684 4281
1308.192 210.422 0.685 4281
1308.112 210.501 0.685 4297
1308.032 210.581 0.685 4297
1307.992 210.700 0.684 4313
1307.911 210.780 0.685 4313
1307.831 210.899 0.684 4313
1307.711 211.019 0.684 4329
1307.631 211.178 0.685 4329
1307.551 211.337 0.685 4345
1307.471 211.457 0.685 4345
1307.431 211.536 0.684 4345
1307.351 211.616 0.684 4362
1307.311 211.696 0.685 4378
1307.270 211.775 0.684 4378
1307.230 211.815 0.685 4378
1307.190 211.895 0.685 4394
1307.110 211.974 0.685 4394
1307.070 212.054 0.685 4394
1306.990 212.173 0.686 4410
1306.910 212.253 0.685 4426
1306.830 212.372 0.686 4426
1306.750 212.452 0.686 4426
1306.669 212.571 0.685 4443
1306.549 212.651 0.686 4459
1306.509 212.691 0.686 4459
1306.429 212.770 0.687 4459
1306.349 212.850 0.687 4475
1306.269 212.930 0.687 4475
1306.229 212.969 0.688 4475
1306.149 213.049 0.689 4491
1306.068 213.129 0.689 4507
1306.028 213.208 0.690 4507
1305.948 213.288 0.691 4507
1305.828 213.367 0.691 4524
1305.708 213.447 0.691 4524
1305.668 213.567 0.691 4540
1305.588 213.646 0.691 4540
1305.508 213.766 0.691 4556
1305.427 213.845 0.691 4556
1305.387 213.925 0.691 4556
1305.307 214.004 0.691 4572
1305.267 214.084 0.691 4572
1305.227 214.164 0.691 4588
1305.147 214.243 0.692 4588
1305.067 214.323 0.691 4588
1305.027 214.402 0.692 4604
1304.947 214.482 0.692 4621
1304.906 214.562 0.692 4621
1304.826 214.641 0.692 4621
1304.746 214.721 0.692 4637
1304.706 214.801 0.691 4637
1304.626 214.880 0.692 4637
1304.546 214.960 0.691 4653
1304.466 215.000 0.692 4669
1304.426 215.079 0.692 4669
1304.386 215.159 0.693 4669
1304.305 215.199 0.693 4685
1304.265 215.278 0.693 4701
1304.225 215.318 0.693 4701
1304.185 215.358 0.693 4701
1304.145 215.398 0.694 4718
1304.105 215.438 0.694 4718
1304.065 215.477 0.695 4718
1304.025 215.517 0.696 4734
1303.985 215.597 0.696 4750
1303.905 215.637 0.697 4750
1303.825 215.716 0.698 4750
1303.745 215.796 0.698 4766
1303.664 215.955 0.698 4766
1303.584 216.035 0.698 4782
1303.504 216.114 0.699 4782
1303.424 216.194 0.699 4782
1303.264 216.273 0.699 4799
1303.224 216.313 0.699 4815
1303.144 216.393 0.699 4815
1303.063 216.433 0.700 4815
1303.023 216.473 0.700 4831
1302.943 216.552 0.699 4831
1302.863 216.592 0.700 4831
1302.783 216.632 0.700 4847
1302.743 216.711 0.701 4863
1302.663 216.751 0.701 4863
1302.583 216.831 0.701 4863
1302.502 216.910 0.701 4879
1302.382 216.990 0.701 4879
1302.302 217.070 0.702 4895
1302.222 217.149 0.702 4895
1302.142 217.229 0.702 4912
1302.062 217.309 0.702 4912
1301.982 217.388 0.701 4912
1301.901 217.428 0.702 4928
1301.821 217.508 0.702 4928
1301.741 217.587 0.702 4944
1301.621 217.627 0.703 4944
1301.541 217.707 0.703 4960
1301.461 217.786 0.703 4960
1301.341 217.866 0.703 4976
1301.260 217.906 0.703 4976
1301.180 217.985 0.703 4976
1301.100 218.025 0.703 4993
1301.020 218.065 0.704 4993
1300.940 218.105 0.704 4993
1300.860 218.145 0.705 5009
1300.820 218.184 0.705 5025
1300.740 218.184 0.705 5025
1300.659 218.264 0.706 5025
1300.579 218.304 0.706 5041
1300.459 218.344 0.706 5058
1300.419 218.423 0.706 5058
1300.339 218.463 0.706 5058
1300.259 218.543 0.706 5074
1300.179 218.582 0.706 5074
1300.139 218.662 0.706 5074
1300.099 218.702 0.706 5090
1300.018 218.742 0.706 5106
1299.978 218.781 0.706 5106
1299.938 218.781 0.707 5106
1299.858 218.821 0.707 5122
1299.818 218.861 0.708 5122
1299.738 218.861 0.708 5138
1299.658 218.901 0.708 5138
1299.578 218.901 0.708 5155
1299.537 218.941 0.708 5155
1299.457 218.980 0.708 5155
1299.417 219.020 0.709 5171
1299.337 219.060 0.709 5171
1299.257 219.100 0.708 5187
1299.217 219.100 0.709 5187
1299.137 219.140 0.709 5187
1299.097 219.219 0.709 5203
1299.017 219.259 0.710 5219
1298.937 219.299 0.711 5219
1298.856 219.339 0.712 5219
1298.736 219.379 0.713 5235
1298.656 219.458 0.713 5235
1298.536 219.498 0.714 5251
1298.456 219.538 0.714 5251
1298.336 219.578 0.715 5267
1298.296 219.617 0.716 5267
1298.175 219.657 0.716 5267
1298.135 219.697 0.717 5284
1298.095 219.737 0.717 5284
1298.015 219.737 0.718 5300
1297.975 219.777 0.719 5300
1297.895 219.777 0.720 5300
1297.855 219.777 0.722 5316
1297.775 219.777 0.723 5332
1297.735 219.777 0.725 5332
1297.654 219.777 0.726 5332
1297.574 219.816 0.727 5348
1297.454 219.816 0.728 5364
1297.334 219.816 0.729 5364
1297.214 219.816 0.730 5364
1297.134 219.816 0.730 5381
1297.013 219.816 0.730 5381
1296.933 219.816 0.731 5381
1296.813 219.856 0.731 5397
1296.693 219.856 0.731 5413
1296.613 219.856 0.732 5413
1296.492 219.896 0.732 5413
1296.412 219.896 0.732 5429
1296.292 219.936 0.733 5429
1296.212 219.976 0.732 5445
1296.132 220.016 0.732 5445
1296.012 220.055 0.733 5445
1295.932 220.095 0.733 5461
1295.811 220.095 0.733 5461
1295.731 220.135 0.734 5461
1295.651 220.135 0.734 5478
1295.571 220.135 0.736 5494
1295.451 220.135 0.737 5494
1295.371 220.135 0.739 5494
1295.250 220.135 0.740 5510
1295.130 220.135 0.740 5526
1295.010 220.135 0.741 5526
1294.970 220.135 0.742 5526
1294.890 220.175 0.742 5542
1294.770 220.175 0.743 5542
1294.649 220.215 0.744 5542
1294.529 220.254 0.744 5559
1294.409 220.294 0.744 5575
1294.329 220.334 0.744 5575
1294.209 220.374 0.744 5575
1294.129 220.414 0.744 5591
1294.008 220.414 0.745 5591
1293.928 220.414 0.745 5607
1293.808 220.414 0.746 5607
1293.648 220.414 0.746 5607
1293.528 220.414 0.748 5623
1293.407 220.414 0.750 5640
1293.287 220.414 0.752 5640
1293.167 220.414 0.754 5640
1293.047 220.414 0.755 5656
1292.927 220.414 0.756 5656
1292.766 220.414 0.757 5656
1292.686 220.414 0.759 5672
1292.526 220.414 0.759 5688
1292.406 220.414 0.760 5688
1292.286 220.414 0.761 5688
1292.165 220.414 0.761 5704
1292.045 220.414 0.762 5720
1291.885 220.414 0.763 5720
1291.765 220.414 0.764 5720
1291.604 220.414 0.766 5736
1291.484 220.414 0.767 5736
1291.324 220.414 0.768 5736
1291.164 220.414 0.770 5752
1291.003 220.414 0.771 5752
1290.803 220.414 0.772 5768
1290.643 220.414 0.773 5768
1290.483 220.374 0.774 5784
1290.362 220.374 0.775 5784
1290.202 220.374 0.776 5801
1290.042 220.334 0.776 5801
1289.922 220.334 0.778 5801
1289.761 220.294 0.779 5817
1289.601 220.254 0.780 5817
1289.441 220.215 0.782 5833
1289.281 220.175 0.784 5833
1289.120 220.135 0.786 5849
1289.000 220.095 0.787 5849
1288.880 220.095 0.788 5849
1288.719 220.055 0.789 5865
1288.599 220.055 0.790 5881
1288.479 220.016 0.790 5881
1288.359 220.016 0.791 5881
1288.239 219.976 0.791 5898
1288.078 219.936 0.792 5898
1287.998 219.896 0.793 5898
1287.878 219.856 0.793 5914
1287.758 219.777 0.794 5930
1287.638 219.737 0.795 5930
1287.558 219.657 0.796 5930
1287.438 219.578 0.796 5946
1287.317 219.498 0.797 5946
1287.197 219.418 0.797 5962
1287.077 219.379 0.798 5962
1286.957 219.299 0.798 5962
1286.796 219.219 0.798 5978
1286.636 219.140 0.799 5994
1286.516 219.100 0.799 5994
1286.396 219.020 0.799 5994
1286.275 218.941 0.799 6011
1286.115 218.821 0.799 6011
1285.995 218.781 0.799 6011
1285.875 218.702 0.800 6027
1285.755 218.622 0.800 6043
1285.634 218.543 0.800 6043
1285.554 218.503 0.800 6043
1285.474 218.383 0.800 6059
1285.394 218.304 0.800 6075
1285.274 218.264 0.800 6075
1285.194 218.184 0.800 6075
1285.114 218.065 0.800 6091
1284.993 217.985 0.800 6091
1284.913 217.866 0.800 6091
1284.833 217.786 0.800 6108
1284.713 217.667 0.800 6124
1284.633 217.547 0.800 6124
1284.553 217.468 0.800 6124
1284.473 217.388 0.800 6140
1284.432 217.309 0.800 6140
1284.352 217.189 0.801 6156
1284.272 217.109 0.801 6156
1284.232 217.070 0.800 6156
1284.192 216.990 0.801 6172
1284.112 216.910 0.800 6172
1284.072 216.831 0.801 6172
1283.992 216.751 0.800 6188
1283.952 216.711 0.800 6205
1283.871 216.592 0.801 6205
1283.831 216.552 0.801 6205
1283.791 216.473 0.800 6221
1283.751 216.353 0.800 6237
1283.671 216.273 0.801 6237
1283.631 216.114 0.800 6237
1283.591 216.035 0.801 6253
1283.551 215.915 0.800 6253
1283.471 215.796 0.800 6253
1283.431 215.676 0.801 6269
1283.391 215.597 0.800 6286
1283.351 215.477 0.800 6286
1283.270 215.398 0.801 6286
1283.230 215.278 0.801 6302
1283.190 215.199 0.801 6302
1283.150 215.119 0.801 6318
1283.110 215.039 0.801 6318
1283.110 214.960 0.801 6318
1283.070 214.880 0.801 6334
1283.030 214.761 0.800 6350
1283.030 214.681 0.800 6350
1282.990 214.562 0.800 6350
1282.990 214.482 0.799 6366
1282.950 214.363 0.799 6366
1282.870 214.243 0.799 6366
1282.870 214.124 0.799 6382
1282.870 214.004 0.799 6399
1282.870 213.885 0.799 6399
1282.870 213.726 0.799 6399
1282.870 213.606 0.800 6415
1282.870 213.527 0.800 6431
1282.910 213.407 0.799 6431
1282.910 213.288 0.799 6431
1282.910 213.168 0.800 6447
1282.910 213.049 0.800 6447
1282.950 212.969 0.800 6447
1282.950 212.890 0.800 6463
1282.990 212.770 0.800 6479
1282.990 212.691 0.800 6479
1283.030 212.571 0.800 6479
1283.030 212.492 0.800 6495
1283.070 212.372 0.800 6495
1283.110 212.253 0.799 6512
1283.110 212.133 0.799 6512
1283.150 212.054 0.799 6512
1283.190 211.974 0.799 6528
1283.190 211.895 0.799 6528
1283.230 211.815 0.799 6544
1283.270 211.696 0.799 6544
1283.351 211.616 0.799 6560
1283.431 211.457 0.799 6560
1283.471 211.297 0.799 6560
1283.551 211.138 0.799 6576
1283.631 211.019 0.798 6592
1283.711 210.899 0.799 6592
1283.751 210.780 0.798 6592
1283.871 210.621 0.798 6609
1283.952 210.501 0.799 6609
1284.032 210.342 0.798 6609
1284.152 210.183 0.798 6625
1284.232 210.024 0.798 6641
1284.352 209.864 0.798 6641
1284.432 209.745 0.798 6641
1284.553 209.586 0.798 6657
1284.673 209.426 0.798 6657
1284.753 209.307 0.798 6673
1284.873 209.148 0.798 6673
1284.993 209.028 0.798 6689
1285.073 208.909 0.798 6689
1285.154 208.829 0.798 6705
1285.234 208.750 0.798 6705
1285.274 208.630 0.798 6705
1285.394 208.551 0.798 6721
1285.474 208.431 0.798 6721
1285.554 208.312 0.798 6721
1285.594 208.192 0.798 6738
1285.715 208.073 0.798 6754
1285.835 207.954 0.798 6754
1285.995 207.794 0.797 6754
1286.115 207.635 0.798 6770
1286.275 207.516 0.798 6786
1286.396 207.356 0.797 6786
1286.556 207.237 0.798 6786
1286.716 207.078 0.797 6802
1286.876 206.958 0.797 6802
1287.037 206.759 0.798 6802
1287.157 206.600 0.798 6818
1287.317 206.441 0.797 6818
1287.518 206.282 0.797 6834
1287.678 206.083 0.797 6834
1287.798 205.923 0.798 6850
1287.958 205.764 0.798 6850
1288.119 205.605 0.798 6867
1288.239 205.485 0.798 6867
1288.359 205.326 0.797 6867
1288.479 205.247 0.797 6883
1288.599 205.127 0.797 6899
1288.719 205.048 0.797 6899
1288.880 204.928 0.797 6899
1289.000 204.809 0.797 6915
1289.160 204.689 0.797 6915
1289.321 204.570 0.797 6915
1289.481 204.411 0.797 6931
1289.681 204.291 0.797 6931
1289.841 204.172 0.797 6947
1290.042 204.052 0.798 6947
1290.282 203.933 0.797 6963
1290.483 203.774 0.797 6963
1290.683 203.614 0.797 6980
1290.923 203.455 0.797 6980
1291.164 203.296 0.798 6980
1291.404 203.137 0.797 6996
1291.684 202.978 0.797 6996
1291.965 202.818 0.797 7012
1292.205 202.659 0.796 7012
1292.446 202.500 0.797 7028
1292.686 202.341 0.797 7028
1292.927 202.221 0.797 7028
1293.167 202.022 0.797 7044
1293.367 201.863 0.797 7061
1293.528 201.704 0.796 7061
1293.688 201.544 0.797 7061
1293.848 201.385 0.797 7077
1294.008 201.226 0.796 7077
1294.169 201.067 0.797 7077
1294.369 200.947 0.797 7093
1294.529 200.788 0.796 7109
1294.689 200.669 0.797 7109
1294.890 200.549 0.797 7109
1295.090 200.390 0.796 7126
1295.291 200.271 0.797 7126
1295.491 200.111 0.796 7142
1295.691 199.992 0.797 7142
1295.972 199.793 0.797 7158
1296.132 199.634 0.797 7158
1296.332 199.514 0.797 7158
1296.532 199.395 0.797 7174
1296.693 199.275 0.796 7174
1296.893 199.156 0.796 7190
1297.053 199.076 0.797 7190
1297.214 198.997 0.796 7190
1297.374 198.917 0.797 7206
1297.534 198.837 0.796 7223
1297.694 198.718 0.796 7223
1297.855 198.638 0.796 7223
1298.015 198.599 0.796 7239
1298.175 198.519 0.796 7239
1298.336 198.439 0.796 7239
1298.496 198.360 0.796 7255
1298.696 198.280 0.796 7271
1298.856 198.161 0.797 7271
1299.097 198.081 0.796 7271
1299.297 197.962 0.796 7287
1299.497 197.882 0.796 7303
1299.698 197.763 0.796 7303
1299.898 197.603 0.796 7303
1300.099 197.444 0.796 7320
1300.299 197.325 0.796 7320
1300.539 197.205 0.797 7320
1300.700 197.086 0.797 7336
1300.900 197.006 0.796 7352
1301.060 196.887 0.797 7352
1301.260 196.807 0.796 7352
1301.421 196.688 0.796 7368
1301.621 196.608 0.797 7368
1301.821 196.489 0.796 7384
1302.102 196.369 0.796 7384
1302.302 196.290 0.797 7384
1302.543 196.170 0.796 7401
1302.783 196.051 0.796 7401
1302.983 195.931 0.796 7417
1303.224 195.852 0.796 7417
1303.464 195.732 0.797 7433
1303.705 195.613 0.796 7433
1303.905 195.533 0.796 7433
1304.105 195.454 0.797 7449
1304.305 195.374 0.796 7465
1304.466 195.295 0.796 7465
1304.666 195.215 0.797 7465
1304.826 195.095 0.796 7481
1304.987 195.016 0.795 7497
1305.227 194.936 0.796 7497
1305.387 194.857 0.796 7497
1305.548 194.737 0.796 7514
1305.708 194.658 0.796 7514
1305.948 194.538 0.796 7514
1306.189 194.379 0.797 7530
1306.429 194.259 0.796 7530
1306.669 194.100 0.796 7546
1306.950 193.901 0.795 7546
1307.230 193.702 0.796 7562
1307.471 193.503 0.796 7562
1307.711 193.344 0.796 7578
1307.871 193.224 0.796 7578
1308.072 193.105 0.796 7578
1308.192 193.025 0.796 7594
1308.272 192.986 0.796 7594
1308.352 192.946 0.796 7594
1308.473 192.946 0.796 7610
1308.553 192.906 0.795 7626
1308.673 192.866 0.795 7626
1308.793 192.866 0.796 7626
1308.953 192.747 0.796 7643
1309.114 192.667 0.796 7659
1309.274 192.588 0.796 7659
1309.474 192.508 0.795 7659
1309.674 192.388 0.795 7675
1309.875 192.269 0.795 7675
1310.035 192.189 0.796 7675
1310.235 192.070 0.795 7691
1310.396 191.990 0.795 7707
1310.556 191.951 0.795 7707
1310.676 191.911 0.796 7707
1310.836 191.871 0.796 7723
1310.997 191.831 0.795 7723
1311.197 191.791 0.796 7739
1311.317 191.791 0.795 7739
1311.478 191.752 0.795 7739
1311.598 191.712 0.795 7755
1311.718 191.632 0.795 7771
1311.838 191.592 0.795 7771
1311.918 191.553 0.795 7771
1311.998 191.473 0.796 7788
1312.038 191.433 0.796 7788
1312.078 191.433 0.795 7804
1312.119 191.393 0.795 7804
1312.159 191.353 0.795 7820
1312.239 191.314 0.795 7820
1312.319 191.274 0.796 7820
1312.439 191.234 0.796 7836
1312.559 191.154 0.795 7836
1312.719 191.115 0.796 7852
1312.880 191.035 0.795 7852
1313.040 190.916 0.796 7852
1313.240 190.836 0.796 7868
1313.401 190.717 0.795 7885
1313.601 190.597 0.796 7885
1313.761 190.518 0.796 7885
1313.881 190.358 0.796 7901
1314.042 190.279 0.796 7901
1314.122 190.199 0.795 7901
1314.282 190.119 0.795 7917
1314.402 190.080 0.795 7933
1314.442 190.000 0.796 7933
1314.563 189.920 0.795 7933
1314.643 189.841 0.796 7949
1314.763 189.801 0.796 7965
1314.883 189.721 0.795 7965
1315.043 189.642 0.796 7965
1315.244 189.522 0.796 7981
1315.404 189.403 0.796 7981
1315.604 189.283 0.795 7998
1315.765 189.164 0.796 7998
1316.005 189.005 0.796 7998
1316.205 188.846 0.796 8014
1316.366 188.726 0.796 8014
1316.566 188.607 0.796 8014
1316.686 188.487 0.796 8030
1316.846 188.408 0.796 8046
1316.967 188.328 0.796 8046
1317.167 188.248 0.795 8046
1317.287 188.169 0.795 8062
1317.487 188.089 0.795 8079
1317.648 187.970 0.796 8079
1317.808 187.850 0.795 8079
1317.968 187.771 0.796 8095
1318.169 187.651 0.796 8095
1318.329 187.532 0.796 8095
1318.489 187.412 0.796 8111
1318.649 187.333 0.796 8127
1318.810 187.213 0.795 8127
1318.930 187.134 0.796 8127
1319.050 187.054 0.795 8143
1319.170 186.975 0.795 8143
1319.331 186.895 0.796 8159
1319.451 186.815 0.795 8159
1319.611 186.736 0.796 8159
1319.771 186.656 0.795 8175
1319.932 186.576 0.796 8175
1320.132 186.497 0.796 8191
1320.292 186.377 0.796 8191
1320.452 186.298 0.795 8207
1320.653 186.218 0.796 8207
1320.813 186.099 0.795 8207
1320.933 186.019 0.795 8224
1321.094 185.940 0.796 8240
1321.214 185.900 0.795 8240
1321.294 185.860 0.795 8240
1321.414 185.820 0.796 8256
1321.534 185.780 0.795 8272
1321.655 185.741 0.795 8272
1321.775 185.661 0.795 8272
1321.895 185.581 0.795 8288
1322.055 185.542 0.795 8288
1322.215 185.462 0.795 8288
1322.376 185.382 0.795 8305
1322.536 185.263 0.796 8305
1322.696 185.183 0.795 8321
1322.856 185.064 0.795 8321
1323.017 184.944 0.795 8337
1323.217 184.825 0.795 8337
1323.337 184.745 0.795 8353
1323.498 184.666 0.795 8353
1323.578 184.586 0.795 8353
1323.698 184.546 0.795 8369
1323.818 184.467 0.795 8369
1323.938 184.427 0.795 8369
1324.058 184.347 0.795 8385
1324.179 184.307 0.795 8401
1324.339 184.228 0.794 8401
1324.539 184.148 0.795 8401
1324.699 184.029 0.795 8418
1324.900 183.909 0.794 8434
1325.100 183.750 0.794 8434
1325.260 183.631 0.794 8434
1325.461 183.511 0.794 8450
1325.621 183.392 0.795 8450
1325.781 183.272 0.795 8450
1325.901 183.153 0.795 8466
1326.102 183.073 0.795 8482
1326.222 182.994 0.794 8482
1326.342 182.954 0.795 8482
1326.503 182.834 0.794 8498
1326.623 182.755 0.794 8498
1326.783 182.715 0.795 8515
1326.943 182.596 0.794 8515
1327.104 182.516 0.794 8531
1327.304 182.397 0.795 8531
1327.504 182.317 0.794 8531
1327.704 182.198 0.794 8547
1327.865 182.078 0.795 8547
1328.065 181.999 0.794 8563
1328.185 181.919 0.795 8563
1328.346 181.839 0.795 8563
1328.466 181.799 0.794 8579
1328.626 181.760 0.795 8595
1328.746 181.680 0.794 8595
1328.866 181.640 0.794 8595
1329.027 181.600 0.794 8611
1329.187 181.521 0.794 8611
1329.347 181.481 0.794 8611
1329.468 181.401 0.795 8627
1329.628 181.322 0.794 8644
1329.788 181.242 0.794 8644
1329.948 181.163 0.795 8644
1330.108 181.083 0.795 8660
1330.269 180.963 0.794 8676
1330.429 180.884 0.795 8676
1330.549 180.804 0.794 8676
1330.709 180.725 0.795 8692
1330.870 180.605 0.795 8692
1331.070 180.486 0.794 8692
1331.271 180.406 0.795 8708
1331.471 180.287 0.794 8725
1331.711 180.167 0.794 8725
1331.911 180.048 0.794 8725
1332.192 179.928 0.794 8741
1332.432 179.769 0.793 8741
1332.633 179.650 0.793 8757
1332.833 179.530 0.792 8757
1333.073 179.411 0.792 8757
1333.274 179.292 0.790 8773
1333.474 179.212 0.789 8773
1333.674 179.132 0.788 8789
1333.835 179.013 0.787 8789
1334.035 178.973 0.787 8805
1334.235 178.893 0.787 8805
1334.396 178.814 0.787 8805
1334.596 178.734 0.785 8821
1334.796 178.575 0.786 8837
1334.997 178.456 0.786 8837
1335.237 178.336 0.785 8837
1335.437 178.217 0.786 8854
1335.638 178.097 0.785 8854
1335.798 177.978 0.784 8854
1335.998 177.858 0.785 8870
1336.119 177.739 0.785 8886
1336.279 177.659 0.784 8886
1336.399 177.580 0.786 8886
1336.519 177.500 0.784 8902
1336.639 177.421 0.785 8902
1336.760 177.341 0.785 8918
1336.880 177.301 0.785 8918
1337.000 177.182 0.785 8934
1337.080 177.102 0.785 8934
1337.200 177.022 0.784 8934
1337.321 176.943 0.785 8950
1337.401 176.863 0.786 8950
1337.521 176.784 0.785 8966
1337.641 176.744 0.785 8966
1337.761 176.664 0.785 8966
1337.841 176.624 0.785 8983
1337.962 176.545 0.785 8999
1338.042 176.505 0.785 8999
1338.202 176.425 0.785 8999
1338.322 176.346 0.785 9015
1338.442 176.226 0.785 9015
1338.563 176.107 0.785 9015
1338.683 176.027 0.785 9031
1338.803 175.987 0.785 9048
1338.923 175.908 0.785 9048
1339.003 175.828 0.785 9048
1339.124 175.788 0.785 9064
1339.244 175.749 0.785 9080
1339.324 175.669 0.785 9080
1339.404 175.669 0.785 9080
1339.484 175.629 0.785 9096
1339.564 175.589 0.785 9096
1339.644 175.550 0.785 9112
1339.725 175.510 0.785 9112
1339.805 175.470 0.785 9112
1339.925 175.390 0.785 9128
1340.045 175.311 0.785 9128
1340.165 175.231 0.785 9128
1340.285 175.112 0.785 9144
1340.446 174.992 0.785 9160
1340.566 174.873 0.784 9160
1340.686 174.753 0.784 9160
1340.766 174.714 0.785 9176
1340.846 174.634 0.785 9192
1340.927 174.594 0.785 9192
1340.967 174.594 0.785 9192
1341.087 174.554 0.785 9208
1341.127 174.554 0.785 9208
1341.207 174.515 0.784 9224
1341.287 174.475 0.785 9224
1341.367 174.435 0.785 9224
1341.487 174.395 0.785 9241
1341.568 174.315 0.785 9257
1341.688 174.236 0.785 9257
1341.848 174.116 0.784 9257
1341.968 173.997 0.785 9273
1342.089 173.878 0.785 9273
1342.209 173.758 0.784 9273
1342.369 173.718 0.785 9289
1342.449 173.639 0.784 9305
1342.529 173.599 0.785 9305
1342.609 173.519 0.785 9305
1342.690 173.519 0.785 9322
1342.810 173.480 0.785 9338
1342.890 173.400 0.785 9338
1343.010 173.360 0.785 9338
1343.130 173.280 0.785 9354
1343.250 173.201 0.785 9354
1343.371 173.081 0.784 9354
1343.531 173.002 0.785 9370
1343.651 172.882 0.784 9370
1343.771 172.763 0.784 9386
1343.932 172.644 0.784 9386
1344.012 172.564 0.784 9402
1344.132 172.484 0.784 9402
1344.212 172.445 0.784 9419
1344.292 172.405 0.784 9419
1344.372 172.365 0.784 9419
1344.452 172.325 0.784 9435
1344.533 172.325 0.784 9435
1344.613 172.285 0.784 9435
1344.733 172.246 0.784 9451
1344.813 172.206 0.783 9467
1344.893 172.166 0.784 9467
1345.013 172.086 0.784 9467
1345.094 172.046 0.783 9483
1345.214 171.967 0.784 9499
1345.294 171.927 0.784 9499
1345.414 171.847 0.784 9499
1345.494 171.808 0.784 9516
1345.574 171.728 0.784 9516
1345.654 171.688 0.784 9516
1345.735 171.609 0.784 9532
1345.815 171.569 0.784 9548
1345.855 171.529 0.784 9548
1345.935 171.529 0.784 9548
1346.015 171.489 0.783 9564
1346.095 171.489 0.783 9564
1346.175 171.449 0.783 9580
1346.255 171.409 0.783 9580
1346.295 171.370 0.783 9580
1346.376 171.330 0.783 9596
1346.456 171.290 0.783 9596
1346.536 171.250 0.784 9613
1346.616 171.210 0.783 9613
1346.696 171.171 0.784 9629
1346.736 171.131 0.784 9629
1346.816 171.091 0.784 9629
1346.896 171.051 0.784 9645
1347.017 171.011 0.784 9661
1347.057 170.972 0.783 9661
1347.137 170.932 0.784 9661
1347.217 170.852 0.783 9677
1347.297 170.812 0.783 9677
1347.377 170.773 0.784 9693
1347.458 170.733 0.783 9693
1347.538 170.653 0.783 9710
1347.618 170.613 0.784 9710
1347.658 170.574 0.783 9710
1347.738 170.534 0.783 9726
1347.778 170.534 0.783 9726
1347.818 170.494 0.783 9742
1347.858 170.454 0.783 9742

