% x_coordinate y_coordinate pressure time
% shape 0, 786 points
774.865 372.282 0.004 0.000 
774.865 372.322 0.033 0.000 
774.865 372.322 0.042 0.000 
774.865 372.362 0.053 0.000 
774.905 372.402 0.047 1.000 
774.985 372.442 0.048 1.000 
774.985 372.481 0.043 1.000 
774.985 372.521 0.045 1.000 
775.025 372.561 0.053 1.000 
775.025 372.601 0.059 1.000 
775.025 372.601 0.061 2.000 
775.025 372.601 0.065 2.000 
775.065 372.641 0.068 2.000 
775.065 372.641 0.073 2.000 
775.105 372.641 0.075 2.000 
775.105 372.680 0.077 2.000 
775.185 372.680 0.078 3.000 
775.225 372.680 0.078 3.000 
775.265 372.720 0.078 3.000 
775.346 372.720 0.080 3.000 
775.346 372.680 0.084 4.000 
775.346 372.680 0.161 4.000 
775.346 372.680 0.195 4.000 
775.346 372.641 0.213 4.000 
775.346 372.641 0.233 4.000 
775.346 372.601 0.253 4.000 
775.346 372.561 0.276 4.000 
775.346 372.561 0.291 5.000 
775.346 372.521 0.305 5.000 
775.346 372.481 0.318 5.000 
775.346 372.442 0.331 5.000 
775.346 372.442 0.341 5.000 
775.346 372.402 0.350 5.000 
775.346 372.362 0.358 5.000 
775.346 372.282 0.365 6.000 
775.346 372.243 0.370 6.000 
775.346 372.163 0.372 6.000 
775.346 372.083 0.376 6.000 
775.346 372.004 0.381 6.000 
775.346 371.884 0.387 7.000 
775.346 371.765 0.394 7.000 
775.346 371.645 0.402 7.000 
775.346 371.486 0.410 7.000 
775.386 371.367 0.416 7.000 
775.426 371.287 0.422 7.000 
775.426 371.168 0.428 8.000 
775.506 371.048 0.433 8.000 
775.546 371.008 0.436 8.000 
775.626 370.889 0.439 8.000 
775.666 370.730 0.440 8.000 
775.746 370.531 0.442 8.000 
775.866 370.372 0.444 9.000 
775.906 370.172 0.446 9.000 
775.987 370.013 0.448 9.000 
776.067 369.814 0.450 9.000 
776.107 369.655 0.455 9.000 
776.187 369.536 0.459 9.000 
776.267 369.376 0.465 9.000 
776.307 369.257 0.469 10.000 
776.387 369.058 0.473 10.000 
776.387 368.938 0.477 10.000 
776.467 368.779 0.480 10.000 
776.508 368.660 0.485 10.000 
776.548 368.461 0.486 11.000 
776.628 368.341 0.488 11.000 
776.668 368.182 0.489 11.000 
776.748 368.023 0.490 11.000 
776.788 367.903 0.491 11.000 
776.868 367.784 0.492 11.000 
776.948 367.665 0.492 11.000 
777.028 367.545 0.493 12.000 
777.109 367.426 0.494 12.000 
777.189 367.306 0.496 12.000 
777.309 367.147 0.499 12.000 
777.389 366.988 0.500 12.000 
777.509 366.789 0.502 12.000 
777.669 366.630 0.503 12.000 
777.790 366.431 0.505 13.000 
777.910 366.271 0.506 13.000 
778.030 366.152 0.508 13.000 
778.150 366.032 0.509 13.000 
778.230 365.953 0.510 13.000 
778.310 365.873 0.512 13.000 
778.391 365.794 0.513 13.000 
778.471 365.754 0.514 14.000 
778.551 365.674 0.514 14.000 
778.671 365.594 0.514 14.000 
778.791 365.515 0.515 14.000 
778.871 365.395 0.515 14.000 
778.992 365.276 0.515 14.000 
779.112 365.196 0.516 14.000 
779.232 365.077 0.516 14.000 
779.352 364.958 0.516 14.000 
779.432 364.878 0.517 15.000 
779.513 364.759 0.518 15.000 
779.553 364.679 0.520 15.000 
779.633 364.599 0.522 15.000 
779.673 364.560 0.523 15.000 
779.713 364.440 0.524 15.000 
779.793 364.400 0.524 15.000 
779.873 364.321 0.524 15.000 
779.953 364.241 0.524 16.000 
780.033 364.201 0.524 16.000 
780.154 364.122 0.523 16.000 
780.274 364.082 0.524 16.000 
780.314 364.002 0.524 16.000 
780.434 363.923 0.524 16.000 
780.554 363.843 0.525 16.000 
780.634 363.803 0.525 17.000 
780.755 363.724 0.525 17.000 
780.835 363.644 0.525 17.000 
780.915 363.604 0.525 17.000 
780.995 363.564 0.525 17.000 
781.075 363.485 0.525 17.000 
781.195 363.445 0.525 17.000 
781.275 363.405 0.525 17.000 
781.396 363.326 0.526 18.000 
781.516 363.246 0.525 18.000 
781.636 363.166 0.525 18.000 
781.756 363.087 0.525 18.000 
781.917 363.007 0.525 18.000 
782.037 362.927 0.525 18.000 
782.157 362.888 0.525 18.000 
782.277 362.808 0.525 18.000 
782.357 362.728 0.525 19.000 
782.477 362.649 0.525 19.000 
782.558 362.609 0.525 19.000 
782.678 362.529 0.526 19.000 
782.718 362.450 0.526 19.000 
782.798 362.410 0.526 19.000 
782.878 362.370 0.525 19.000 
782.958 362.290 0.525 19.000 
783.038 362.251 0.527 20.000 
783.119 362.211 0.527 20.000 
783.239 362.171 0.526 20.000 
783.319 362.091 0.527 20.000 
783.439 362.012 0.527 20.000 
783.559 361.972 0.527 20.000 
783.639 361.932 0.528 20.000 
783.720 361.892 0.528 21.000 
783.840 361.813 0.527 21.000 
783.920 361.813 0.527 21.000 
784.000 361.773 0.527 21.000 
784.120 361.733 0.528 21.000 
784.240 361.693 0.528 21.000 
784.321 361.654 0.528 21.000 
784.481 361.614 0.529 21.000 
784.601 361.614 0.530 22.000 
784.721 361.574 0.529 22.000 
784.922 361.494 0.530 22.000 
785.042 361.454 0.531 22.000 
785.162 361.415 0.532 22.000 
785.322 361.375 0.534 22.000 
785.442 361.335 0.537 22.000 
785.523 361.295 0.539 23.000 
785.643 361.255 0.541 23.000 
785.763 361.255 0.542 23.000 
785.843 361.216 0.543 23.000 
785.923 361.176 0.544 23.000 
786.003 361.056 0.545 23.000 
786.083 361.056 0.546 23.000 
786.124 361.017 0.547 24.000 
786.244 361.017 0.548 24.000 
786.284 360.977 0.549 24.000 
786.364 360.977 0.550 24.000 
786.444 360.937 0.550 24.000 
786.524 360.937 0.551 24.000 
786.644 360.937 0.552 25.000 
786.725 360.937 0.552 25.000 
786.845 360.937 0.553 25.000 
786.965 360.897 0.553 25.000 
787.045 360.937 0.553 25.000 
787.165 360.937 0.554 25.000 
787.285 360.937 0.554 26.000 
787.446 360.937 0.555 26.000 
787.566 360.937 0.555 26.000 
787.686 360.937 0.555 26.000 
787.806 360.937 0.556 26.000 
787.927 360.937 0.556 26.000 
788.007 360.937 0.556 26.000 
788.127 360.937 0.557 27.000 
788.287 360.977 0.557 27.000 
788.407 361.017 0.557 27.000 
788.528 361.017 0.558 27.000 
788.648 361.056 0.558 27.000 
788.768 361.056 0.558 27.000 
788.888 361.056 0.558 27.000 
789.008 361.056 0.558 28.000 
789.129 361.056 0.558 28.000 
789.249 361.096 0.559 28.000 
789.369 361.096 0.559 28.000 
789.489 361.096 0.559 28.000 
789.569 361.136 0.560 28.000 
789.649 361.136 0.559 28.000 
789.730 361.176 0.560 29.000 
789.810 361.216 0.559 29.000 
789.930 361.255 0.559 29.000 
790.010 361.295 0.561 29.000 
790.130 361.335 0.561 29.000 
790.210 361.375 0.561 29.000 
790.331 361.454 0.562 29.000 
790.451 361.494 0.562 30.000 
790.571 361.534 0.562 30.000 
790.651 361.534 0.563 30.000 
790.731 361.574 0.563 30.000 
790.811 361.614 0.563 30.000 
790.932 361.614 0.564 30.000 
791.012 361.654 0.563 30.000 
791.092 361.693 0.564 31.000 
791.172 361.693 0.565 31.000 
791.252 361.733 0.565 31.000 
791.372 361.773 0.566 31.000 
791.452 361.813 0.568 31.000 
791.533 361.853 0.568 31.000 
791.653 361.892 0.570 31.000 
791.733 362.012 0.570 32.000 
791.853 362.052 0.571 32.000 
791.893 362.091 0.571 32.000 
791.973 362.131 0.571 32.000 
792.053 362.171 0.572 32.000 
792.134 362.211 0.572 32.000 
792.174 362.251 0.572 32.000 
792.254 362.290 0.573 33.000 
792.334 362.330 0.574 33.000 
792.414 362.370 0.575 33.000 
792.534 362.410 0.576 33.000 
792.614 362.410 0.577 33.000 
792.735 362.450 0.578 33.000 
792.815 362.450 0.579 33.000 
792.895 362.490 0.580 33.000 
792.975 362.529 0.580 34.000 
793.055 362.569 0.581 34.000 
793.135 362.609 0.582 34.000 
793.215 362.649 0.583 34.000 
793.296 362.689 0.583 34.000 
793.376 362.728 0.583 34.000 
793.456 362.768 0.584 34.000 
793.536 362.848 0.584 34.000 
793.616 362.888 0.584 35.000 
793.696 362.927 0.585 35.000 
793.776 362.967 0.585 35.000 
793.856 363.007 0.585 35.000 
793.977 363.047 0.586 35.000 
794.057 363.126 0.586 35.000 
794.177 363.166 0.586 36.000 
794.297 363.246 0.587 36.000 
794.377 363.286 0.587 36.000 
794.497 363.326 0.587 36.000 
794.578 363.405 0.588 36.000 
794.658 363.445 0.589 36.000 
794.738 363.485 0.591 36.000 
794.818 363.525 0.592 36.000 
794.898 363.604 0.593 36.000 
794.978 363.644 0.595 37.000 
795.058 363.724 0.596 37.000 
795.179 363.803 0.596 37.000 
795.259 363.843 0.598 37.000 
795.379 363.923 0.598 37.000 
795.459 364.042 0.598 37.000 
795.579 364.122 0.599 37.000 
795.659 364.201 0.598 38.000 
795.780 364.281 0.599 38.000 
795.900 364.400 0.599 38.000 
795.980 364.520 0.599 38.000 
796.060 364.599 0.599 38.000 
796.140 364.679 0.600 38.000 
796.260 364.759 0.600 39.000 
796.341 364.838 0.601 39.000 
796.461 364.918 0.601 39.000 
796.541 364.997 0.602 39.000 
796.621 365.077 0.603 39.000 
796.701 365.157 0.603 39.000 
796.741 365.236 0.603 39.000 
796.781 365.316 0.604 39.000 
796.861 365.395 0.604 39.000 
796.901 365.475 0.603 40.000 
796.982 365.555 0.605 40.000 
797.062 365.634 0.605 40.000 
797.142 365.674 0.605 40.000 
797.222 365.754 0.606 40.000 
797.262 365.833 0.605 40.000 
797.382 365.873 0.607 40.000 
797.462 365.953 0.607 41.000 
797.543 366.032 0.608 41.000 
797.583 366.112 0.608 41.000 
797.663 366.152 0.609 41.000 
797.703 366.231 0.609 41.000 
797.743 366.311 0.610 41.000 
797.783 366.391 0.610 41.000 
797.863 366.510 0.611 41.000 
797.903 366.590 0.611 42.000 
797.983 366.749 0.612 42.000 
798.023 366.868 0.611 42.000 
798.063 366.948 0.613 42.000 
798.144 367.068 0.613 42.000 
798.184 367.147 0.613 42.000 
798.224 367.267 0.613 42.000 
798.264 367.346 0.614 42.000 
798.344 367.466 0.614 43.000 
798.384 367.545 0.614 43.000 
798.464 367.665 0.614 43.000 
798.504 367.784 0.615 43.000 
798.544 367.864 0.615 43.000 
798.584 367.983 0.615 43.000 
798.624 368.102 0.616 43.000 
798.624 368.222 0.616 44.000 
798.624 368.341 0.616 44.000 
798.624 368.461 0.617 44.000 
798.624 368.580 0.617 44.000 
798.624 368.700 0.618 44.000 
798.664 368.779 0.618 44.000 
798.664 368.899 0.618 45.000 
798.664 368.978 0.618 45.000 
798.705 369.137 0.619 45.000 
798.745 369.217 0.618 45.000 
798.745 369.297 0.618 45.000 
798.745 369.376 0.618 45.000 
798.785 369.456 0.618 45.000 
798.825 369.575 0.619 46.000 
798.825 369.655 0.618 46.000 
798.865 369.735 0.618 46.000 
798.865 369.814 0.619 46.000 
798.905 369.894 0.618 46.000 
798.905 369.973 0.619 46.000 
798.945 370.053 0.619 47.000 
798.945 370.133 0.619 47.000 
798.985 370.212 0.619 47.000 
799.025 370.292 0.619 47.000 
799.025 370.372 0.619 47.000 
799.065 370.451 0.619 47.000 
799.065 370.571 0.619 47.000 
799.105 370.650 0.619 47.000 
799.105 370.730 0.619 48.000 
799.145 370.849 0.619 48.000 
799.145 370.969 0.619 48.000 
799.145 371.048 0.620 48.000 
799.185 371.168 0.620 48.000 
799.185 371.247 0.621 48.000 
799.145 371.367 0.622 48.000 
799.145 371.486 0.623 48.000 
799.145 371.606 0.624 49.000 
799.145 371.685 0.625 49.000 
799.145 371.805 0.625 49.000 
799.145 371.924 0.626 49.000 
799.145 372.004 0.627 49.000 
799.145 372.123 0.627 49.000 
799.145 372.203 0.629 49.000 
799.145 372.282 0.629 50.000 
799.145 372.402 0.629 50.000 
799.145 372.481 0.630 50.000 
799.145 372.601 0.630 50.000 
799.145 372.720 0.630 50.000 
799.145 372.840 0.631 50.000 
799.145 372.959 0.631 50.000 
799.145 373.078 0.631 51.000 
799.145 373.158 0.631 51.000 
799.145 373.238 0.631 51.000 
799.145 373.357 0.632 51.000 
799.145 373.437 0.632 51.000 
799.145 373.516 0.632 51.000 
799.145 373.636 0.632 51.000 
799.145 373.715 0.632 52.000 
799.145 373.875 0.632 52.000 
799.105 373.994 0.633 52.000 
799.105 374.114 0.633 52.000 
799.105 374.193 0.633 52.000 
799.065 374.273 0.633 52.000 
799.065 374.392 0.633 52.000 
799.025 374.472 0.634 53.000 
799.025 374.551 0.634 53.000 
798.985 374.631 0.635 53.000 
798.985 374.711 0.636 53.000 
798.945 374.830 0.637 53.000 
798.905 374.950 0.638 53.000 
798.865 375.029 0.640 54.000 
798.825 375.109 0.641 54.000 
798.785 375.188 0.644 54.000 
798.745 375.308 0.646 54.000 
798.705 375.387 0.648 54.000 
798.664 375.507 0.649 54.000 
798.624 375.586 0.651 54.000 
798.584 375.706 0.652 54.000 
798.544 375.825 0.652 55.000 
798.504 375.945 0.652 55.000 
798.464 376.024 0.653 55.000 
798.424 376.144 0.654 55.000 
798.384 376.303 0.655 55.000 
798.344 376.422 0.655 55.000 
798.304 376.542 0.655 55.000 
798.224 376.661 0.656 56.000 
798.144 376.741 0.656 56.000 
798.104 376.860 0.657 56.000 
798.063 376.980 0.658 56.000 
798.023 377.059 0.658 56.000 
797.983 377.179 0.659 56.000 
797.943 377.258 0.659 57.000 
797.903 377.378 0.659 57.000 
797.863 377.457 0.660 57.000 
797.823 377.577 0.660 57.000 
797.783 377.696 0.661 57.000 
797.743 377.816 0.662 57.000 
797.703 377.895 0.662 57.000 
797.623 378.015 0.662 58.000 
797.623 378.094 0.662 58.000 
797.583 378.214 0.662 58.000 
797.543 378.293 0.663 58.000 
797.543 378.413 0.662 58.000 
797.503 378.492 0.662 58.000 
797.462 378.612 0.663 60.000 
797.462 378.731 0.662 77.000 
797.462 378.811 0.663 77.000 
797.422 378.891 0.663 93.000 
797.382 379.010 0.663 93.000 
797.342 379.129 0.663 109.000 
797.302 379.289 0.663 125.000 
797.222 379.408 0.663 125.000 
797.182 379.527 0.664 125.000 
797.142 379.647 0.664 141.000 
797.102 379.727 0.664 141.000 
797.062 379.846 0.664 157.000 
797.022 379.926 0.664 157.000 
797.022 380.045 0.663 173.000 
796.982 380.164 0.664 173.000 
796.942 380.284 0.664 173.000 
796.901 380.363 0.665 189.000 
796.901 380.483 0.664 189.000 
796.861 380.563 0.664 205.000 
796.821 380.642 0.664 205.000 
796.821 380.722 0.665 205.000 
796.821 380.801 0.665 222.000 
796.781 380.881 0.665 238.000 
796.741 381.000 0.665 238.000 
796.741 381.120 0.665 238.000 
796.701 381.199 0.665 254.000 
796.661 381.319 0.665 254.000 
796.621 381.398 0.666 254.000 
796.581 381.518 0.666 270.000 
796.581 381.637 0.666 287.000 
796.541 381.717 0.666 287.000 
796.501 381.797 0.666 287.000 
796.461 381.916 0.666 303.000 
796.421 381.996 0.667 319.000 
796.421 382.075 0.667 319.000 
796.381 382.155 0.667 319.000 
796.341 382.274 0.668 335.000 
796.341 382.354 0.667 335.000 
796.300 382.433 0.668 335.000 
796.300 382.513 0.668 351.000 
796.260 382.633 0.668 367.000 
796.260 382.712 0.668 367.000 
796.220 382.832 0.668 367.000 
796.220 382.911 0.668 383.000 
796.180 383.031 0.669 383.000 
796.140 383.110 0.669 400.000 
796.140 383.190 0.669 400.000 
796.140 383.309 0.668 400.000 
796.100 383.429 0.669 416.000 
796.100 383.508 0.669 416.000 
796.060 383.588 0.669 432.000 
796.060 383.667 0.669 432.000 
796.020 383.747 0.670 448.000 
796.020 383.827 0.670 448.000 
795.980 383.946 0.670 448.000 
795.900 384.026 0.670 464.000 
795.900 384.105 0.672 480.000 
795.860 384.225 0.671 480.000 
795.820 384.304 0.672 480.000 
795.780 384.384 0.673 496.000 
795.780 384.503 0.673 496.000 
795.740 384.583 0.674 496.000 
795.700 384.663 0.674 513.000 
795.659 384.742 0.673 529.000 
795.659 384.822 0.674 529.000 
795.619 384.941 0.674 529.000 
795.579 385.021 0.674 545.000 
795.579 385.140 0.675 561.000 
795.539 385.220 0.675 561.000 
795.539 385.339 0.676 561.000 
795.499 385.419 0.677 578.000 
795.459 385.539 0.677 578.000 
795.459 385.618 0.678 578.000 
795.419 385.698 0.678 594.000 
795.419 385.817 0.678 594.000 
795.419 385.897 0.678 610.000 
795.419 386.016 0.678 610.000 
795.419 386.096 0.678 626.000 
795.419 386.175 0.679 626.000 
795.419 386.295 0.678 642.000 
795.379 386.414 0.679 642.000 
795.379 386.494 0.679 642.000 
795.339 386.613 0.679 658.000 
795.339 386.733 0.680 674.000 
795.299 386.852 0.680 674.000 
795.299 386.972 0.680 674.000 
795.299 387.091 0.680 690.000 
795.299 387.210 0.680 690.000 
795.299 387.330 0.680 690.000 
795.299 387.449 0.680 706.000 
795.299 387.569 0.680 722.000 
795.299 387.688 0.680 722.000 
795.299 387.768 0.681 722.000 
795.299 387.887 0.680 739.000 
795.299 388.007 0.680 739.000 
795.299 388.166 0.681 755.000 
795.299 388.285 0.681 755.000 
795.299 388.405 0.681 755.000 
795.299 388.524 0.681 771.000 
795.299 388.644 0.681 787.000 
795.299 388.763 0.681 787.000 
795.299 388.843 0.681 787.000 
795.299 388.962 0.682 803.000 
795.299 389.042 0.682 803.000 
795.299 389.161 0.682 803.000 
795.339 389.241 0.683 819.000 
795.339 389.360 0.683 836.000 
795.379 389.480 0.683 836.000 
795.379 389.599 0.684 836.000 
795.419 389.718 0.684 852.000 
795.419 389.798 0.684 868.000 
795.459 389.917 0.685 868.000 
795.459 389.997 0.685 868.000 
795.459 390.117 0.685 884.000 
795.499 390.196 0.686 884.000 
795.499 390.316 0.686 884.000 
795.499 390.435 0.686 900.000 
795.539 390.554 0.687 917.000 
795.539 390.674 0.686 917.000 
795.539 390.753 0.687 917.000 
795.579 390.873 0.688 933.000 
795.579 390.992 0.688 933.000 
795.579 391.112 0.688 949.000 
795.579 391.231 0.690 949.000 
795.579 391.351 0.691 949.000 
795.619 391.470 0.691 965.000 
795.619 391.589 0.692 965.000 
795.619 391.709 0.692 981.000 
795.659 391.788 0.692 981.000 
795.700 391.908 0.693 997.000 
795.740 391.987 0.692 997.000 
795.780 392.067 0.693 997.000 
795.820 392.186 0.694 1014.000 
795.900 392.266 0.694 1030.000 
795.940 392.425 0.695 1030.000 
795.980 392.505 0.695 1030.000 
796.060 392.664 0.696 1046.000 
796.100 392.784 0.696 1046.000 
796.220 392.943 0.696 1046.000 
796.260 393.022 0.696 1062.000 
796.381 393.142 0.696 1079.000 
796.461 393.222 0.695 1079.000 
796.541 393.341 0.696 1079.000 
796.621 393.421 0.696 1095.000 
796.701 393.500 0.697 1095.000 
796.781 393.540 0.697 1111.000 
796.901 393.620 0.697 1111.000 
796.982 393.659 0.697 1127.000 
797.062 393.739 0.698 1127.000 
797.182 393.819 0.697 1127.000 
797.262 393.898 0.698 1144.000 
797.382 393.978 0.698 1144.000 
797.503 394.018 0.698 1160.000 
797.583 394.097 0.699 1160.000 
797.703 394.177 0.699 1160.000 
797.783 394.217 0.699 1176.000 
797.863 394.296 0.699 1192.000 
797.943 394.336 0.700 1192.000 
798.023 394.376 0.699 1192.000 
798.104 394.456 0.700 1208.000 
798.224 394.495 0.700 1224.000 
798.304 394.575 0.700 1224.000 
798.424 394.615 0.700 1224.000 
798.544 394.655 0.700 1240.000 
798.664 394.694 0.700 1240.000 
798.785 394.734 0.701 1240.000 
798.865 394.774 0.700 1257.000 
798.985 394.814 0.701 1273.000 
799.105 394.854 0.701 1273.000 
799.185 394.893 0.701 1273.000 
799.305 394.893 0.702 1289.000 
799.426 394.933 0.702 1289.000 
799.546 394.973 0.702 1305.000 
799.706 395.013 0.702 1305.000 
799.866 395.053 0.703 1305.000 
799.987 395.093 0.702 1321.000 
800.067 395.132 0.703 1321.000 
800.187 395.212 0.703 1337.000 
800.307 395.292 0.703 1337.000 
800.427 395.331 0.703 1354.000 
800.548 395.371 0.703 1354.000 
800.668 395.411 0.704 1354.000 
800.828 395.451 0.704 1370.000 
800.948 395.491 0.704 1386.000 
801.068 395.530 0.704 1386.000 
801.189 395.530 0.704 1386.000 
801.309 395.570 0.704 1402.000 
801.469 395.690 0.704 1402.000 
801.549 395.690 0.704 1402.000 
801.709 395.690 0.704 1419.000 
801.790 395.729 0.706 1435.000 
801.910 395.729 0.706 1435.000 
802.030 395.729 0.705 1435.000 
802.150 395.769 0.706 1451.000 
802.270 395.769 0.706 1467.000 
802.431 395.809 0.705 1467.000 
802.551 395.809 0.706 1467.000 
802.671 395.849 0.706 1483.000 
802.831 395.849 0.705 1483.000 
802.952 395.849 0.707 1483.000 
803.072 395.849 0.706 1499.000 
803.192 395.849 0.706 1515.000 
803.312 395.849 0.707 1515.000 
803.432 395.889 0.706 1515.000 
803.513 395.889 0.707 1532.000 
803.673 395.889 0.706 1532.000 
803.793 395.928 0.707 1548.000 
803.913 395.928 0.707 1548.000 
804.033 395.968 0.707 1548.000 
804.154 395.968 0.706 1564.000 
804.234 395.968 0.706 1564.000 
804.354 395.968 0.706 1580.000 
804.434 395.968 0.707 1580.000 
804.554 395.968 0.707 1596.000 
804.674 395.928 0.706 1596.000 
804.795 395.928 0.707 1596.000 
804.915 395.889 0.708 1612.000 
805.035 395.889 0.708 1629.000 
805.155 395.889 0.708 1629.000 
805.235 395.889 0.708 1629.000 
805.316 395.889 0.708 1645.000 
805.436 395.889 0.708 1645.000 
805.556 395.889 0.708 1645.000 
805.636 395.889 0.708 1661.000 
805.756 395.889 0.709 1677.000 
805.836 395.889 0.708 1677.000 
805.957 395.889 0.709 1677.000 
806.077 395.849 0.709 1693.000 
806.197 395.849 0.709 1709.000 
806.317 395.849 0.708 1709.000 
806.397 395.849 0.709 1709.000 
806.518 395.849 0.708 1725.000 
806.638 395.849 0.709 1725.000 
806.758 395.849 0.709 1725.000 
806.838 395.849 0.709 1742.000 
806.958 395.849 0.709 1742.000 
807.078 395.849 0.709 1758.000 
807.199 395.889 0.709 1758.000 
807.319 395.889 0.709 1774.000 
807.479 395.889 0.709 1774.000 
807.599 395.849 0.709 1790.000 
807.720 395.849 0.710 1790.000 
807.840 395.849 0.709 1790.000 
807.960 395.809 0.710 1806.000 
808.080 395.769 0.710 1806.000 
808.200 395.729 0.709 1822.000 
808.320 395.690 0.709 1822.000 
808.441 395.690 0.709 1838.000 
808.561 395.650 0.709 1838.000 
808.681 395.610 0.710 1838.000 
808.801 395.570 0.710 1855.000 
808.922 395.530 0.710 1871.000 
809.082 395.491 0.710 1871.000 
809.202 395.451 0.710 1871.000 
809.322 395.411 0.710 1887.000 
809.442 395.371 0.710 1887.000 
809.603 395.292 0.710 1887.000 
809.723 395.252 0.710 1903.000 
809.843 395.132 0.710 1919.000 
809.963 395.053 0.710 1919.000 
810.083 395.013 0.710 1919.000 
810.204 394.973 0.710 1935.000 
810.324 394.893 0.710 1935.000 
810.444 394.854 0.711 1951.000 
810.564 394.774 0.711 1951.000 
810.684 394.734 0.711 1951.000 
810.845 394.694 0.711 1968.000 
810.965 394.655 0.711 1968.000 
811.085 394.575 0.711 1984.000 
811.205 394.535 0.711 1984.000 
811.285 394.495 0.711 2000.000 
811.406 394.456 0.712 2000.000 
811.526 394.416 0.712 2000.000 
811.646 394.336 0.711 2016.000 
811.766 394.296 0.711 2032.000 
811.846 394.217 0.712 2032.000 
812.007 394.137 0.711 2032.000 
812.127 394.058 0.712 2048.000 
812.247 393.978 0.712 2048.000 
812.367 393.898 0.711 2048.000 
812.487 393.819 0.711 2064.000 
812.608 393.699 0.712 2081.000 
812.728 393.620 0.712 2081.000 
812.808 393.540 0.712 2081.000 
812.928 393.460 0.712 2097.000 
813.008 393.421 0.712 2113.000 
813.088 393.341 0.713 2113.000 
813.169 393.301 0.713 2113.000 
813.249 393.261 0.713 2129.000 
813.329 393.182 0.713 2129.000 
813.409 393.142 0.713 2146.000 
813.489 393.102 0.713 2146.000 
813.569 393.022 0.713 2146.000 
813.649 392.983 0.712 2162.000 
813.730 392.903 0.713 2162.000 
813.810 392.823 0.713 2178.000 
813.970 392.704 0.712 2178.000 
814.050 392.624 0.713 2194.000 
814.130 392.545 0.713 2194.000 
814.210 392.465 0.713 2194.000 
814.291 392.385 0.713 2210.000 
814.411 392.346 0.713 2226.000 
814.491 392.266 0.713 2226.000 
814.571 392.226 0.713 2226.000 
814.651 392.186 0.713 2242.000 
814.691 392.147 0.713 2242.000 
814.771 392.107 0.713 2242.000 
814.811 392.067 0.713 2258.000 
814.851 392.027 0.713 2275.000 
814.891 391.987 0.713 2275.000 
814.972 391.948 0.713 2275.000 
815.012 391.908 0.713 2291.000 
815.052 391.908 0.713 2307.000 
815.092 391.868 0.713 2307.000 
815.132 391.828 0.713 2307.000 
815.172 391.828 0.713 2323.000 
815.212 391.788 0.713 2323.000 
815.252 391.749 0.714 2323.000 
815.292 391.709 0.713 2340.000 
815.372 391.669 0.713 2340.000 
815.412 391.629 0.714 2356.000 
815.492 391.589 0.713 2356.000 
815.533 391.550 0.713 2372.000 
815.613 391.510 0.713 2372.000 
815.693 391.430 0.713 2388.000 
815.733 391.351 0.713 2388.000 
815.813 391.271 0.713 2388.000 
815.853 391.191 0.713 2404.000 
815.893 391.112 0.713 2404.000 
815.973 391.032 0.714 2420.000 
816.013 390.992 0.714 2420.000 
816.013 390.952 0.714 2436.000 
816.053 390.873 0.714 2436.000 
816.094 390.833 0.714 2436.000 
816.134 390.793 0.715 2453.000 
816.174 390.753 0.714 2469.000 
816.214 390.714 0.714 2469.000 
816.254 390.674 0.714 2469.000 
816.294 390.634 0.714 2485.000 
816.334 390.594 0.715 2485.000 
816.414 390.515 0.714 2485.000 
816.454 390.475 0.714 2501.000 
816.494 390.395 0.715 2518.000 
816.534 390.276 0.714 2518.000 
816.574 390.196 0.715 2518.000 
816.654 390.117 0.715 2534.000 
816.735 390.037 0.715 2534.000 
816.775 389.957 0.715 2550.000 
816.815 389.878 0.715 2550.000 
816.895 389.758 0.714 2566.000 
816.935 389.639 0.715 2566.000 
817.015 389.559 0.715 2566.000 
817.055 389.480 0.715 2582.000 
817.135 389.360 0.715 2582.000 
817.175 389.280 0.715 2598.000 
817.215 389.201 0.715 2598.000 
817.295 389.121 0.715 2598.000 
817.336 389.042 0.715 2615.000 
817.376 388.922 0.715 2631.000 
817.456 388.843 0.716 2631.000 
817.536 388.723 0.715 2631.000 
817.623 388.683 0.716 2647.000 
817.696 388.564 0.716 2647.000 
817.786 388.405 0.715 2647.000 
817.856 388.245 0.716 2663.000 
817.937 388.126 0.716 2679.000 
818.037 387.967 0.716 2679.000 
818.157 387.768 0.716 2679.000 
818.217 387.648 0.716 2695.000 

% x_coordinate y_coordinate pressure time
% shape 1, 1303 points
827.993 362.490 0.063 0.000 
828.033 362.410 0.117 17.000 
828.073 362.370 0.159 17.000 
828.114 362.290 0.193 33.000 
828.194 362.211 0.218 33.000 
828.234 362.171 0.241 33.000 
828.274 362.091 0.259 49.000 
828.274 362.052 0.277 65.000 
828.314 361.972 0.294 65.000 
828.314 361.892 0.312 65.000 
828.314 361.813 0.328 81.000 
828.314 361.693 0.345 81.000 
828.314 361.693 0.357 81.000 
828.314 361.494 0.369 97.000 
828.354 361.375 0.377 113.000 
828.394 361.176 0.386 113.000 
828.434 361.017 0.396 113.000 
828.474 360.897 0.404 129.000 
828.554 360.738 0.412 129.000 
828.594 360.618 0.418 146.000 
828.594 360.539 0.425 146.000 
828.634 360.459 0.431 162.000 
828.634 360.380 0.438 162.000 
828.634 360.340 0.447 162.000 
828.634 360.300 0.456 178.000 
828.634 360.260 0.464 178.000 
828.634 360.260 0.470 194.000 
828.634 360.220 0.475 194.000 
828.634 360.220 0.479 194.000 
828.634 360.101 0.482 210.000 
828.634 360.101 0.484 227.000 
828.634 360.101 0.485 227.000 
828.634 360.141 0.485 227.000 
828.634 360.220 0.484 243.000 
828.634 360.300 0.484 259.000 
828.634 360.340 0.489 259.000 
828.634 360.499 0.489 259.000 
828.594 360.658 0.490 275.000 
828.514 360.857 0.492 275.000 
828.434 361.056 0.493 275.000 
828.394 361.255 0.494 291.000 
828.314 361.454 0.496 307.000 
828.234 361.733 0.498 307.000 
828.114 361.972 0.500 308.000 
828.033 362.211 0.502 323.000 
827.913 362.450 0.506 323.000 
827.833 362.728 0.510 340.000 
827.713 363.007 0.513 340.000 
827.633 363.286 0.517 340.000 
827.553 363.564 0.522 356.000 
827.513 363.883 0.526 356.000 
827.432 364.201 0.529 372.000 
827.392 364.480 0.531 372.000 
827.392 364.719 0.534 388.000 
827.352 364.958 0.535 388.000 
827.312 365.196 0.537 388.000 
827.272 365.356 0.539 404.000 
827.232 365.555 0.541 420.000 
827.192 365.714 0.542 420.000 
827.112 365.873 0.543 420.000 
827.032 366.032 0.546 437.000 
826.992 366.192 0.547 437.000 
826.952 366.391 0.549 437.000 
826.871 366.590 0.553 453.000 
826.791 366.789 0.554 469.000 
826.711 366.948 0.556 469.000 
826.671 367.147 0.559 469.000 
826.591 367.306 0.560 485.000 
826.511 367.466 0.563 485.000 
826.431 367.665 0.565 501.000 
826.351 367.864 0.567 501.000 
826.270 368.023 0.570 501.000 
826.190 368.222 0.571 517.000 
826.110 368.421 0.572 517.000 
826.030 368.580 0.574 534.000 
825.950 368.779 0.574 534.000 
825.870 369.018 0.574 550.000 
825.790 369.177 0.575 550.000 
825.710 369.376 0.575 550.000 
825.669 369.575 0.576 566.000 
825.629 369.774 0.576 582.000 
825.589 369.973 0.577 582.000 
825.509 370.172 0.577 582.000 
825.469 370.411 0.577 598.000 
825.389 370.610 0.578 598.000 
825.349 370.849 0.578 598.000 
825.269 371.048 0.579 614.000 
825.189 371.327 0.579 630.000 
825.149 371.566 0.580 630.000 
825.109 371.765 0.580 630.000 
825.068 371.964 0.580 647.000 
825.028 372.123 0.580 663.000 
824.988 372.282 0.581 663.000 
824.988 372.442 0.580 663.000 
824.948 372.561 0.581 679.000 
824.908 372.720 0.582 679.000 
824.868 372.840 0.581 679.000 
824.788 372.999 0.582 695.000 
824.748 373.118 0.582 711.000 
824.668 373.278 0.584 711.000 
824.628 373.437 0.584 711.000 
824.548 373.596 0.584 728.000 
824.508 373.755 0.586 728.000 
824.427 373.914 0.586 744.000 
824.347 374.114 0.587 744.000 
824.307 374.273 0.587 744.000 
824.227 374.432 0.589 760.000 
824.147 374.631 0.589 760.000 
824.107 374.790 0.590 776.000 
824.067 374.950 0.591 776.000 
824.027 375.109 0.590 792.000 
823.987 375.268 0.591 792.000 
823.987 375.427 0.591 792.000 
823.947 375.547 0.592 808.000 
823.906 375.706 0.592 824.000 
823.906 375.825 0.592 824.000 
823.866 375.985 0.593 824.000 
823.826 376.104 0.592 840.000 
823.786 376.223 0.593 856.000 
823.746 376.383 0.594 856.000 
823.706 376.502 0.595 856.000 
823.626 376.621 0.596 872.000 
823.546 376.741 0.597 872.000 
823.466 376.900 0.597 889.000 
823.346 377.059 0.597 889.000 
823.265 377.179 0.598 889.000 
823.185 377.338 0.597 905.000 
823.105 377.497 0.598 905.000 
823.025 377.617 0.598 905.000 
822.985 377.776 0.598 921.000 
822.905 377.935 0.598 937.000 
822.825 378.055 0.599 937.000 
822.785 378.214 0.598 937.000 
822.745 378.413 0.598 953.000 
822.664 378.572 0.599 969.000 
822.584 378.731 0.599 969.000 
822.544 378.930 0.599 969.000 
822.464 379.090 0.599 986.000 
822.344 379.289 0.600 986.000 
822.264 379.488 0.600 986.000 
822.144 379.687 0.600 1002.000 
822.063 379.926 0.600 1002.000 
821.943 380.125 0.600 1018.000 
821.863 380.363 0.600 1018.000 
821.783 380.563 0.600 1034.000 
821.703 380.762 0.601 1034.000 
821.623 380.921 0.600 1050.000 
821.583 381.040 0.600 1050.000 
821.543 381.160 0.600 1050.000 
821.503 381.279 0.600 1066.000 
821.462 381.359 0.600 1066.000 
821.422 381.518 0.600 1066.000 
821.382 381.597 0.601 1083.000 
821.302 381.757 0.601 1099.000 
821.262 381.876 0.601 1099.000 
821.222 381.996 0.601 1099.000 
821.142 382.115 0.601 1115.000 
821.062 382.234 0.601 1131.000 
821.022 382.394 0.601 1131.000 
820.982 382.553 0.601 1131.000 
820.901 382.712 0.601 1147.000 
820.821 382.832 0.602 1147.000 
820.781 382.991 0.601 1147.000 
820.701 383.190 0.602 1164.000 
820.661 383.349 0.602 1180.000 
820.621 383.468 0.602 1180.000 
820.541 383.588 0.603 1180.000 
820.501 383.747 0.603 1196.000 
820.461 383.867 0.603 1196.000 
820.381 383.986 0.604 1212.000 
820.341 384.105 0.605 1212.000 
820.300 384.225 0.606 1228.000 
820.260 384.384 0.608 1228.000 
820.180 384.503 0.609 1228.000 
820.140 384.623 0.610 1245.000 
820.060 384.782 0.611 1245.000 
819.980 384.902 0.611 1261.000 
819.900 385.061 0.612 1261.000 
819.860 385.180 0.612 1277.000 
819.780 385.339 0.613 1277.000 
819.699 385.459 0.613 1293.000 
819.619 385.618 0.615 1293.000 
819.579 385.738 0.616 1293.000 
819.499 385.857 0.617 1309.000 
819.459 385.976 0.618 1309.000 
819.419 386.096 0.618 1309.000 
819.339 386.215 0.619 1325.000 
819.299 386.295 0.620 1341.000 
819.259 386.454 0.621 1341.000 
819.139 386.574 0.623 1341.000 
819.099 386.693 0.624 1358.000 
819.018 386.812 0.625 1374.000 
818.938 386.932 0.627 1374.000 
818.858 387.091 0.628 1374.000 
818.818 387.250 0.629 1390.000 
818.738 387.370 0.630 1390.000 
818.698 387.529 0.630 1390.000 
818.618 387.648 0.631 1406.000 
818.578 387.768 0.632 1422.000 
818.538 387.887 0.632 1422.000 
818.497 388.046 0.633 1422.000 
818.457 388.166 0.634 1438.000 
818.417 388.285 0.635 1438.000 
818.377 388.405 0.636 1454.000 
818.337 388.524 0.638 1454.000 
818.257 388.644 0.639 1471.000 
818.217 388.803 0.641 1471.000 
818.177 388.922 0.641 1471.000 
818.137 389.002 0.642 1487.000 
818.057 389.121 0.643 1487.000 
818.017 389.241 0.643 1503.000 
817.937 389.400 0.644 1503.000 
817.896 389.519 0.644 1519.000 
817.856 389.679 0.644 1519.000 
817.776 389.798 0.645 1535.000 
817.736 389.957 0.645 1535.000 
817.696 390.077 0.645 1535.000 
817.616 390.236 0.646 1552.000 
817.576 390.395 0.646 1552.000 
817.536 390.515 0.646 1552.000 
817.496 390.634 0.647 1568.000 
817.456 390.753 0.647 1584.000 
817.416 390.833 0.647 1584.000 
817.336 390.952 0.648 1584.000 
817.295 391.072 0.648 1600.000 
817.255 391.231 0.648 1617.000 
817.215 391.351 0.649 1617.000 
817.135 391.470 0.649 1617.000 
817.095 391.629 0.650 1633.000 
817.055 391.749 0.650 1633.000 
816.975 391.908 0.649 1633.000 
816.935 392.067 0.650 1649.000 
816.895 392.226 0.650 1665.000 
816.855 392.385 0.650 1665.000 
816.815 392.545 0.651 1665.000 
816.775 392.744 0.651 1682.000 
816.695 392.863 0.651 1682.000 
816.654 393.022 0.651 1698.000 
816.614 393.142 0.651 1698.000 
816.574 393.261 0.651 1698.000 
816.494 393.381 0.651 1714.000 
816.454 393.500 0.651 1714.000 
816.414 393.620 0.651 1714.000 
816.374 393.739 0.652 1730.000 
816.334 393.859 0.651 1746.000 
816.294 393.978 0.652 1746.000 
816.254 394.097 0.652 1746.000 
816.214 394.257 0.652 1763.000 
816.174 394.376 0.652 1779.000 
816.134 394.535 0.652 1779.000 
816.053 394.655 0.652 1779.000 
816.013 394.814 0.652 1795.000 
815.973 394.933 0.652 1795.000 
815.933 395.053 0.652 1795.000 
815.893 395.212 0.652 1811.000 
815.853 395.331 0.652 1827.000 
815.813 395.451 0.652 1827.000 
815.773 395.570 0.652 1827.000 
815.733 395.650 0.652 1843.000 
815.693 395.769 0.653 1843.000 
815.653 395.889 0.652 1859.000 
815.613 396.008 0.652 1859.000 
815.573 396.128 0.653 1875.000 
815.533 396.247 0.653 1875.000 
815.492 396.366 0.652 1875.000 
815.452 396.486 0.653 1892.000 
815.412 396.605 0.652 1892.000 
815.332 396.725 0.653 1908.000 
815.292 396.844 0.653 1908.000 
815.212 396.964 0.653 1908.000 
815.172 397.123 0.653 1924.000 
815.172 397.242 0.654 1940.000 
815.092 397.362 0.654 1940.000 
815.092 397.561 0.654 1940.000 
815.052 397.680 0.655 1956.000 
815.012 397.799 0.654 1956.000 
814.972 397.959 0.655 1956.000 
814.972 398.078 0.654 1972.000 
814.932 398.237 0.655 1989.000 
814.932 398.357 0.655 1989.000 
814.891 398.476 0.655 1989.000 
814.891 398.596 0.655 2005.000 
814.851 398.715 0.655 2021.000 
814.851 398.835 0.655 2021.000 
814.811 398.954 0.655 2021.000 
814.771 399.073 0.656 2037.000 
814.731 399.193 0.656 2037.000 
814.691 399.272 0.656 2037.000 
814.651 399.392 0.656 2053.000 
814.611 399.511 0.656 2070.000 
814.571 399.631 0.656 2070.000 
814.531 399.710 0.656 2070.000 
814.491 399.830 0.656 2086.000 
814.451 399.989 0.657 2086.000 
814.411 400.108 0.657 2102.000 
814.371 400.228 0.657 2102.000 
814.371 400.347 0.657 2118.000 
814.331 400.467 0.657 2118.000 
814.291 400.546 0.658 2118.000 
814.291 400.666 0.658 2134.000 
814.250 400.745 0.658 2134.000 
814.210 400.865 0.658 2150.000 
814.170 400.944 0.658 2150.000 
814.170 401.064 0.658 2166.000 
814.090 401.183 0.659 2166.000 
814.050 401.303 0.659 2182.000 
814.010 401.382 0.659 2182.000 
813.970 401.502 0.659 2182.000 
813.930 401.581 0.659 2198.000 
813.850 401.701 0.659 2214.000 
813.850 401.820 0.659 2214.000 
813.810 401.900 0.659 2214.000 
813.770 402.019 0.659 2231.000 
813.730 402.139 0.660 2231.000 
813.690 402.258 0.659 2231.000 
813.649 402.377 0.660 2247.000 
813.609 402.497 0.660 2247.000 
813.609 402.616 0.659 2263.000 
813.569 402.736 0.660 2263.000 
813.489 402.815 0.660 2279.000 
813.449 402.975 0.659 2279.000 
813.409 403.094 0.660 2295.000 
813.369 403.213 0.660 2295.000 
813.289 403.373 0.660 2295.000 
813.249 403.492 0.661 2311.000 
813.209 403.651 0.660 2311.000 
813.169 403.771 0.660 2311.000 
813.129 403.930 0.661 2328.000 
813.088 404.049 0.661 2344.000 
813.008 404.209 0.661 2344.000 
812.968 404.328 0.661 2344.000 
812.928 404.487 0.661 2360.000 
812.888 404.607 0.661 2376.000 
812.808 404.806 0.661 2376.000 
812.768 404.925 0.661 2376.000 
812.728 405.045 0.662 2392.000 
812.688 405.204 0.661 2392.000 
812.608 405.323 0.662 2392.000 
812.568 405.482 0.662 2408.000 
812.528 405.602 0.662 2425.000 
812.447 405.761 0.662 2425.000 
812.447 405.881 0.662 2425.000 
812.407 406.000 0.662 2441.000 
812.367 406.159 0.662 2441.000 
812.327 406.318 0.662 2457.000 
812.327 406.438 0.662 2457.000 
812.287 406.597 0.662 2473.000 
812.247 406.756 0.662 2473.000 
812.207 406.916 0.662 2489.000 
812.127 407.035 0.663 2489.000 
812.087 407.234 0.663 2489.000 
812.007 407.393 0.663 2505.000 
811.967 407.592 0.663 2505.000 
811.886 407.752 0.663 2505.000 
811.806 407.911 0.663 2522.000 
811.766 408.070 0.663 2538.000 
811.726 408.229 0.663 2538.000 
811.686 408.349 0.663 2538.000 
811.606 408.468 0.664 2554.000 
811.566 408.588 0.663 2570.000 
811.526 408.707 0.664 2570.000 
811.486 408.826 0.664 2570.000 
811.446 408.906 0.664 2586.000 
811.446 409.025 0.664 2586.000 
811.406 409.145 0.664 2586.000 
811.366 409.264 0.664 2602.000 
811.326 409.384 0.664 2602.000 
811.245 409.503 0.664 2618.000 
811.205 409.662 0.664 2618.000 
811.165 409.782 0.664 2618.000 
811.125 409.941 0.664 2634.000 
811.085 410.060 0.664 2651.000 
811.005 410.180 0.665 2651.000 
810.965 410.339 0.664 2651.000 
810.885 410.458 0.664 2667.000 
810.805 410.618 0.664 2683.000 
810.765 410.777 0.664 2683.000 
810.684 410.896 0.665 2683.000 
810.644 411.056 0.665 2699.000 
810.564 411.215 0.664 2699.000 
810.524 411.374 0.665 2699.000 
810.484 411.533 0.664 2716.000 
810.444 411.653 0.664 2732.000 
810.404 411.812 0.664 2732.000 
810.324 411.931 0.665 2732.000 
810.284 412.091 0.665 2748.000 
810.244 412.250 0.665 2748.000 
810.204 412.369 0.665 2764.000 
810.124 412.489 0.665 2764.000 
810.083 412.648 0.665 2780.000 
810.043 412.807 0.665 2780.000 
810.003 412.927 0.665 2780.000 
809.963 413.086 0.665 2796.000 
809.923 413.205 0.665 2796.000 
809.883 413.365 0.665 2812.000 
809.843 413.484 0.665 2812.000 
809.763 413.643 0.665 2812.000 
809.683 413.763 0.665 2829.000 
809.643 413.882 0.665 2845.000 
809.603 414.041 0.665 2845.000 
809.563 414.161 0.665 2845.000 
809.482 414.280 0.665 2861.000 
809.442 414.479 0.665 2877.000 
809.402 414.599 0.665 2877.000 
809.322 414.758 0.665 2877.000 
809.282 414.877 0.665 2893.000 
809.242 414.997 0.666 2893.000 
809.202 415.116 0.665 2893.000 
809.162 415.235 0.666 2910.000 
809.162 415.395 0.665 2910.000 
809.122 415.514 0.665 2926.000 
809.082 415.634 0.666 2926.000 
809.042 415.753 0.665 2926.000 
809.002 415.872 0.666 2942.000 
808.922 415.992 0.666 2958.000 
808.881 416.072 0.665 2958.000 
808.841 416.191 0.666 2958.000 
808.801 416.310 0.665 2974.000 
808.801 416.430 0.666 2990.000 
808.721 416.549 0.666 2990.000 
808.681 416.669 0.666 2990.000 
808.641 416.828 0.666 3006.000 
808.601 416.987 0.666 3006.000 
808.561 417.107 0.666 3006.000 
808.521 417.226 0.666 3023.000 
808.481 417.345 0.666 3039.000 
808.481 417.465 0.666 3039.000 
808.441 417.584 0.666 3039.000 
808.401 417.704 0.666 3055.000 
808.361 417.823 0.665 3055.000 
808.320 417.903 0.666 3071.000 
808.280 418.062 0.666 3071.000 
808.240 418.181 0.665 3071.000 
808.200 418.301 0.666 3087.000 
808.160 418.420 0.666 3087.000 
808.160 418.540 0.666 3103.000 
808.120 418.659 0.666 3103.000 
808.080 418.739 0.666 3119.000 
808.040 418.858 0.665 3119.000 
808.000 418.977 0.666 3119.000 
807.960 419.057 0.665 3136.000 
807.920 419.216 0.666 3152.000 
807.880 419.336 0.666 3152.000 
807.760 419.455 0.666 3152.000 
807.720 419.575 0.667 3168.000 
807.639 419.694 0.667 3168.000 
807.599 419.774 0.666 3168.000 
807.559 419.853 0.667 3184.000 
807.479 419.973 0.667 3201.000 
807.439 420.052 0.666 3201.000 
807.399 420.172 0.667 3201.000 
807.359 420.251 0.667 3217.000 
807.319 420.371 0.667 3217.000 
807.239 420.450 0.667 3233.000 
807.199 420.570 0.667 3233.000 
807.119 420.649 0.667 3249.000 
807.038 420.769 0.667 3249.000 
806.958 420.888 0.668 3265.000 
806.918 421.008 0.668 3265.000 
806.838 421.167 0.668 3265.000 
806.758 421.286 0.668 3281.000 
806.718 421.446 0.668 3281.000 
806.638 421.565 0.668 3281.000 
806.598 421.764 0.667 3297.000 
806.518 421.884 0.668 3313.000 
806.477 422.043 0.668 3313.000 
806.437 422.162 0.668 3313.000 
806.397 422.282 0.668 3329.000 
806.357 422.401 0.668 3345.000 
806.317 422.520 0.667 3345.000 
806.237 422.640 0.668 3345.000 
806.197 422.759 0.668 3362.000 
806.117 422.839 0.667 3362.000 
806.077 422.958 0.668 3362.000 
805.997 423.078 0.667 3378.000 
805.957 423.157 0.668 3394.000 
805.876 423.277 0.668 3394.000 
805.836 423.356 0.668 3394.000 

805.776 423.436 0.668 3410.000 
805.756 423.555 0.669 3410.000 
805.736 423.635 0.667 3426.000 
805.716 423.715 0.668 3426.000 
805.686 423.794 0.668 3442.000 
805.666 423.874 0.669 3442.000 
805.626 423.993 0.669 3442.000

805.596 424.113 0.669 3459
805.570 424.153 0.669 3459
805.554 424.232 0.669 3475
805.533 424.312 0.669 3475
805.515 424.391 0.669 3475
805.478 424.471 0.670 3491
805.411 424.551 0.670 3508
805.400 424.630 0.669 3508
805.375 424.750 0.670 3508
805.327 424.829 0.670 3524
805.270 424.909 0.670 3524
805.220 425.028 0.670 3524
805.197 425.108 0.670 3540
805.164 425.188 0.671 3556
805.142 425.267 0.671 3556
805.125 425.307 0.670 3556
805.111 425.387 0.671 3572
805.097 425.466 0.671 3588
805.082 425.506 0.671 3588
805.068 425.586 0.671 3588
805.051 425.665 0.672 3605
805.042 425.745 0.672 3605
805.000 425.825 0.672 3605
804.943 425.904 0.673 3621
804.923 425.984 0.674 3621

804.893 426.063 0.674 3637
804.833 426.143 0.674 3637
804.713 426.223 0.676 3653
804.633 426.302 0.677 3653
804.553 426.422 0.678 3669
804.513 426.541 0.679 3669
804.432 426.621 0.679 3669
804.352 426.700 0.681 3686
804.312 426.740 0.682 3686
804.192 426.820 0.684 3686
804.152 426.899 0.686 3702
804.032 426.939 0.688 3718
803.992 426.979 0.689 3718
803.871 427.059 0.690 3718
803.791 427.098 0.692 3734
803.711 427.178 0.692 3750
803.631 427.218 0.692 3750
803.551 427.297 0.693 3750
803.471 427.377 0.693 3766
803.391 427.457 0.694 3766
803.311 427.536 0.695 3766
803.270 427.616 0.696 3782
803.190 427.656 0.698 3799
803.110 427.735 0.698 3799
803.070 427.775 0.698 3799
803.030 427.815 0.701 3815
802.950 427.855 0.702 3815
802.830 427.855 0.704 3831
802.750 427.895 0.706 3831
802.629 427.934 0.707 3847
802.509 427.974 0.709 3847
802.429 428.054 0.710 3847
802.309 428.094 0.711 3863
802.189 428.173 0.713 3863
802.068 428.213 0.713 3879
801.948 428.293 0.713 3879
801.868 428.332 0.715 3895
801.788 428.412 0.715 3895
801.708 428.452 0.715 3911
801.628 428.531 0.716 3911
801.548 428.571 0.716 3911
801.427 428.651 0.716 3927
801.347 428.731 0.717 3927
801.267 428.770 0.717 3927
801.147 428.850 0.717 3943
801.067 428.930 0.717 3959
800.987 429.009 0.717 3959
800.907 429.049 0.719 3959
800.786 429.089 0.721 3976
800.706 429.129 0.721 3992
800.626 429.168 0.722 3992
800.546 429.208 0.723 3992
800.426 429.248 0.724 4008
800.305 429.288 0.726 4008
800.185 429.328 0.727 4008
800.065 429.407 0.727 4024
799.945 429.447 0.728 4040
799.865 429.487 0.728 4040
799.785 429.527 0.729 4040
799.705 429.567 0.729 4056
799.664 429.606 0.729 4073
799.624 429.646 0.729 4073
799.544 429.646 0.730 4073
799.464 429.686 0.731 4089
799.424 429.726 0.734 4089
799.344 429.845 0.736 4089
799.264 429.845 0.736 4105
799.184 429.885 0.740 4105
799.144 429.885 0.741 4121
799.023 429.885 0.743 4121
798.903 429.925 0.743 4137
798.823 429.925 0.744 4137
798.743 429.965 0.745 4154
798.663 430.004 0.746 4154
798.543 430.044 0.746 4154
798.462 430.084 0.747 4170
798.342 430.124 0.746 4170
798.262 430.164 0.746 4170
798.182 430.164 0.748 4186
798.102 430.164 0.749 4203
798.062 430.164 0.750 4203
797.942 430.164 0.753 4203
797.861 430.164 0.755 4219
797.741 430.124 0.756 4235
797.621 430.124 0.758 4235
797.501 430.124 0.759 4235
797.341 430.124 0.759 4251
797.260 430.164 0.760 4251
797.140 430.164 0.760 4251
797.020 430.203 0.760 4267
796.940 430.243 0.760 4283
796.820 430.243 0.761 4283
796.740 430.283 0.761 4283
796.619 430.323 0.760 4300
796.499 430.323 0.760 4300
796.379 430.323 0.761 4316
796.299 430.363 0.761 4316
796.179 430.363 0.761 4316
796.058 430.363 0.761 4332
795.938 430.363 0.761 4332
795.858 430.363 0.762 4348
795.738 430.363 0.763 4348
795.618 430.363 0.763 4364
795.538 430.403 0.763 4364
795.417 430.403 0.763 4364
795.337 430.403 0.764 4380
795.217 430.442 0.764 4396
795.137 430.442 0.763 4396
795.017 430.482 0.764 4396
794.896 430.482 0.764 4413
794.816 430.522 0.764 4413
794.736 430.522 0.764 4413
794.656 430.562 0.765 4429
794.576 430.562 0.766 4445
794.456 430.602 0.767 4445
794.376 430.602 0.767 4445
794.255 430.602 0.769 4461
794.175 430.602 0.771 4461
794.055 430.602 0.772 4477
793.935 430.641 0.773 4477
793.815 430.641 0.773 4493
793.654 430.681 0.774 4493
793.534 430.681 0.775 4493
793.414 430.721 0.776 4510
793.294 430.761 0.776 4510
793.174 430.761 0.776 4526
793.053 430.761 0.777 4526
792.933 430.801 0.777 4526
792.813 430.801 0.778 4542
792.733 430.801 0.780 4558
792.613 430.801 0.781 4558
792.492 430.801 0.783 4558
792.412 430.801 0.785 4574
792.252 430.801 0.787 4574
792.132 430.801 0.787 4574
792.012 430.801 0.788 4590
791.932 430.801 0.788 4607
791.811 430.840 0.789 4607
791.731 430.840 0.789 4607
791.611 430.840 0.789 4623
791.571 430.880 0.790 4639
791.491 430.880 0.791 4639
791.411 430.880 0.791 4639
791.331 430.880 0.793 4655
791.210 430.880 0.793 4655
791.130 430.880 0.795 4655
791.010 430.840 0.797 4671
790.930 430.840 0.798 4687
790.850 430.801 0.800 4687
790.730 430.761 0.802 4687
790.609 430.721 0.802 4703
790.529 430.681 0.804 4703
790.409 430.641 0.804 4720
790.289 430.602 0.804 4720
790.209 430.562 0.805 4720
790.089 430.482 0.805 4736
789.968 430.442 0.805 4736
789.848 430.403 0.806 4752
789.728 430.403 0.806 4752
789.648 430.363 0.806 4768
789.528 430.323 0.807 4768
789.407 430.283 0.807 4768
789.327 430.243 0.807 4784
789.207 430.203 0.808 4801
789.087 430.164 0.808 4801
788.967 430.124 0.808 4801
788.886 430.044 0.809 4817
788.766 430.004 0.809 4817
788.646 429.965 0.809 4817
788.526 429.925 0.810 4833
788.406 429.885 0.809 4849
788.285 429.885 0.810 4849
788.165 429.845 0.810 4849
788.085 429.805 0.811 4865
787.965 429.805 0.811 4865
787.845 429.766 0.811 4881
787.765 429.726 0.812 4881
787.685 429.686 0.813 4881
787.604 429.646 0.814 4898
787.524 429.606 0.815 4914
787.484 429.567 0.816 4914
787.404 429.527 0.818 4914
787.364 429.487 0.819 4930
787.324 429.447 0.820 4930
787.244 429.367 0.820 4930
787.204 429.328 0.821 4946
787.124 429.288 0.821 4962
787.043 429.208 0.821 4962
787.003 429.168 0.821 4962
786.923 429.129 0.821 4978
786.803 429.049 0.822 4978
786.723 428.969 0.822 4994
786.643 428.930 0.822 4994
786.563 428.850 0.822 5011
786.442 428.810 0.822 5011
786.362 428.731 0.822 5011
786.282 428.651 0.822 5027
786.202 428.611 0.823 5027
786.122 428.531 0.823 5043
786.002 428.492 0.823 5043
785.962 428.412 0.823 5059
785.881 428.372 0.823 5059
785.801 428.293 0.824 5075
785.721 428.253 0.824 5075
785.681 428.173 0.823 5075
785.601 428.133 0.824 5091
785.561 428.054 0.824 5091
785.521 428.014 0.824 5091
785.481 427.934 0.824 5107
785.441 427.855 0.824 5124
785.361 427.775 0.824 5124
785.280 427.735 0.824 5124
785.160 427.656 0.824 5140
785.080 427.536 0.824 5156
785.040 427.457 0.824 5156
784.960 427.417 0.824 5156
784.920 427.297 0.825 5172
784.840 427.218 0.825 5172
784.800 427.138 0.824 5188
784.760 427.059 0.825 5188
784.720 426.979 0.824 5204
784.679 426.860 0.824 5204
784.639 426.780 0.825 5204
784.639 426.661 0.824 5221
784.599 426.541 0.825 5221
784.559 426.422 0.826 5237
784.519 426.342 0.827 5237
784.479 426.223 0.829 5237
784.439 426.143 0.830 5253
784.399 426.063 0.831 5269
784.399 425.984 0.832 5269
784.359 425.904 0.832 5269
784.319 425.864 0.833 5285
784.279 425.785 0.833 5285
784.279 425.705 0.833 5285
784.239 425.665 0.834 5301
784.199 425.586 0.835 5318
784.199 425.546 0.835 5318
784.119 425.466 0.835 5318
784.078 425.387 0.836 5334
784.038 425.307 0.836 5350
783.998 425.227 0.836 5350
783.958 425.108 0.837 5350
783.918 424.989 0.837 5366
783.878 424.909 0.838 5366
783.838 424.790 0.839 5366
783.798 424.710 0.840 5382
783.758 424.591 0.841 5382
783.758 424.511 0.841 5398
783.718 424.391 0.842 5398
783.678 424.312 0.843 5415
783.678 424.232 0.843 5415
783.638 424.113 0.844 5431
783.638 424.033 0.845 5431
783.638 423.914 0.845 5431
783.598 423.834 0.845 5447
783.598 423.755 0.846 5447
783.558 423.675 0.846 5447
783.558 423.555 0.846 5463
783.518 423.476 0.846 5479
783.518 423.396 0.846 5479
783.477 423.317 0.846 5479
783.477 423.277 0.846 5495
783.477 423.197 0.846 5511
783.477 423.118 0.847 5511
783.477 423.038 0.847 5511
783.437 422.919 0.847 5528
783.437 422.799 0.847 5528
783.437 422.680 0.847 5528
783.397 422.600 0.848 5544
783.397 422.481 0.848 5560
783.357 422.361 0.848 5560
783.317 422.242 0.848 5560
783.317 422.122 0.848 5576
783.237 422.043 0.848 5576
783.237 421.923 0.848 5592
783.197 421.804 0.848 5592
783.197 421.645 0.848 5608
783.237 421.565 0.848 5608
783.237 421.446 0.848 5608
783.237 421.326 0.848 5625
783.237 421.207 0.848 5625
783.237 421.087 0.848 5641
783.237 420.968 0.848 5641
783.237 420.968 0.848 5641
783.237 420.849 0.848 5657
783.237 420.729 0.848 5673
783.237 420.610 0.848 5673
783.237 420.450 0.848 5673
783.237 420.331 0.848 5690
783.237 420.251 0.848 5690
783.237 420.132 0.848 5690
783.237 420.013 0.848 5706
783.237 419.893 0.848 5722
783.237 419.813 0.848 5722
783.237 419.734 0.848 5722
783.237 419.614 0.848 5738
783.237 419.535 0.849 5754
783.237 419.415 0.849 5754
783.277 419.296 0.849 5754
783.277 419.177 0.848 5771
783.317 419.097 0.849 5771
783.317 418.977 0.848 5771
783.357 418.898 0.849 5787
783.397 418.778 0.849 5803
783.437 418.659 0.848 5803
783.437 418.579 0.849 5803
783.518 418.460 0.849 5819
783.558 418.341 0.849 5819
783.598 418.261 0.849 5835
783.638 418.142 0.849 5835
783.678 418.062 0.849 5851
783.758 417.943 0.850 5851
783.758 417.863 0.850 5851
783.838 417.743 0.850 5867
783.878 417.664 0.850 5867
783.958 417.544 0.850 5883
784.038 417.425 0.850 5883
784.119 417.306 0.850 5883
784.199 417.146 0.850 5899
784.279 417.027 0.850 5916
784.399 416.828 0.850 5916
784.479 416.669 0.850 5916
784.599 416.509 0.850 5932
784.679 416.350 0.850 5948
784.800 416.191 0.850 5948
784.920 415.992 0.850 5948
785.000 415.833 0.850 5964
785.160 415.673 0.850 5964
785.240 415.514 0.850 5964
785.321 415.395 0.850 5980
785.441 415.235 0.850 5997
785.521 415.116 0.851 5997
785.641 414.997 0.850 5997
785.721 414.837 0.851 6013
785.841 414.718 0.850 6013
785.962 414.638 0.850 6029
786.042 414.479 0.851 6029
786.162 414.360 0.850 6029
786.282 414.240 0.850 6045
786.362 414.121 0.851 6045
786.482 414.001 0.850 6061
786.603 413.882 0.850 6061
786.723 413.723 0.851 6077
786.843 413.603 0.850 6077
786.963 413.444 0.850 6077
787.083 413.285 0.850 6093
787.244 413.126 0.850 6109
787.364 412.966 0.851 6109
787.484 412.807 0.851 6109
787.604 412.648 0.850 6126
787.765 412.529 0.851 6126
787.845 412.409 0.851 6126
787.925 412.369 0.850 6142
788.005 412.290 0.851 6158
788.045 412.250 0.850 6158
788.125 412.210 0.850 6158
788.165 412.170 0.851 6174
788.245 412.051 0.850 6174
788.366 412.011 0.850 6190
788.446 411.971 0.850 6190
788.566 411.892 0.850 6206
788.686 411.812 0.850 6206
788.846 411.772 0.850 6206
789.007 411.653 0.850 6222
789.167 411.573 0.850 6222
789.367 411.454 0.850 6239
789.528 411.294 0.850 6239
789.728 411.175 0.850 6239
789.888 411.056 0.850 6255
790.089 410.936 0.850 6271
790.249 410.857 0.851 6271
790.409 410.737 0.850 6271
790.609 410.658 0.850 6287
790.730 410.578 0.850 6287
790.930 410.498 0.850 6287
791.090 410.419 0.850 6304
791.250 410.299 0.850 6320
791.371 410.220 0.850 6320
791.531 410.140 0.851 6320
791.691 410.060 0.850 6336
791.851 409.981 0.849 6352
792.012 409.861 0.851 6352
792.212 409.742 0.850 6352
792.412 409.583 0.850 6368
792.613 409.424 0.851 6368
792.813 409.264 0.850 6385
793.053 409.105 0.851 6385
793.254 408.946 0.851 6385
793.454 408.826 0.850 6401
793.654 408.707 0.850 6401
793.815 408.627 0.851 6401
793.975 408.588 0.850 6417
794.135 408.548 0.850 6433
794.296 408.508 0.849 6433
794.456 408.468 0.849 6433
794.656 408.428 0.849 6449
794.856 408.349 0.849 6465
795.057 408.309 0.850 6465
795.297 408.229 0.850 6465
795.538 408.110 0.850 6482
795.778 408.030 0.850 6482
796.058 407.911 0.850 6482
796.299 407.791 0.850 6498
796.579 407.672 0.851 6514
796.820 407.552 0.850 6514
797.060 407.473 0.849 6514
797.341 407.353 0.851 6530
797.541 407.274 0.850 6530
797.741 407.115 0.849 6546
797.982 406.995 0.850 6546
798.182 406.876 0.850 6562
798.382 406.756 0.849 6562
798.583 406.637 0.850 6562
798.783 406.557 0.850 6578
799.023 406.438 0.850 6578
799.264 406.318 0.850 6594
799.464 406.199 0.850 6594
799.705 406.040 0.850 6594
799.985 405.920 0.851 6610
800.225 405.761 0.850 6627
800.546 405.602 0.850 6627
800.826 405.482 0.851 6627
801.067 405.323 0.850 6643
801.347 405.204 0.851 6659
801.668 405.084 0.850 6659
801.948 404.965 0.849 6659
802.269 404.885 0.851 6675
802.549 404.726 0.849 6675
802.870 404.567 0.850 6675
803.150 404.447 0.850 6691
803.391 404.368 0.850 6707
803.631 404.248 0.850 6707
803.871 404.169 0.850 6707
804.072 404.089 0.850 6724
804.232 404.010 0.850 6724
804.432 403.930 0.850 6740
804.593 403.850 0.851 6740
804.753 403.771 0.850 6756
804.873 403.691 0.851 6756
805.033 403.612 0.850 6756
805.194 403.572 0.850 6772
805.314 403.492 0.851 6772
805.434 403.412 0.850 6788
805.594 403.333 0.850 6788
805.755 403.253 0.850 6788
805.915 403.174 0.850 6805
806.075 403.094 0.850 6821
806.275 402.975 0.850 6821
806.436 402.895 0.851 6821
806.596 402.776 0.850 6837
806.716 402.696 0.850 6837
806.876 402.616 0.850 6837
807.037 402.576 0.851 6853
807.117 402.497 0.851 6870
807.237 402.457 0.851 6870
807.357 402.338 0.851 6870
807.477 402.258 0.851 6886
807.598 402.178 0.850 6902
807.718 402.099 0.850 6902
807.878 402.019 0.850 6902
808.038 401.900 0.851 6918
808.199 401.820 0.850 6918
808.319 401.701 0.850 6918
808.519 401.581 0.850 6935
808.679 401.462 0.851 6935
808.840 401.342 0.850 6951
809.000 401.223 0.851 6951
809.160 401.104 0.850 6967
809.320 401.024 0.850 6967
809.441 400.944 0.850 6983
809.521 400.865 0.851 6983
809.641 400.825 0.850 6983
809.721 400.785 0.850 6999
809.841 400.705 0.850 6999
809.922 400.666 0.851 7015
810.082 400.586 0.851 7015
810.202 400.546 0.851 7031
810.322 400.427 0.851 7031
810.442 400.347 0.851 7031
810.603 400.188 0.851 7048
810.763 400.069 0.851 7064
810.923 399.989 0.851 7064
811.083 399.830 0.852 7064
811.244 399.710 0.851 7080
811.364 399.631 0.850 7080
811.484 399.551 0.851 7080
811.604 399.511 0.851 7096
811.724 399.392 0.850 7112
811.845 399.352 0.852 7112
812.005 399.233 0.851 7112
812.125 399.153 0.851 7128
812.245 399.034 0.852 7128
812.406 398.954 0.851 7145
812.566 398.835 0.851 7145
812.686 398.715 0.851 7161
812.846 398.596 0.851 7161
813.087 398.476 0.851 7161
813.247 398.357 0.851 7177
813.407 398.237 0.851 7177
813.608 398.118 0.852 7193
813.808 397.959 0.851 7193
814.008 397.799 0.851 7193
814.169 397.640 0.852 7209
814.409 397.481 0.851 7225
814.569 397.322 0.851 7225
814.770 397.202 0.852 7225
814.970 397.043 0.851 7241
815.170 396.924 0.852 7258
815.371 396.804 0.852 7258
815.571 396.645 0.851 7258
815.771 396.526 0.851 7274
815.972 396.366 0.851 7274
816.212 396.287 0.851 7274
816.372 396.128 0.851 7290
816.613 395.968 0.851 7306
816.813 395.849 0.852 7306
817.013 395.729 0.852 7306
817.214 395.570 0.851 7322
817.374 395.411 0.851 7322
817.574 395.292 0.852 7339
817.735 395.172 0.851 7339
817.895 394.973 0.851 7339
818.095 394.854 0.852 7355
818.255 394.734 0.851 7355
818.456 394.615 0.852 7371
818.656 394.495 0.851 7371
818.856 394.336 0.851 7387
819.017 394.217 0.852 7387
819.217 394.097 0.851 7387
819.417 393.978 0.851 7403
819.578 393.898 0.852 7419
819.738 393.779 0.851 7419
819.898 393.659 0.851 7419
820.058 393.620 0.852 7435
820.219 393.500 0.851 7435
820.419 393.421 0.851 7435
820.579 393.341 0.852 7451
820.740 393.261 0.851 7468
820.940 393.142 0.852 7468
821.100 393.062 0.851 7468
821.260 392.903 0.851 7484
821.461 392.784 0.851 7484
821.661 392.585 0.851 7500
821.861 392.465 0.851 7500
822.022 392.306 0.852 7516
822.262 392.186 0.851 7516
822.422 392.067 0.851 7532
822.543 391.987 0.852 7532
822.703 391.908 0.851 7532
822.823 391.788 0.851 7548
822.983 391.669 0.852 7548
823.144 391.550 0.851 7548
823.304 391.430 0.852 7564
823.464 391.311 0.851 7581
823.624 391.151 0.851 7581
823.825 390.992 0.851 7581
824.025 390.873 0.851 7597
824.225 390.714 0.851 7613
824.386 390.594 0.851 7613
824.586 390.475 0.851 7613
824.746 390.355 0.852 7629
824.906 390.196 0.852 7629
825.027 390.117 0.852 7629
825.227 390.037 0.851 7645
825.347 389.957 0.852 7661
825.508 389.838 0.852 7661
825.668 389.758 0.852 7661
825.828 389.639 0.852 7677
825.988 389.519 0.852 7677
826.109 389.400 0.851 7694
826.229 389.280 0.851 7694
826.349 389.201 0.852 7710
826.429 389.081 0.851 7710
826.549 388.962 0.851 7710
826.669 388.843 0.851 7726
826.750 388.723 0.852 7726
826.870 388.644 0.852 7742
826.950 388.524 0.852 7742
827.070 388.405 0.852 7742
827.150 388.325 0.851 7758
827.270 388.206 0.852 7774
827.351 388.126 0.852 7774
827.471 388.046 0.851 7774
827.551 387.967 0.852 7790
827.631 387.887 0.851 7790
827.751 387.768 0.851 7790
827.831 387.728 0.852 7807
827.911 387.648 0.851 7823
828.032 387.569 0.851 7823
828.152 387.489 0.852 7823
828.272 387.409 0.851 7839
828.432 387.290 0.852 7855
828.553 387.171 0.852 7855
828.673 387.051 0.851 7855
828.833 386.932 0.852 7871
828.953 386.812 0.852 7871
829.114 386.733 0.851 7871
829.234 386.653 0.852 7887
829.354 386.534 0.852 7887
829.474 386.454 0.851 7903
829.594 386.375 0.852 7903
829.715 386.255 0.852 7919
829.835 386.175 0.852 7919
829.995 386.056 0.852 7935
830.115 385.976 0.852 7935
830.275 385.857 0.851 7935
830.436 385.738 0.852 7951
830.596 385.618 0.851 7951
830.716 385.499 0.852 7951
830.876 385.379 0.852 7968
830.997 385.260 0.852 7984
831.157 385.180 0.852 7984
831.317 385.061 0.852 7984
831.477 384.981 0.852 8000
831.598 384.902 0.852 8016
831.758 384.782 0.852 8016
831.878 384.742 0.852 8016
832.038 384.663 0.852 8032
832.159 384.583 0.852 8032
832.279 384.503 0.852 8048
832.399 384.464 0.852 8048
832.519 384.384 0.852 8064
832.639 384.304 0.852 8064
832.760 384.225 0.852 8064
832.920 384.145 0.852 8081
833.040 384.066 0.852 8081
833.160 383.946 0.852 8097
833.321 383.867 0.852 8097
833.441 383.787 0.852 8097
833.601 383.667 0.852 8113
833.721 383.588 0.852 8129
833.881 383.508 0.852 8129
834.002 383.429 0.852 8129
834.202 383.309 0.852 8145
834.322 383.230 0.853 8162
834.442 383.150 0.852 8162
834.603 382.991 0.852 8162
834.723 382.911 0.852 8178
834.883 382.792 0.852 8178
835.003 382.672 0.852 8178
835.164 382.593 0.852 8194
835.324 382.473 0.852 8194
835.444 382.394 0.852 8210
835.604 382.274 0.852 8210
835.725 382.195 0.852 8226
835.885 382.075 0.853 8226
836.045 381.996 0.853 8242
836.165 381.876 0.852 8242
836.285 381.757 0.853 8242
836.446 381.677 0.852 8259
836.566 381.558 0.852 8259
836.646 381.438 0.853 8259
836.766 381.359 0.852 8275
836.886 381.279 0.853 8291
837.007 381.239 0.853 8291
837.127 381.160 0.852 8291
837.327 381.080 0.852 8307
837.487 381.000 0.852 8323
837.608 380.921 0.852 8323
837.728 380.841 0.852 8323
837.888 380.722 0.852 8340
838.008 380.642 0.852 8340
838.129 380.483 0.853 8340
838.249 380.324 0.852 8356
838.409 380.204 0.852 8372
838.529 380.085 0.853 8372
838.690 380.005 0.852 8372
838.850 379.886 0.852 8388
838.970 379.766 0.853 8388
839.090 379.687 0.852 8404
839.210 379.607 0.852 8404
839.371 379.488 0.853 8404
839.491 379.368 0.852 8420
839.651 379.249 0.852 8420
839.811 379.090 0.852 8436
839.972 378.970 0.852 8436
840.172 378.811 0.853 8452
840.332 378.691 0.853 8452
840.492 378.532 0.852 8452
840.693 378.413 0.853 8468
840.853 378.254 0.852 8485
841.013 378.094 0.853 8485
841.174 377.975 0.853 8485
841.334 377.855 0.852 8501
841.454 377.736 0.852 8501
841.574 377.617 0.853 8517
841.654 377.537 0.852 8517
841.775 377.457 0.853 8534
841.855 377.378 0.853 8534
841.975 377.298 0.852 8534
842.095 377.219 0.853 8550
842.175 377.179 0.852 8550
842.296 377.099 0.852 8566
842.456 376.980 0.853 8566
842.616 376.900 0.852 8566
842.736 376.820 0.852 8582
842.937 376.701 0.852 8598
843.137 376.582 0.852 8598
843.297 376.502 0.852 8598
843.457 376.383 0.852 8615
843.578 376.263 0.852 8615
843.698 376.184 0.852 8615
843.818 376.104 0.852 8631
843.938 375.985 0.852 8647
844.018 375.905 0.851 8647
844.099 375.865 0.852 8647
844.219 375.746 0.851 8663
844.299 375.626 0.851 8679
844.419 375.547 0.851 8679
844.539 375.467 0.850 8679
844.659 375.387 0.851 8695
844.780 375.268 0.850 8695
844.940 375.188 0.850 8711
845.060 375.109 0.850 8711
845.220 374.989 0.849 8711
845.341 374.870 0.849 8727
845.501 374.750 0.849 8743
845.621 374.631 0.849 8743
845.741 374.551 0.849 8743
845.821 374.432 0.849 8759
845.942 374.352 0.848 8759
846.062 374.273 0.849 8775
846.142 374.153 0.848 8775
846.222 374.074 0.848 8775
846.302 373.994 0.848 8791
846.422 373.914 0.848 8791
846.503 373.835 0.848 8791
846.583 373.755 0.848 8807
846.703 373.676 0.848 8823
846.783 373.596 0.848 8823
846.863 373.516 0.848 8823
846.943 373.437 0.848 8839
847.023 373.357 0.848 8855
847.144 373.278 0.848 8855
847.224 373.198 0.848 8855
847.304 373.118 0.848 8871
847.384 373.039 0.848 8871
847.464 372.959 0.848 8887
847.544 372.879 0.847 8887
847.624 372.840 0.848 8887
847.705 372.760 0.847 8903
847.745 372.680 0.848 8919
847.865 372.601 0.847 8919
847.905 372.561 0.848 8919
848.025 372.481 0.848 8935
848.105 372.402 0.848 8935
848.185 372.322 0.848 8935
848.225 372.243 0.848 8951
848.305 372.163 0.847 8967
848.386 372.123 0.848 8967
848.426 372.044 0.848 8967
848.506 371.964 0.847 8983
848.586 371.884 0.848 8983
848.666 371.844 0.847 8999
848.746 371.765 0.846 8999
848.826 371.685 0.848 9015
848.987 371.645 0.847 9015
849.067 371.566 0.847 9031
849.147 371.486 0.848 9031
849.227 371.407 0.847 9031
849.307 371.367 0.847 9047
849.387 371.247 0.848 9063
849.467 371.208 0.847 9063
849.508 371.128 0.847 9063
849.548 371.048 0.848 9079
849.628 371.008 0.847 9079
849.668 370.929 0.848 9095
849.708 370.889 0.847 9095
849.748 370.849 0.847 9095
849.788 370.849 0.848 9111
849.828 370.809 0.847 9127
849.868 370.770 0.847 9127
849.908 370.730 0.848 9127
849.908 370.730 0.847 9143
849.948 370.690 0.847 9143
849.988 370.650 0.848 9143
850.028 370.610 0.848 9159
850.068 370.571 0.848 9159
850.149 370.531 0.848 9175
850.229 370.491 0.847 9175
850.269 370.411 0.847 9175
850.349 370.372 0.847 9191
850.389 370.332 0.847 9207
850.389 370.292 0.847 9207
850.389 370.292 0.845 9207
850.389 370.172 0.839 9224
850.389 370.172 0.824 9224
850.389 370.212 0.801 9224
850.389 370.292 0.761 9240
850.389 370.332 0.692 9256
850.389 370.332 0.577 9256
850.309 370.252 0.374 9256

