% x_coordinate y_coordinate pressure time
% shape 0, 475 points

743.547 184.378 0.512 1315.000 
743.547 184.497 0.512 1331.000 
743.547 184.458 0.512 1331.000 
743.547 184.458 0.511 1347.000 
743.547 184.378 0.511 1347.000 
743.547 184.298 0.510 1363.000 
743.547 184.259 0.511 1363.000 
743.707 184.099 0.511 1379.000 
743.827 183.821 0.510 1379.000 
744.028 183.542 0.511 1379.000 
744.228 183.263 0.511 1395.000 
744.468 182.945 0.511 1411.000 
744.789 182.587 0.512 1411.000 
745.029 182.189 0.512 1411.000 
745.350 181.790 0.512 1427.000 
745.670 181.313 0.512 1443.000 
745.951 180.875 0.512 1443.000 
746.271 180.477 0.513 1443.000 
746.552 180.039 0.514 1459.000 
746.872 179.601 0.514 1459.000 
747.193 179.203 0.515 1459.000 
747.473 178.765 0.516 1475.000 
747.754 178.327 0.516 1491.000 
747.994 177.969 0.517 1491.000 
748.275 177.611 0.518 1491.000 
748.475 177.252 0.517 1507.000 
748.755 176.854 0.519 1507.000 
748.996 176.456 0.520 1523.000 
749.276 176.098 0.522 1523.000 
749.517 175.740 0.524 1523.000 
749.797 175.341 0.525 1540.000 
750.038 174.943 0.525 1556.000 
750.278 174.585 0.526 1556.000 
750.558 174.147 0.526 1556.000 
750.799 173.749 0.527 1572.000 
751.079 173.391 0.527 1572.000 
751.360 172.993 0.527 1588.000 
751.600 172.674 0.527 1588.000 
751.881 172.316 0.527 1588.000 
752.121 171.958 0.528 1604.000 
752.401 171.600 0.529 1604.000 
752.602 171.281 0.530 1604.000 
752.842 170.963 0.531 1620.000 
753.043 170.644 0.532 1636.000 
753.283 170.326 0.533 1636.000 
753.563 170.007 0.534 1636.000 
753.804 169.689 0.535 1652.000 
754.084 169.251 0.536 1668.000 
754.365 168.853 0.538 1668.000 
754.725 168.455 0.539 1668.000 
755.006 168.057 0.538 1684.000 
755.286 167.659 0.538 1684.000 
755.607 167.260 0.539 1684.000 
755.887 166.862 0.539 1700.000 
756.208 166.504 0.540 1716.000 
756.488 166.106 0.539 1716.000 
756.809 165.748 0.540 1716.000 
757.049 165.389 0.540 1732.000 
757.370 165.071 0.540 1732.000 
757.650 164.673 0.540 1749.000 
757.851 164.354 0.540 1749.000 
758.091 164.036 0.540 1765.000 
758.291 163.678 0.540 1765.000 
758.532 163.319 0.541 1781.000 
758.812 162.961 0.541 1781.000 
759.053 162.603 0.541 1781.000 
759.333 162.205 0.543 1797.000 
759.573 161.807 0.543 1813.000 
759.894 161.448 0.544 1813.000 
760.134 161.130 0.546 1813.000 
760.335 160.772 0.547 1829.000 
760.615 160.453 0.550 1829.000 
760.856 160.135 0.552 1829.000 
761.096 159.776 0.554 1845.000 
761.336 159.458 0.555 1861.000 
761.577 159.179 0.556 1861.000 
761.777 158.901 0.557 1861.000 
761.977 158.622 0.559 1877.000 
762.218 158.343 0.560 1877.000 
762.458 158.025 0.561 1893.000 
762.699 157.667 0.563 1893.000 
762.899 157.348 0.563 1909.000 
763.139 157.030 0.564 1909.000 
763.340 156.711 0.564 1909.000 
763.580 156.353 0.565 1925.000 
763.820 156.034 0.565 1925.000 
764.021 155.716 0.565 1941.000 
764.261 155.318 0.565 1941.000 
764.502 154.960 0.566 1941.000 
764.742 154.562 0.566 1957.000 
765.023 154.163 0.566 1973.000 
765.263 153.726 0.566 1973.000 
765.543 153.328 0.566 1973.000 
765.784 152.929 0.565 1989.000 
766.024 152.531 0.566 1989.000 
766.305 152.173 0.565 2005.000 
766.545 151.815 0.566 2005.000 
766.785 151.456 0.566 2005.000 
767.066 151.098 0.565 2021.000 
767.346 150.740 0.565 2037.000 
767.547 150.382 0.565 2037.000 
767.787 150.023 0.565 2037.000 
767.987 149.705 0.565 2053.000 
768.228 149.386 0.565 2053.000 
768.428 149.028 0.565 2069.000 
768.669 148.750 0.566 2069.000 
768.909 148.431 0.565 2069.000 
769.109 148.073 0.565 2085.000 
769.390 147.754 0.566 2101.000 
769.590 147.476 0.565 2101.000 
769.871 147.157 0.566 2101.000 
770.111 146.839 0.566 2117.000 
770.351 146.520 0.565 2117.000 
770.552 146.162 0.566 2117.000 
770.752 145.804 0.566 2133.000 
770.992 145.485 0.565 2149.000 
771.153 145.127 0.566 2149.000 
771.393 144.848 0.566 2149.000 
771.594 144.530 0.566 2165.000 
771.794 144.211 0.566 2181.000 
772.034 143.933 0.566 2181.000 
772.315 143.614 0.566 2181.000 
772.555 143.296 0.566 2197.000 
772.755 142.977 0.566 2197.000 
772.996 142.699 0.566 2197.000 
773.196 142.420 0.566 2213.000 
773.356 142.181 0.565 2229.000 
773.557 141.942 0.566 2229.000 
773.717 141.703 0.566 2229.000 
773.877 141.504 0.565 2245.000 
773.997 141.266 0.566 2245.000 
774.158 141.027 0.566 2262.000 
774.278 140.868 0.565 2262.000 
774.438 140.669 0.566 2278.000 
774.599 140.509 0.565 2278.000 
774.719 140.310 0.565 2278.000 
774.959 140.111 0.566 2294.000 
775.079 139.912 0.565 2294.000 
775.240 139.673 0.566 2311.000 
775.400 139.434 0.566 2311.000 
775.560 139.195 0.566 2327.000 
775.720 138.957 0.566 2327.000 
775.881 138.678 0.567 2327.000 
776.041 138.439 0.566 2343.000 
776.201 138.200 0.566 2343.000 
776.361 138.001 0.566 2359.000 
776.562 137.762 0.566 2359.000 
776.722 137.524 0.566 2377.000 
776.962 137.325 0.566 2398.000 
777.123 137.086 0.566 2399.000 
777.323 136.847 0.566 2399.000 
777.563 136.608 0.566 2399.000 
777.724 136.329 0.566 2399.000 
777.884 136.090 0.566 2414.000 
778.084 135.852 0.566 2414.000 
778.245 135.653 0.566 2430.000 
778.405 135.414 0.566 2430.000 
778.565 135.175 0.567 2446.000 
778.725 134.976 0.567 2446.000 
778.886 134.777 0.566 2462.000 
779.046 134.578 0.566 2462.000 
779.166 134.379 0.567 2462.000 
779.366 134.180 0.567 2478.000 
779.487 133.941 0.567 2478.000 
779.687 133.782 0.567 2494.000 
779.847 133.583 0.567 2494.000 
780.048 133.384 0.566 2510.000 
780.208 133.185 0.567 2510.000 
780.408 132.946 0.566 2510.000 
780.568 132.747 0.566 2526.000 
780.689 132.548 0.567 2542.000 
780.809 132.349 0.566 2542.000 
780.929 132.149 0.566 2542.000 
781.009 131.950 0.567 2558.000 
781.089 131.712 0.566 2558.000 
781.169 131.552 0.567 2574.000 
781.330 131.313 0.567 2574.000 
781.450 131.114 0.567 2590.000 
781.610 130.876 0.567 2590.000 
781.770 130.597 0.566 2606.000 
781.971 130.318 0.567 2606.000 
782.171 130.040 0.567 2606.000 
782.411 129.761 0.566 2622.000 
782.612 129.443 0.567 2622.000 
782.812 129.164 0.566 2639.000 
782.972 128.885 0.566 2639.000 
783.133 128.646 0.566 2655.000 
783.333 128.368 0.566 2655.000 
783.493 128.169 0.565 2671.000 
783.654 127.930 0.566 2671.000 
783.814 127.691 0.566 2671.000 
783.934 127.452 0.566 2687.000 
784.094 127.213 0.566 2687.000 
784.215 126.974 0.566 2687.000 
784.375 126.736 0.566 2703.000 
784.535 126.497 0.567 2719.000 
784.655 126.258 0.566 2719.000 
784.856 126.019 0.566 2719.000 
784.976 125.820 0.567 2735.000 
785.136 125.581 0.566 2735.000 
785.296 125.342 0.566 2751.000 
785.457 125.103 0.567 2751.000 
785.617 124.865 0.566 2767.000 
785.777 124.586 0.566 2767.000 
785.937 124.347 0.566 2784.000 
786.058 124.108 0.566 2784.000 
786.218 123.869 0.566 2784.000 
786.378 123.670 0.566 2800.000 
786.498 123.431 0.566 2800.000 
786.699 123.232 0.566 2816.000 
786.819 123.073 0.566 2816.000 
786.979 122.914 0.566 2816.000 
787.099 122.715 0.567 2832.000 
787.219 122.596 0.566 2848.000 
787.420 122.436 0.567 2848.000 
787.540 122.237 0.567 2848.000 
787.700 122.078 0.566 2864.000 
787.861 121.879 0.566 2864.000 
788.021 121.720 0.567 2880.000 
788.181 121.521 0.566 2880.000 
788.341 121.282 0.567 2880.000 
788.502 121.083 0.567 2896.000 
788.662 120.844 0.566 2912.000 
788.822 120.645 0.567 2912.000 
788.942 120.446 0.566 2912.000 
789.103 120.247 0.566 2928.000 
789.223 120.088 0.566 2944.000 
789.303 119.888 0.566 2944.000 
789.423 119.729 0.566 2944.000 
789.543 119.610 0.566 2960.000 
789.624 119.451 0.566 2960.000 
789.704 119.371 0.566 2976.000 
789.784 119.252 0.566 2976.000 
789.904 119.172 0.566 2976.000 
789.984 119.053 0.566 2992.000 
790.064 118.973 0.567 3009.000 
790.144 118.893 0.566 3009.000 
790.225 118.814 0.566 3009.000 
790.305 118.734 0.566 3025.000 
790.385 118.615 0.566 3025.000 
790.505 118.535 0.566 3025.000 
790.585 118.416 0.566 3041.000 
790.705 118.296 0.566 3041.000 
790.826 118.217 0.566 3057.000 
790.906 118.097 0.566 3057.000 
790.986 118.018 0.566 3057.000 
791.106 117.898 0.566 3073.000 
791.146 117.818 0.565 3089.000 
791.226 117.779 0.565 3089.000 
791.306 117.699 0.565 3089.000 
791.346 117.580 0.565 3105.000 
791.427 117.500 0.565 3121.000 
791.507 117.460 0.565 3121.000 
791.547 117.420 0.565 3121.000 
791.587 117.381 0.565 3137.000 
791.667 117.301 0.565 3137.000 
791.707 117.261 0.565 3154.000 
791.747 117.221 0.566 3154.000 
791.827 117.142 0.565 3154.000 
791.867 117.062 0.566 3170.000 
791.907 117.022 0.566 3186.000 
791.947 116.943 0.565 3186.000 
792.028 116.903 0.565 3186.000 
792.068 116.863 0.566 3202.000 
792.108 116.823 0.565 3202.000 
792.148 116.783 0.565 3202.000 
792.188 116.744 0.566 3218.000 
792.228 116.704 0.565 3218.000 
792.228 116.664 0.566 3234.000 
792.268 116.624 0.565 3234.000 
792.268 116.584 0.566 3250.000 
792.308 116.584 0.565 3266.000 
792.308 116.545 0.565 3266.000 
792.308 116.505 0.566 3266.000 
792.348 116.465 0.565 3282.000 
792.388 116.425 0.566 3298.000 
792.388 116.385 0.566 3298.000 
792.428 116.306 0.566 3298.000 
792.468 116.266 0.566 3314.000 
792.589 116.186 0.566 3314.000 
792.589 116.146 0.566 3330.000 
792.629 116.107 0.566 3330.000 
792.669 116.067 0.566 3330.000 
792.709 116.027 0.566 3346.000 
792.709 115.908 0.566 3362.000 
792.709 115.908 0.567 3362.000 
792.709 115.908 0.566 3362.000 
792.709 115.947 0.566 3378.000 
792.709 116.027 0.565 3378.000 

% x_coordinate y_coordinate pressure time
% shape 1, 255 points
768.508 118.694 0.024 0.000 
768.508 118.694 0.036 16.000 
768.508 118.694 0.046 16.000 
768.508 118.694 0.059 32.000 
768.508 118.734 0.068 32.000 
768.468 118.734 0.074 48.000 
768.428 118.734 0.079 48.000 
768.348 118.734 0.082 48.000 
768.308 118.734 0.084 64.000 
768.268 118.734 0.084 64.000 
768.228 118.734 0.085 80.000 
768.148 118.734 0.085 80.000 
768.108 118.774 0.085 96.000 
768.028 118.774 0.085 96.000 
767.947 118.814 0.085 96.000 
767.867 118.814 0.084 112.000 
767.747 118.854 0.080 128.000 
767.667 118.893 0.075 128.000 
767.587 118.933 0.067 128.000 
767.547 118.973 0.066 145.000 
767.467 118.973 0.066 145.000 
767.427 119.013 0.066 161.000 
767.346 119.013 0.066 161.000 
767.266 119.013 0.067 161.000 
767.226 119.013 0.067 177.000 
767.146 119.013 0.068 193.000 
767.106 119.013 0.069 193.000 
766.986 119.013 0.072 193.000 
766.946 119.053 0.077 209.000 
766.866 119.053 0.084 209.000 
766.826 119.053 0.090 209.000 
766.826 119.053 0.099 225.000 
766.785 119.053 0.111 241.000 
766.785 119.053 0.132 241.000 
766.745 119.013 0.156 241.000 
766.745 119.013 0.182 257.000 
766.745 118.973 0.203 257.000 
766.745 118.973 0.222 273.000 
766.745 118.933 0.239 273.000 
766.745 118.933 0.252 273.000 
766.745 118.893 0.269 289.000 
766.745 118.854 0.284 305.000 
766.745 118.854 0.297 305.000 
766.745 118.814 0.310 305.000 
766.745 118.814 0.321 321.000 
766.745 118.774 0.331 337.000 
766.745 118.774 0.342 337.000 
766.745 118.734 0.352 337.000 
766.745 118.694 0.362 353.000 
766.745 118.694 0.370 353.000 
766.745 118.654 0.377 353.000 
766.745 118.575 0.383 369.000 
766.745 118.535 0.388 385.000 
766.745 118.455 0.393 385.000 
766.745 118.416 0.396 385.000 
766.826 118.296 0.400 401.000 
766.906 118.217 0.402 401.000 
766.986 118.097 0.405 417.000 
767.106 118.018 0.408 417.000 
767.186 117.858 0.410 433.000 
767.346 117.739 0.412 433.000 
767.507 117.619 0.413 433.000 
767.587 117.540 0.413 449.000 
767.747 117.420 0.415 449.000 
767.907 117.301 0.416 465.000 
768.028 117.182 0.417 465.000 
768.188 117.062 0.418 465.000 
768.348 116.943 0.419 481.000 
768.508 116.823 0.420 497.000 
768.669 116.823 0.421 497.000 
768.789 116.704 0.422 497.000 
768.949 116.545 0.424 513.000 
769.069 116.425 0.427 529.000 
769.190 116.306 0.429 529.000 
769.310 116.186 0.434 529.000 
769.430 116.067 0.437 545.000 
769.550 115.987 0.440 545.000 
769.670 115.908 0.443 561.000 
769.831 115.828 0.444 561.000 
769.911 115.748 0.445 561.000 
770.071 115.709 0.445 577.000 
770.191 115.669 0.445 577.000 
770.351 115.629 0.446 577.000 
770.472 115.589 0.446 593.000 
770.592 115.510 0.446 609.000 
770.752 115.470 0.446 609.000 
770.872 115.470 0.446 609.000 
770.992 115.430 0.446 625.000 
771.113 115.390 0.446 641.000 
771.233 115.390 0.446 641.000 
771.353 115.350 0.446 641.000 
771.473 115.350 0.446 657.000 
771.634 115.311 0.446 657.000 
771.794 115.271 0.447 673.000 
771.994 115.231 0.447 673.000 
772.154 115.151 0.447 689.000 
772.275 115.112 0.447 689.000 
772.435 115.072 0.447 689.000 
772.555 115.072 0.447 705.000 
772.635 115.072 0.447 705.000 
772.715 115.072 0.447 721.000 
772.795 115.072 0.447 721.000 
772.916 115.072 0.447 737.000 
772.996 115.072 0.447 737.000 
773.116 115.072 0.447 753.000 
773.236 115.072 0.447 753.000 
773.356 115.072 0.447 753.000 
773.477 115.072 0.447 769.000 
773.597 115.112 0.448 769.000 
773.757 115.151 0.448 785.000 
773.917 115.191 0.448 785.000 
774.078 115.191 0.449 801.000 
774.198 115.231 0.448 801.000 
774.358 115.271 0.449 817.000 
774.478 115.271 0.449 817.000 
774.599 115.311 0.449 817.000 
774.719 115.430 0.449 833.000 
774.879 115.470 0.449 849.000 
774.999 115.549 0.449 849.000 
775.119 115.549 0.449 849.000 
775.280 115.589 0.449 865.000 
775.400 115.629 0.449 865.000 
775.560 115.669 0.450 881.000 
775.680 115.748 0.449 881.000 
775.800 115.788 0.448 881.000 
775.921 115.908 0.449 897.000 
776.041 115.947 0.449 913.000 
776.201 116.027 0.450 913.000 
776.321 116.107 0.451 913.000 
776.482 116.186 0.451 929.000 
776.642 116.186 0.453 929.000 
776.802 116.226 0.455 945.000 
777.003 116.226 0.457 945.000 
777.203 116.266 0.458 945.000 
777.403 116.266 0.461 961.000 
777.563 116.306 0.463 977.000 
777.724 116.306 0.464 977.000 
777.924 116.346 0.465 977.000 
778.084 116.385 0.466 993.000 
778.204 116.425 0.467 993.000 
778.325 116.465 0.468 1009.000 
778.445 116.505 0.469 1009.000 
778.565 116.584 0.470 1009.000 
778.685 116.624 0.470 1025.000 
778.806 116.704 0.472 1025.000 
778.926 116.783 0.473 1025.000 
779.086 116.823 0.473 1041.000 
779.246 116.903 0.474 1058.000 
779.447 116.982 0.475 1058.000 
779.567 117.022 0.474 1058.000 
779.767 117.102 0.475 1075.000 
779.927 117.182 0.475 1091.000 
780.088 117.221 0.475 1091.000 
780.248 117.301 0.476 1091.000 
780.368 117.341 0.476 1107.000 
780.528 117.420 0.477 1107.000 
780.649 117.500 0.479 1124.000 
780.809 117.540 0.480 1124.000 
780.929 117.619 0.482 1124.000 
781.089 117.659 0.484 1140.000 
781.250 117.699 0.486 1140.000 
781.370 117.739 0.489 1140.000 
781.530 117.779 0.493 1156.000 
781.650 117.818 0.494 1172.000 
781.810 117.858 0.498 1172.000 
781.931 117.898 0.500 1172.000 
782.131 117.938 0.500 1188.000 
782.291 118.018 0.503 1188.000 
782.452 118.018 0.504 1204.000 
782.612 118.057 0.505 1204.000 
782.732 118.057 0.507 1220.000 
782.892 118.097 0.506 1220.000 
783.013 118.137 0.508 1236.000 
783.173 118.137 0.509 1236.000 
783.333 118.137 0.509 1236.000 
783.453 118.177 0.510 1252.000 
783.654 118.177 0.510 1252.000 
783.774 118.217 0.511 1252.000 
783.934 118.217 0.511 1268.000 
784.134 118.217 0.511 1284.000 
784.295 118.217 0.512 1284.000 
784.455 118.177 0.512 1284.000 
784.615 118.177 0.513 1300.000 
784.775 118.177 0.513 1316.000 
784.936 118.137 0.514 1316.000 
785.136 118.137 0.515 1316.000 
785.336 118.097 0.516 1332.000 
785.497 118.097 0.517 1332.000 
785.737 118.057 0.517 1348.000 
785.937 118.057 0.518 1348.000 
786.138 118.018 0.519 1364.000 
786.338 117.978 0.519 1364.000 
786.498 117.978 0.519 1364.000 
786.699 117.938 0.520 1380.000 
786.899 117.898 0.520 1380.000 
787.099 117.818 0.520 1396.000 
787.300 117.779 0.521 1396.000 
787.500 117.739 0.521 1396.000 
787.700 117.619 0.522 1412.000 
787.901 117.540 0.522 1428.000 
788.061 117.500 0.523 1428.000 
788.261 117.460 0.524 1428.000 
788.422 117.381 0.523 1444.000 
788.582 117.341 0.524 1444.000 
788.782 117.301 0.524 1444.000 
788.942 117.261 0.524 1460.000 
789.103 117.221 0.524 1476.000 
789.303 117.182 0.525 1476.000 
789.463 117.142 0.525 1476.000 
789.664 117.062 0.525 1492.000 
789.824 117.022 0.525 1508.000 
790.024 116.982 0.525 1508.000 
790.185 116.943 0.526 1508.000 
790.345 116.863 0.526 1524.000 
790.545 116.823 0.526 1524.000 
790.705 116.744 0.527 1540.000 
790.906 116.664 0.527 1540.000 
791.106 116.584 0.527 1556.000 
791.266 116.505 0.528 1556.000 
791.467 116.425 0.527 1556.000 
791.627 116.346 0.528 1572.000 
791.827 116.266 0.528 1572.000 
791.987 116.186 0.528 1588.000 
792.188 116.107 0.528 1588.000 
792.388 116.067 0.529 1588.000 
792.589 115.987 0.529 1604.000 
792.749 115.908 0.529 1620.000 


% x_coordinate y_coordinate pressure time
% shape 2, 229 points

744.167 183.525 0.400 112
744.207 183.445 0.404 112
744.327 183.365 0.409 128
744.447 183.246 0.412 144
744.568 183.166 0.414 144
744.728 183.087 0.417 144
744.848 183.007 0.419 160
745.089 182.927 0.420 176
745.249 182.848 0.422 176
745.409 182.808 0.424 176
745.569 182.728 0.426 192
745.730 182.649 0.427 192
745.970 182.569 0.429 208
746.130 182.490 0.431 208
746.331 182.450 0.434 208
746.491 182.410 0.436 224
746.611 182.370 0.439 224
746.771 182.330 0.440 224
746.891 182.370 0.441 240
747.052 182.370 0.443 256
747.172 182.410 0.444 256
747.372 182.490 0.445 256
747.533 182.529 0.446 272
747.733 182.569 0.447 288
747.933 182.649 0.448 288
748.094 182.689 0.449 288
748.294 182.728 0.450 304
748.414 182.728 0.451 304
748.614 182.768 0.453 320
748.775 182.808 0.454 320
748.895 182.808 0.456 336
749.055 182.848 0.457 336
749.175 182.848 0.457 336
749.336 182.888 0.458 352
749.456 182.888 0.459 352
749.576 182.927 0.460 368
749.736 182.967 0.462 368
749.856 183.007 0.462 384
750.057 183.007 0.463 384
750.177 183.047 0.465 400
750.377 183.047 0.465 400
750.538 183.007 0.467 400
750.738 183.007 0.469 416
750.938 183.007 0.471 416
751.099 183.007 0.474 416
751.299 183.047 0.477 432
751.459 183.047 0.480 448
751.659 183.087 0.483 448
751.780 183.126 0.485 448
751.940 183.166 0.487 464
752.100 183.246 0.489 480
752.220 183.286 0.490 480
752.341 183.326 0.491 480
752.461 183.365 0.493 496
752.621 183.405 0.493 496
752.741 183.445 0.495 513
752.861 183.485 0.497 513
752.982 183.525 0.498 513
753.102 183.564 0.499 529
753.222 183.564 0.500 529
753.302 183.564 0.500 529
753.462 183.604 0.501 545
753.543 183.644 0.501 561
753.663 183.684 0.501 561
753.743 183.724 0.502 561
753.823 183.763 0.502 577
753.943 183.843 0.502 593
754.023 183.883 0.503 593
754.144 183.923 0.503 593
754.224 183.962 0.503 609
754.344 184.002 0.504 609
754.464 184.042 0.504 625
754.584 184.042 0.504 625
754.705 184.042 0.505 625
754.825 184.042 0.504 641
754.985 184.042 0.505 657
755.065 184.082 0.505 657
755.185 184.082 0.504 657
755.305 184.082 0.504 673
755.426 184.082 0.505 673
755.546 184.082 0.505 689
755.626 184.082 0.506 689
755.746 184.082 0.505 705
755.826 184.082 0.505 705
755.947 184.082 0.506 721
756.067 184.082 0.505 721
756.187 184.082 0.507 721
756.307 184.082 0.508 737
756.387 184.082 0.509 737
756.548 184.042 0.509 737
756.668 184.042 0.510 753
756.788 184.002 0.511 769
756.948 184.002 0.513 769
757.068 183.962 0.514 769
757.229 183.962 0.515 785
757.349 183.962 0.516 785
757.469 183.962 0.517 801
757.589 183.962 0.518 801
757.709 183.962 0.518 801
757.830 183.962 0.518 817
757.910 184.002 0.519 833
758.030 184.002 0.520 833
758.070 184.002 0.520 833
758.150 184.042 0.522 850
758.230 184.042 0.522 866
758.351 184.042 0.523 866
758.431 184.042 0.524 866
758.551 184.082 0.525 882
758.671 184.082 0.526 882
758.751 184.082 0.529 898
758.871 184.082 0.530 898
758.952 184.082 0.531 898
759.072 184.082 0.533 914
759.192 184.122 0.534 930
759.272 184.161 0.535 930
759.392 184.161 0.537 930
759.513 184.201 0.537 946
759.593 184.201 0.539 946
759.713 184.281 0.540 962
759.793 184.321 0.540 962
759.953 184.321 0.541 962
760.033 184.360 0.542 979
760.154 184.360 0.543 979
760.314 184.360 0.544 979
760.394 184.400 0.544 995
760.514 184.400 0.545 1011
760.594 184.400 0.547 1011
760.715 184.440 0.546 1011
760.755 184.440 0.548 1027
760.875 184.480 0.547 1027
760.995 184.520 0.548 1043
761.115 184.560 0.549 1043
761.235 184.599 0.549 1059
761.356 184.599 0.549 1059
761.516 184.639 0.550 1075
761.636 184.639 0.550 1075
761.756 184.679 0.549 1075
761.876 184.679 0.550 1091
761.997 184.679 0.551 1107
762.117 184.679 0.551 1107
762.197 184.679 0.552 1107
762.357 184.679 0.552 1123
762.437 184.679 0.553 1123
762.598 184.639 0.555 1139
762.718 184.639 0.556 1139
762.838 184.599 0.557 1139
762.958 184.599 0.559 1155
763.119 184.599 0.559 1171
763.239 184.560 0.560 1171
763.359 184.520 0.562 1171
763.519 184.480 0.561 1187
763.639 184.480 0.564 1187
763.800 184.440 0.564 1187
763.960 184.400 0.565 1203
764.160 184.360 0.567 1203
764.320 184.321 0.568 1219
764.441 184.281 0.568 1219
764.601 184.241 0.571 1235
764.761 184.122 0.571 1235
764.922 184.042 0.572 1251
765.082 184.002 0.573 1251
765.242 183.923 0.573 1251
765.442 183.843 0.573 1267
765.603 183.763 0.574 1283
765.763 183.724 0.574 1283
765.923 183.644 0.575 1283
766.124 183.564 0.575 1299
766.284 183.445 0.575 1299
766.484 183.365 0.576 1315
766.684 183.286 0.576 1315
766.845 183.206 0.577 1331
767.005 183.087 0.578 1331
767.205 182.967 0.578 1331
767.406 182.848 0.580 1347
767.566 182.768 0.581 1347
767.686 182.649 0.581 1363
767.886 182.569 0.582 1363
768.007 182.450 0.583 1379
768.127 182.370 0.584 1379
768.287 182.290 0.585 1395
768.407 182.171 0.586 1395
768.528 182.091 0.587 1395
768.648 182.012 0.587 1411
768.768 181.892 0.588 1411

% x_coordinate y_coordinate pressure time
% shape 3, 149 points
757.269 152.156 0.029 0
757.349 152.076 0.069 0
757.429 152.036 0.098 0
757.509 151.956 0.136 16
757.589 151.837 0.167 16
757.669 151.757 0.193 32
757.750 151.638 0.213 32
757.830 151.519 0.232 32
757.950 151.439 0.249 49
757.990 151.320 0.269 66
758.110 151.160 0.288 66
758.190 151.041 0.309 66
758.270 150.922 0.326 82
758.391 150.802 0.341 98
758.511 150.762 0.355 98
758.671 150.643 0.367 98
758.831 150.523 0.376 114
759.032 150.404 0.383 114
759.192 150.324 0.388 114
759.392 150.205 0.392 130
759.593 150.125 0.395 130
759.793 150.006 0.396 146
760.073 149.926 0.398 146
760.234 149.807 0.401 146
760.434 149.687 0.403 162
760.594 149.568 0.406 178
760.755 149.449 0.409 178
760.915 149.329 0.411 178
761.075 149.210 0.414 195
761.235 149.090 0.416 212
761.316 149.011 0.420 212
761.476 148.931 0.423 212
761.596 148.891 0.426 228
761.716 148.772 0.428 228
761.836 148.732 0.430 228
761.957 148.613 0.431 244
762.117 148.652 0.433 244
762.237 148.692 0.434 260
762.397 148.692 0.435 260
762.518 148.772 0.437 260
762.678 148.812 0.437 276
762.838 148.891 0.438 292
763.038 148.971 0.439 292
763.239 149.011 0.439 292
763.439 149.050 0.439 308
763.639 149.050 0.440 308
763.800 149.090 0.440 324
764.000 149.090 0.441 324
764.200 149.130 0.443 340
764.361 149.130 0.444 340
764.561 149.170 0.445 356
764.721 149.170 0.448 356
764.881 149.210 0.449 356
765.002 149.250 0.451 372
765.162 149.289 0.453 388
765.282 149.329 0.455 388
765.362 149.409 0.457 388
765.523 149.488 0.458 404
765.603 149.608 0.459 404
765.723 149.687 0.461 420
765.803 149.767 0.462 420
765.923 149.847 0.463 420
766.083 149.926 0.464 436
766.244 150.046 0.464 452
766.404 150.086 0.465 452
766.564 150.125 0.466 452
766.724 150.205 0.466 468
766.885 150.245 0.467 468
767.005 150.285 0.468 484
767.165 150.324 0.469 484
767.326 150.364 0.472 484
767.446 150.404 0.474 500
767.606 150.484 0.475 516
767.726 150.523 0.478 516
767.846 150.603 0.479 516
767.927 150.643 0.480 532
768.047 150.722 0.481 532
768.167 150.762 0.481 532
768.287 150.802 0.482 548
768.407 150.842 0.483 548
768.568 150.882 0.483 564
768.688 150.922 0.484 564
768.848 150.961 0.484 580
769.008 151.001 0.485 580
769.129 151.041 0.487 596
769.329 151.160 0.487 596
769.449 151.200 0.488 596
769.609 151.240 0.490 612
769.770 151.320 0.492 628
769.930 151.359 0.493 628
770.090 151.439 0.496 628
770.250 151.519 0.497 644
770.411 151.598 0.499 644
770.531 151.678 0.500 644
770.691 151.718 0.500 660
770.851 151.757 0.501 676
770.972 151.797 0.503 676
771.132 151.837 0.504 676
771.292 151.837 0.506 692
771.412 151.877 0.508 708
771.573 151.877 0.510 708
771.773 151.917 0.511 708
771.933 151.956 0.512 724
772.094 151.956 0.513 724
772.294 151.956 0.515 740
772.494 151.996 0.515 740
772.695 151.996 0.516 740
772.855 151.996 0.517 756
773.055 151.996 0.517 756
773.255 151.996 0.518 772
773.456 151.996 0.519 772
773.656 151.956 0.519 788
773.856 151.917 0.521 788
774.057 151.877 0.522 788
774.257 151.797 0.523 804
774.457 151.718 0.526 820
774.698 151.638 0.529 820
774.938 151.519 0.532 820
775.179 151.399 0.536 836
775.419 151.320 0.539 852
775.659 151.200 0.542 852
775.860 151.081 0.544 852
776.100 150.961 0.547 868
776.300 150.842 0.549 868
776.461 150.762 0.552 884
776.661 150.683 0.553 884
776.821 150.603 0.554 884
777.022 150.523 0.555 900
777.182 150.444 0.555 900
777.342 150.324 0.557 900
777.503 150.245 0.558 916
777.663 150.165 0.558 932
777.823 150.086 0.561 932
777.983 150.006 0.563 932
778.144 149.886 0.565 948
778.304 149.807 0.568 948
778.504 149.687 0.570 964
778.664 149.608 0.572 964
778.785 149.528 0.574 980
778.945 149.409 0.575 980
779.025 149.329 0.577 996
779.145 149.250 0.577 996
779.185 149.210 0.577 996
779.265 149.170 0.578 1012
779.346 149.170 0.577 1012
779.426 149.210 0.577 1028
779.546 149.250 0.565 1028
779.626 149.289 0.494 1044
779.746 149.250 0.314 1044

