% x_coordinate y_coordinate pressure time
% shape 0, 931 points
814.770 262.929 0.057 0
814.770 262.889 0.082 0
814.770 262.889 0.101 17
814.770 262.889 0.128 17
814.770 262.889 0.150 17
814.770 262.889 0.162 33
814.770 262.889 0.175 33
814.770 262.889 0.191 33
814.770 262.889 0.206 49
814.770 262.889 0.222 65
814.770 262.889 0.239 65
814.770 262.889 0.255 65
814.770 262.889 0.272 82
814.770 262.889 0.287 98
814.770 262.889 0.298 98
814.770 262.809 0.305 98
814.810 262.730 0.311 114
814.930 262.610 0.315 114
815.050 262.491 0.318 114
815.170 262.372 0.320 130
815.331 262.212 0.322 146
815.531 262.013 0.324 146
815.691 261.814 0.326 146
815.811 261.615 0.331 163
815.972 261.416 0.337 163
816.092 261.177 0.346 179
816.252 260.978 0.355 179
816.332 260.739 0.365 179
816.452 260.540 0.374 195
816.533 260.341 0.381 211
816.613 260.142 0.385 211
816.733 259.983 0.389 211
816.813 259.824 0.393 228
816.973 259.665 0.394 228
817.053 259.545 0.395 228
817.174 259.426 0.395 244
817.294 259.346 0.396 260
817.454 259.227 0.396 260
817.574 259.147 0.396 260
817.654 258.988 0.396 277
817.775 258.908 0.396 277
817.895 258.789 0.396 293
817.975 258.669 0.397 293
818.095 258.550 0.397 293
818.175 258.431 0.397 309
818.255 258.351 0.397 309
818.336 258.232 0.397 325
818.376 258.152 0.398 325
818.456 258.072 0.399 341
818.496 258.032 0.400 341
818.536 257.953 0.401 341
818.576 257.913 0.402 358
818.576 257.873 0.403 374
818.616 257.833 0.403 374
818.656 257.794 0.403 374
818.736 257.754 0.403 390
818.816 257.714 0.403 390
818.896 257.674 0.403 390
818.977 257.634 0.403 406
819.097 257.555 0.404 422
819.177 257.515 0.404 422
819.297 257.435 0.404 422
819.377 257.356 0.404 438
819.457 257.316 0.404 438
819.578 257.236 0.404 455
819.618 257.196 0.405 455
819.698 257.117 0.405 471
819.738 257.077 0.405 471
819.738 257.037 0.405 471
819.778 256.997 0.405 487
819.818 256.958 0.406 487
819.818 256.918 0.407 503
819.858 256.878 0.406 503
819.858 256.838 0.407 503
819.898 256.798 0.406 520
819.978 256.798 0.406 536
820.058 256.759 0.406 536
820.139 256.759 0.406 536
820.219 256.719 0.406 552
820.339 256.719 0.406 552
820.419 256.639 0.405 552
820.539 256.639 0.405 568
820.619 256.639 0.406 585
820.699 256.599 0.406 585
820.820 256.599 0.405 585
820.900 256.599 0.406 601
821.020 256.599 0.405 617
821.140 256.560 0.407 617
821.220 256.560 0.406 617
821.300 256.520 0.406 633
821.381 256.480 0.407 633
821.461 256.440 0.407 633
821.581 256.400 0.409 649
821.621 256.400 0.410 649
821.701 256.361 0.411 666
821.741 256.321 0.412 666
821.781 256.321 0.412 682
821.821 256.321 0.413 682
821.861 256.321 0.413 698
821.942 256.321 0.413 698
822.022 256.321 0.413 698
822.062 256.321 0.413 715
822.182 256.321 0.414 715
822.262 256.321 0.415 715
822.342 256.321 0.415 731
822.462 256.321 0.417 747
822.543 256.321 0.417 747
822.623 256.321 0.417 747
822.703 256.321 0.419 763
822.743 256.321 0.421 780
822.863 256.321 0.422 780
822.943 256.321 0.424 780
823.023 256.321 0.426 796
823.104 256.321 0.428 796
823.184 256.321 0.429 796
823.264 256.321 0.431 812
823.344 256.321 0.433 828
823.464 256.321 0.433 828
823.544 256.321 0.434 828
823.664 256.321 0.435 844
823.785 256.321 0.435 844
823.865 256.321 0.435 860
823.985 256.321 0.435 860
824.105 256.361 0.436 877
824.225 256.440 0.436 877
824.346 256.480 0.436 877
824.506 256.560 0.436 893
824.666 256.599 0.436 893
824.786 256.719 0.436 909
824.947 256.759 0.436 909
825.107 256.798 0.437 909
825.227 256.838 0.437 925
825.387 256.838 0.437 941
825.508 256.878 0.437 941
825.668 256.918 0.438 941
825.788 256.918 0.438 957
825.948 256.958 0.438 974
826.068 256.997 0.437 974
826.189 257.037 0.438 974
826.349 257.117 0.438 990
826.469 257.157 0.438 990
826.629 257.196 0.438 990
826.750 257.236 0.438 1006
826.870 257.236 0.438 1006
826.990 257.276 0.439 1022
827.110 257.276 0.439 1022
827.230 257.316 0.439 1039
827.391 257.316 0.439 1039
827.511 257.356 0.439 1055
827.631 257.396 0.439 1055
827.751 257.435 0.439 1055
827.871 257.515 0.439 1071
827.992 257.555 0.439 1071
828.112 257.634 0.439 1071
828.232 257.674 0.439 1088
828.352 257.714 0.440 1104
828.472 257.714 0.439 1104
828.593 257.754 0.439 1104
828.753 257.754 0.439 1120
828.873 257.754 0.440 1136
828.993 257.754 0.440 1136
829.154 257.754 0.440 1136
829.274 257.754 0.440 1153
829.394 257.794 0.440 1153
829.474 257.794 0.439 1153
829.594 257.833 0.440 1169
829.715 257.833 0.440 1169
829.835 257.873 0.440 1185
829.955 257.913 0.439 1185
830.075 257.913 0.440 1201
830.195 257.953 0.440 1201
830.356 257.953 0.440 1218
830.476 257.953 0.440 1218
830.596 257.953 0.440 1218
830.716 257.953 0.440 1234
830.876 257.953 0.440 1234
830.997 257.953 0.440 1234
831.117 257.953 0.440 1250
831.237 257.953 0.440 1266
831.357 257.953 0.440 1266
831.477 257.953 0.440 1266
831.598 257.953 0.440 1283
831.678 257.953 0.440 1299
831.798 257.953 0.440 1299
831.878 257.953 0.440 1299
831.958 257.953 0.440 1315
832.078 257.953 0.440 1315
832.159 257.993 0.440 1315
832.279 258.032 0.440 1332
832.399 258.032 0.440 1348
832.519 258.072 0.440 1348
832.599 258.112 0.440 1348
832.679 258.112 0.441 1364
832.760 258.152 0.440 1364
832.840 258.152 0.440 1380
832.920 258.152 0.440 1380
833.000 258.192 0.440 1380
833.080 258.192 0.440 1397
833.200 258.192 0.440 1397
833.281 258.192 0.440 1413
833.361 258.192 0.440 1413
833.441 258.192 0.440 1429
833.521 258.192 0.440 1429
833.601 258.192 0.440 1429
833.681 258.192 0.440 1445
833.801 258.192 0.440 1462
833.881 258.232 0.440 1462
834.002 258.232 0.440 1462
834.082 258.232 0.440 1478
834.162 258.232 0.440 1478
834.242 258.232 0.440 1478
834.362 258.232 0.440 1494
834.442 258.232 0.440 1511
834.523 258.232 0.440 1511
834.643 258.232 0.441 1511
834.723 258.232 0.441 1527
834.803 258.232 0.441 1527
834.883 258.232 0.441 1543
835.003 258.232 0.441 1543
835.083 258.232 0.441 1543
835.164 258.232 0.441 1559
835.244 258.232 0.441 1559
835.324 258.232 0.441 1576
835.444 258.232 0.441 1576
835.524 258.232 0.441 1592
835.644 258.232 0.441 1592
835.725 258.232 0.441 1592
835.805 258.192 0.441 1608
835.925 258.192 0.442 1624
836.005 258.192 0.442 1624
836.165 258.192 0.442 1624
836.245 258.192 0.443 1641
836.366 258.192 0.443 1641
836.446 258.192 0.443 1641
836.526 258.192 0.443 1657
836.606 258.192 0.443 1673
836.686 258.192 0.444 1673
836.766 258.192 0.444 1673
836.846 258.192 0.444 1690
836.967 258.192 0.445 1690
837.047 258.192 0.445 1706
837.127 258.192 0.445 1706
837.207 258.192 0.445 1706
837.327 258.192 0.446 1722
837.407 258.152 0.446 1722
837.487 258.152 0.447 1738
837.608 258.152 0.447 1738
837.688 258.112 0.448 1754
837.768 258.112 0.448 1754
837.888 258.072 0.448 1754
837.928 258.072 0.448 1771
838.008 258.032 0.449 1787
838.089 257.993 0.449 1787
838.209 257.993 0.449 1787
838.289 257.953 0.449 1803
838.369 257.913 0.449 1803
838.489 257.873 0.450 1819
838.609 257.794 0.450 1819
838.690 257.754 0.450 1835
838.850 257.674 0.451 1835
838.930 257.634 0.451 1835
839.050 257.595 0.451 1852
839.170 257.515 0.451 1852
839.290 257.475 0.451 1868
839.411 257.396 0.452 1868
839.571 257.316 0.453 1868
839.691 257.276 0.452 1884
839.771 257.196 0.453 1901
839.891 257.157 0.453 1901
839.972 257.077 0.453 1901
840.052 257.037 0.453 1917
840.172 256.958 0.453 1917
840.292 256.918 0.453 1917
840.372 256.878 0.453 1933
840.492 256.798 0.453 1949
840.613 256.759 0.453 1949
840.693 256.759 0.453 1949
840.813 256.719 0.453 1966
840.893 256.679 0.453 1982
840.973 256.679 0.454 1982
841.013 256.639 0.453 1982
841.094 256.599 0.453 1998
841.174 256.560 0.454 1998
841.254 256.520 0.454 1998
841.334 256.480 0.454 2014
841.414 256.400 0.454 2031
841.494 256.361 0.454 2031
841.574 256.321 0.454 2031
841.654 256.241 0.454 2047
841.694 256.201 0.454 2047
841.735 256.201 0.454 2063
841.815 256.161 0.454 2063
841.855 256.122 0.454 2063
841.895 256.082 0.455 2079
841.975 256.082 0.455 2079
842.015 256.042 0.455 2079
842.095 256.042 0.455 2095
842.135 256.002 0.455 2111
842.175 256.002 0.455 2111
842.215 256.002 0.456 2129
842.215 255.962 0.456 2129
842.215 255.962 0.457 2146
842.255 255.962 0.458 2162
842.296 255.923 0.459 2162
842.336 255.923 0.460 2162
842.376 255.883 0.462 2178
842.416 255.883 0.462 2194
842.456 255.883 0.462 2194
842.496 255.883 0.463 2194
842.536 255.883 0.463 2210
842.536 255.843 0.463 2210
842.616 255.843 0.463 2227
842.616 255.843 0.464 2243
842.616 255.843 0.465 2261
842.616 255.843 0.466 2278
842.616 255.843 0.469 2278
842.616 255.843 0.474 2294
842.616 255.843 0.479 2294
842.616 255.843 0.484 2294
842.496 255.843 0.486 2310
842.416 255.923 0.488 2326
842.296 255.962 0.488 2326
842.215 256.042 0.490 2326
842.135 256.122 0.490 2342
841.975 256.241 0.491 2358
841.855 256.321 0.492 2358
841.694 256.400 0.494 2358
841.574 256.560 0.494 2375
841.414 256.679 0.497 2375
841.254 256.798 0.499 2375
841.094 256.918 0.500 2391
840.893 257.037 0.501 2391
840.733 257.196 0.502 2407
840.573 257.356 0.503 2407
840.372 257.475 0.504 2423
840.212 257.634 0.504 2423
840.092 257.754 0.505 2439
839.932 257.873 0.505 2439
839.771 258.032 0.505 2439
839.611 258.152 0.506 2455
839.451 258.271 0.506 2455
839.331 258.431 0.506 2455
839.170 258.550 0.507 2472
839.010 258.709 0.507 2488
838.890 258.868 0.508 2488
838.730 259.028 0.508 2488
838.569 259.187 0.508 2504
838.369 259.346 0.508 2520
838.209 259.505 0.509 2520
838.048 259.625 0.509 2520
837.848 259.784 0.509 2537
837.648 259.943 0.509 2537
837.487 260.102 0.509 2553
837.327 260.262 0.509 2553
837.127 260.421 0.509 2553
836.927 260.580 0.509 2569
836.726 260.739 0.509 2569
836.566 260.899 0.509 2585
836.406 261.058 0.509 2585
836.245 261.257 0.510 2602
836.085 261.416 0.510 2602
835.925 261.575 0.509 2602
835.805 261.774 0.510 2618
835.604 261.934 0.509 2634
835.444 262.133 0.509 2634
835.244 262.332 0.510 2634
835.083 262.491 0.510 2651
834.883 262.650 0.510 2651
834.683 262.809 0.510 2651
834.482 262.929 0.510 2667
834.322 263.088 0.510 2683
834.082 263.208 0.510 2683
833.922 263.327 0.510 2683
833.761 263.526 0.510 2699
833.601 263.645 0.510 2699
833.481 263.765 0.510 2716
833.321 263.884 0.510 2716
833.200 264.004 0.510 2716
833.040 264.123 0.510 2732
832.920 264.243 0.510 2732
832.800 264.362 0.510 2748
832.639 264.481 0.510 2748
832.519 264.601 0.510 2764
832.399 264.720 0.510 2764
832.279 264.840 0.510 2764
832.159 264.919 0.510 2780
832.038 265.039 0.510 2797
831.918 265.158 0.510 2797
831.798 265.238 0.510 2797
831.718 265.357 0.510 2813
831.598 265.437 0.510 2813
831.437 265.516 0.510 2813
831.317 265.636 0.510 2829
831.157 265.795 0.510 2845
831.037 265.914 0.510 2845
830.876 266.034 0.510 2845
830.756 266.153 0.510 2861
830.636 266.273 0.510 2878
830.516 266.392 0.510 2878
830.396 266.472 0.510 2878
830.315 266.551 0.510 2894
830.195 266.671 0.511 2894
830.115 266.750 0.510 2894
830.035 266.830 0.510 2910
829.955 266.910 0.511 2910
829.835 267.029 0.510 2927
829.715 267.109 0.510 2927
829.634 267.188 0.510 2927
829.554 267.268 0.510 2943
829.434 267.387 0.510 2959
829.314 267.467 0.511 2959
829.234 267.547 0.511 2959
829.114 267.666 0.511 2975
828.993 267.746 0.511 2975
828.873 267.825 0.510 2975
828.753 267.905 0.511 2992
828.673 268.024 0.511 3008
828.513 268.184 0.510 3008
828.352 268.303 0.511 3008
828.232 268.422 0.510 3024
828.112 268.542 0.510 3041
827.992 268.661 0.511 3041
827.871 268.781 0.510 3041
827.791 268.860 0.510 3057
827.711 268.980 0.510 3057
827.631 269.099 0.510 3057
827.511 269.179 0.511 3073
827.431 269.258 0.511 3073
827.351 269.378 0.511 3089
827.270 269.457 0.510 3089
827.150 269.577 0.511 3089
827.030 269.696 0.511 3105
826.950 269.816 0.510 3122
826.830 269.935 0.510 3122
826.710 270.055 0.510 3122
826.589 270.174 0.511 3138
826.469 270.293 0.511 3138
826.349 270.492 0.510 3138
826.229 270.612 0.511 3154
826.109 270.771 0.511 3171
825.948 270.891 0.510 3171
825.828 271.050 0.511 3171
825.668 271.169 0.511 3187
825.548 271.289 0.511 3203
825.427 271.448 0.511 3203
825.307 271.567 0.511 3203
825.187 271.687 0.511 3219
825.027 271.846 0.511 3219
824.866 271.965 0.511 3219
824.746 272.125 0.511 3235
824.586 272.244 0.511 3252
824.426 272.403 0.511 3252
824.265 272.563 0.511 3252
824.145 272.682 0.511 3268
823.985 272.881 0.511 3268
823.865 273.040 0.511 3284
823.704 273.160 0.511 3284
823.584 273.279 0.511 3284
823.424 273.438 0.512 3300
823.304 273.558 0.511 3300
823.144 273.677 0.511 3316
822.943 273.836 0.511 3316
822.783 273.996 0.511 3333
822.623 274.155 0.512 3333
822.462 274.274 0.511 3333
822.302 274.433 0.511 3349
822.142 274.593 0.511 3365
822.022 274.752 0.511 3365
821.861 274.911 0.511 3365
821.701 275.031 0.511 3381
821.581 275.230 0.511 3381
821.461 275.349 0.511 3398
821.300 275.469 0.512 3398
821.180 275.588 0.511 3414
821.060 275.668 0.511 3414
820.940 275.747 0.511 3414
820.820 275.867 0.511 3430
820.699 275.986 0.511 3430
820.539 276.105 0.511 3446
820.379 276.225 0.511 3446
820.259 276.384 0.511 3446
820.058 276.543 0.511 3462
819.898 276.663 0.511 3479
819.738 276.782 0.512 3479
819.578 276.902 0.512 3479
819.417 277.061 0.511 3495
819.297 277.180 0.512 3495
819.137 277.300 0.511 3495
818.977 277.419 0.511 3511
818.856 277.578 0.511 3527
818.696 277.698 0.511 3527
818.576 277.817 0.511 3527
818.456 277.937 0.511 3543
818.336 278.056 0.511 3560
818.215 278.175 0.511 3560
818.095 278.255 0.511 3560
818.015 278.374 0.511 3576
817.855 278.494 0.511 3576
817.735 278.613 0.511 3576
817.614 278.733 0.511 3592
817.494 278.812 0.511 3592
817.334 278.932 0.511 3608
817.214 279.011 0.511 3608
817.094 279.131 0.512 3625
816.973 279.211 0.511 3625
816.853 279.330 0.512 3641
816.733 279.449 0.511 3641
816.613 279.569 0.511 3641
816.452 279.688 0.512 3657
816.292 279.887 0.511 3657
816.172 280.007 0.511 3657
816.012 280.126 0.511 3673
815.891 280.285 0.511 3690
815.731 280.405 0.511 3690
815.651 280.524 0.512 3690
815.531 280.604 0.511 3706
815.411 280.723 0.511 3722
815.291 280.843 0.512 3722
815.170 280.922 0.512 3722
815.090 281.042 0.512 3738
814.930 281.161 0.512 3738
814.850 281.281 0.512 3738
814.690 281.400 0.512 3755
814.529 281.519 0.512 3771
814.409 281.639 0.512 3771
814.249 281.758 0.512 3771
814.129 281.878 0.512 3787
813.968 281.997 0.512 3787
813.848 282.196 0.512 3803
813.688 282.315 0.512 3803
813.528 282.435 0.512 3803
813.407 282.594 0.512 3819
813.247 282.714 0.512 3819
813.127 282.833 0.512 3836
813.007 282.952 0.512 3836
812.846 283.072 0.512 3852
812.726 283.151 0.512 3852
812.606 283.271 0.512 3852
812.486 283.390 0.512 3868
812.366 283.470 0.512 3884
812.285 283.589 0.512 3884
812.165 283.669 0.512 3884
812.045 283.788 0.512 3900
811.965 283.868 0.512 3900
811.845 283.948 0.512 3900
811.724 284.027 0.512 3917
811.644 284.067 0.512 3933
811.564 284.147 0.512 3933
811.484 284.187 0.512 3933
811.364 284.266 0.512 3949
811.284 284.346 0.512 3949
811.164 284.425 0.513 3965
811.083 284.465 0.512 3965
810.963 284.624 0.512 3981
810.843 284.744 0.512 3981
810.723 284.863 0.512 3981
810.603 284.943 0.512 3998
810.523 285.062 0.513 3998
810.402 285.182 0.512 4014
810.282 285.261 0.512 4014
810.202 285.341 0.512 4014
810.082 285.460 0.512 4030
810.002 285.540 0.513 4046
809.841 285.659 0.512 4046
809.721 285.739 0.512 4046
809.601 285.819 0.513 4062
809.481 285.938 0.513 4062
809.361 286.018 0.513 4062
809.240 286.097 0.513 4079
809.120 286.177 0.512 4095
809.000 286.296 0.513 4095
808.840 286.376 0.513 4095
808.720 286.456 0.512 4111
808.599 286.575 0.513 4111
808.519 286.655 0.512 4127
808.439 286.734 0.513 4127
808.319 286.774 0.513 4144
808.239 286.893 0.513 4144
808.119 286.933 0.513 4144
808.038 287.013 0.513 4160
807.918 287.093 0.513 4160
807.838 287.172 0.513 4176
807.718 287.252 0.513 4176
807.638 287.371 0.513 4176
807.518 287.451 0.513 4193
807.437 287.530 0.513 4209
807.317 287.610 0.513 4209
807.237 287.690 0.513 4209
807.117 287.809 0.513 4225
807.037 287.889 0.513 4241
806.917 287.968 0.513 4241
806.836 288.048 0.513 4241
806.716 288.128 0.513 4258
806.636 288.207 0.513 4258
806.596 288.287 0.513 4258
806.516 288.366 0.513 4274
806.436 288.446 0.513 4274
806.356 288.526 0.513 4290
806.316 288.605 0.513 4290
806.235 288.645 0.513 4307
806.155 288.725 0.513 4307
806.115 288.804 0.513 4323
805.995 288.884 0.513 4323
805.915 288.964 0.512 4323
805.835 289.043 0.513 4339
805.755 289.123 0.513 4339
805.674 289.242 0.513 4339
805.594 289.362 0.513 4355
805.514 289.401 0.513 4371
805.434 289.521 0.513 4371
805.314 289.561 0.513 4371
805.234 289.640 0.513 4388
805.154 289.680 0.513 4404
805.033 289.760 0.513 4404
804.993 289.839 0.513 4404
804.913 289.879 0.513 4420
804.833 289.959 0.513 4420
804.753 290.038 0.513 4420
804.673 290.118 0.513 4437
804.593 290.198 0.513 4453
804.513 290.277 0.513 4453
804.432 290.357 0.513 4453
804.392 290.397 0.513 4469
804.312 290.436 0.513 4469
804.272 290.476 0.513 4485
804.232 290.516 0.513 4485
804.192 290.556 0.513 4485
804.192 290.596 0.513 4501
804.152 290.675 0.513 4501
804.112 290.715 0.513 4517
804.112 290.755 0.513 4517
804.072 290.795 0.513 4534
804.072 290.835 0.514 4534
804.032 290.835 0.514 4534
804.032 290.874 0.513 4550
803.992 290.874 0.514 4566
803.992 290.914 0.514 4566
803.992 290.914 0.515 4583
803.992 290.914 0.516 4583
803.992 290.914 0.517 4613
803.992 290.914 0.518 4630
804.072 290.914 0.518 4646
804.152 290.914 0.519 4646
804.232 290.914 0.522 4646
804.352 290.914 0.523 4662
804.432 290.795 0.525 4679
804.553 290.715 0.528 4679
804.673 290.596 0.531 4679
804.833 290.436 0.534 4695
805.033 290.277 0.536 4695
805.234 290.158 0.538 4695
805.434 289.959 0.539 4711
805.634 289.799 0.540 4728
805.875 289.640 0.540 4728
806.075 289.521 0.541 4728
806.316 289.401 0.541 4744
806.556 289.282 0.541 4760
806.716 289.163 0.541 4760
806.917 289.043 0.541 4760
807.077 288.964 0.541 4776
807.277 288.924 0.541 4776
807.437 288.844 0.541 4776
807.598 288.764 0.541 4793
807.798 288.725 0.542 4793
807.958 288.645 0.542 4809
808.119 288.605 0.542 4809
808.319 288.526 0.542 4809
808.519 288.446 0.542 4825
808.679 288.366 0.542 4842
808.880 288.287 0.542 4842
809.080 288.207 0.542 4842
809.280 288.088 0.542 4858
809.481 288.008 0.542 4858
809.681 287.929 0.542 4858
809.841 287.809 0.542 4874
810.042 287.729 0.542 4890
810.162 287.690 0.542 4890
810.322 287.610 0.542 4890
810.442 287.570 0.542 4906
810.563 287.530 0.542 4906
810.723 287.491 0.542 4923
810.843 287.451 0.542 4923
810.963 287.451 0.542 4923
811.083 287.451 0.542 4939
811.204 287.411 0.542 4955
811.324 287.411 0.542 4955
811.444 287.411 0.542 4955
811.524 287.411 0.542 4971
811.644 287.411 0.542 4971
811.724 287.411 0.542 4971
811.845 287.411 0.542 4988
811.965 287.411 0.543 5004
812.045 287.411 0.542 5004
812.125 287.411 0.542 5004
812.205 287.411 0.543 5020
812.326 287.411 0.543 5036
812.406 287.411 0.543 5036
812.486 287.411 0.543 5036
812.606 287.411 0.543 5053
812.726 287.411 0.543 5053
812.806 287.411 0.543 5053
812.967 287.411 0.543 5069
813.047 287.411 0.543 5085
813.167 287.411 0.543 5085
813.247 287.411 0.543 5085
813.327 287.411 0.543 5102
813.407 287.451 0.542 5102
813.487 287.491 0.542 5118
813.568 287.491 0.543 5118
813.648 287.530 0.542 5118
813.728 287.610 0.543 5134
813.848 287.650 0.543 5134
813.928 287.690 0.543 5150
814.008 287.729 0.543 5150
814.088 287.809 0.543 5166
814.209 287.849 0.543 5166
814.329 287.889 0.543 5166
814.449 287.968 0.543 5183
814.569 287.968 0.543 5199
814.690 288.008 0.543 5199
814.810 288.048 0.543 5199
814.930 288.048 0.543 5216
815.090 288.048 0.543 5216
815.210 288.048 0.543 5216
815.331 288.048 0.543 5232
815.411 288.048 0.543 5248
815.531 288.088 0.544 5248
815.651 288.088 0.545 5248
815.731 288.088 0.546 5264
815.851 288.128 0.547 5264
815.932 288.128 0.547 5280
816.092 288.128 0.549 5280
816.212 288.167 0.550 5297
816.292 288.167 0.553 5297
816.412 288.207 0.555 5297
816.533 288.247 0.556 5313
816.653 288.287 0.557 5313
816.733 288.327 0.558 5329
816.853 288.366 0.558 5329
816.973 288.366 0.560 5329
817.094 288.446 0.560 5345
817.214 288.486 0.562 5362
817.334 288.526 0.564 5362
817.454 288.565 0.567 5362
817.574 288.605 0.570 5378
817.735 288.645 0.572 5378
817.855 288.685 0.574 5378
817.975 288.725 0.576 5394
818.135 288.764 0.577 5410
818.255 288.764 0.578 5410
818.416 288.804 0.580 5410
818.536 288.804 0.582 5427
818.696 288.804 0.583 5443
818.816 288.844 0.585 5443
818.937 288.844 0.586 5443
819.057 288.844 0.587 5459
819.177 288.884 0.588 5459
819.297 288.924 0.589 5459
819.417 288.924 0.591 5475
819.538 288.964 0.592 5475
819.658 289.003 0.592 5491
819.778 289.003 0.593 5491
819.898 289.003 0.593 5491
820.018 289.003 0.594 5507
820.139 289.003 0.595 5523
820.259 289.003 0.597 5523
820.379 289.003 0.599 5523
820.499 289.003 0.601 5540
820.619 289.003 0.602 5540
820.820 289.003 0.603 5540
820.940 289.003 0.604 5556
821.100 289.003 0.605 5572
821.220 289.083 0.606 5572
821.341 289.083 0.606 5572
821.421 289.123 0.606 5588
821.501 289.163 0.606 5604
821.621 289.202 0.607 5604
821.701 289.202 0.606 5604
821.821 289.242 0.607 5620
821.901 289.242 0.607 5620
821.982 289.242 0.607 5620
822.102 289.242 0.608 5637
822.182 289.242 0.608 5653
822.302 289.242 0.608 5653
822.382 289.282 0.608 5653
822.462 289.282 0.608 5669
822.543 289.362 0.608 5669
822.623 289.362 0.608 5686
822.703 289.401 0.608 5686
822.783 289.441 0.608 5686
822.903 289.481 0.608 5702
823.023 289.521 0.608 5702
823.144 289.521 0.608 5702
823.224 289.561 0.608 5718
823.344 289.600 0.608 5734
823.464 289.640 0.609 5734
823.584 289.680 0.609 5734
823.664 289.720 0.609 5750
823.785 289.760 0.610 5766
823.905 289.799 0.608 5766
823.985 289.839 0.609 5766
824.105 289.879 0.609 5783
824.185 289.919 0.609 5783
824.306 289.959 0.609 5799
824.426 289.998 0.610 5799
824.546 289.998 0.609 5799
824.666 290.038 0.609 5815
824.826 290.078 0.609 5815
824.947 290.078 0.609 5831
825.107 290.118 0.609 5831
825.187 290.118 0.609 5848
825.267 290.118 0.609 5848
825.387 290.118 0.610 5848
825.467 290.118 0.610 5864
825.548 290.118 0.610 5880
825.628 290.158 0.610 5880
825.748 290.158 0.610 5880
825.828 290.158 0.610 5896
825.908 290.158 0.610 5896
825.988 290.158 0.610 5896
826.068 290.158 0.610 5912
826.149 290.158 0.610 5929
826.229 290.158 0.610 5929
826.349 290.158 0.610 5929
826.429 290.158 0.610 5945
826.509 290.158 0.610 5945
826.549 290.158 0.610 5961
826.629 290.158 0.610 5961
826.669 290.158 0.611 5977
826.750 290.198 0.611 5977
826.790 290.198 0.610 5977
826.830 290.198 0.610 5994
826.910 290.237 0.611 5994
826.950 290.237 0.611 6010
827.030 290.237 0.611 6010
827.110 290.237 0.610 6010
827.190 290.237 0.610 6026
827.270 290.237 0.610 6042
827.310 290.237 0.611 6042
827.391 290.237 0.610 6042
827.471 290.237 0.611 6059
827.511 290.237 0.611 6059
827.591 290.237 0.610 6059
827.671 290.237 0.611 6075
827.711 290.237 0.610 6091
827.791 290.237 0.610 6091
827.831 290.237 0.611 6091
827.911 290.237 0.610 6107
827.992 290.237 0.611 6124
828.072 290.237 0.611 6124
828.152 290.237 0.610 6124
828.192 290.237 0.611 6140
828.272 290.237 0.611 6140
828.352 290.237 0.611 6140
828.392 290.237 0.611 6156
828.472 290.237 0.611 6156
828.553 290.237 0.611 6172
828.633 290.237 0.612 6172
828.713 290.198 0.612 6189
828.753 290.198 0.612 6189
828.833 290.158 0.612 6205
828.913 290.118 0.611 6205
828.993 290.118 0.612 6205
829.073 290.078 0.612 6221
829.154 290.078 0.611 6221
829.234 290.038 0.612 6221
829.314 290.038 0.612 6237
829.394 289.959 0.612 6253
829.434 289.919 0.612 6253
829.514 289.879 0.612 6253
829.594 289.799 0.612 6269
829.674 289.680 0.613 6286
829.755 289.600 0.612 6286
829.835 289.521 0.613 6286
829.875 289.401 0.613 6302
829.955 289.322 0.613 6302
829.995 289.202 0.613 6302
830.075 289.123 0.614 6318
830.115 289.003 0.613 6334

% x_coordinate y_coordinate pressure time
% shape 1, 135 points
818.095 274.115 0.003 0
818.095 274.115 0.031 0
818.095 274.115 0.049 0
818.095 274.115 0.064 16
818.095 274.115 0.084 32
818.095 274.115 0.106 32
818.095 274.115 0.132 32
818.055 274.115 0.158 48
818.015 274.075 0.181 48
817.975 274.075 0.200 65
817.935 274.035 0.221 65
817.895 274.035 0.241 65
817.855 274.035 0.262 81
817.855 274.035 0.281 81
817.855 274.035 0.299 97
817.855 274.035 0.316 97
817.855 274.035 0.326 113
817.855 274.035 0.334 113
817.855 273.996 0.340 113
817.855 273.996 0.345 130
817.855 273.996 0.350 146
817.855 273.996 0.356 146
817.855 273.996 0.363 146
817.895 273.996 0.370 162
817.975 273.996 0.376 162
818.055 273.996 0.383 162
818.135 273.996 0.389 178
818.255 273.996 0.396 195
818.376 273.996 0.400 195
818.536 273.996 0.405 195
818.696 273.996 0.409 211
818.856 273.996 0.411 211
819.017 273.996 0.413 227
819.217 273.996 0.416 227
819.457 273.996 0.418 243
819.658 273.996 0.421 243
819.818 273.996 0.422 243
820.018 273.996 0.424 260
820.219 273.996 0.426 260
820.419 273.996 0.427 276
820.579 273.996 0.428 276
820.780 273.996 0.430 276
820.940 273.996 0.431 292
821.100 273.996 0.432 308
821.260 273.996 0.433 308
821.461 273.996 0.433 308
821.581 273.996 0.434 325
821.741 273.996 0.434 325
821.901 273.996 0.434 325
822.062 273.996 0.434 341
822.222 273.996 0.435 357
822.382 273.996 0.435 357
822.543 273.996 0.435 357
822.703 273.996 0.436 373
822.863 273.996 0.435 390
823.023 273.996 0.435 390
823.224 273.996 0.436 390
823.384 273.996 0.436 406
823.544 273.996 0.435 406
823.704 273.996 0.436 406
823.825 273.996 0.435 422
823.945 273.996 0.436 422
824.065 273.996 0.436 438
824.185 273.996 0.436 438
824.306 273.996 0.436 454
824.426 273.996 0.436 454
824.546 273.996 0.436 471
824.626 273.996 0.436 471
824.786 273.996 0.436 471
824.906 273.996 0.436 487
825.027 273.996 0.436 487
825.147 273.996 0.436 487
825.267 273.996 0.436 503
825.387 273.996 0.436 519
825.508 273.996 0.437 519
825.628 273.996 0.436 519
825.708 273.996 0.437 536
825.828 273.996 0.437 552
825.908 273.996 0.437 552
825.988 273.996 0.437 552
826.109 273.996 0.437 568
826.149 273.996 0.437 568
826.269 273.996 0.437 568
826.309 273.996 0.437 584
826.389 273.996 0.437 601
826.469 273.996 0.437 601
826.509 273.996 0.438 601
826.589 273.996 0.437 617
826.629 273.996 0.437 617
826.669 273.996 0.438 633
826.710 273.996 0.437 633
826.790 273.996 0.437 649
826.830 273.996 0.438 649
826.910 273.996 0.438 649
826.950 273.996 0.438 666
827.030 273.996 0.438 666
827.070 273.996 0.438 682
827.150 273.996 0.438 682
827.190 273.996 0.437 682
827.230 273.996 0.438 698
827.270 273.996 0.438 715
827.310 273.996 0.438 715
827.351 273.996 0.437 715
827.391 273.996 0.437 731
827.471 273.996 0.437 731
827.511 273.996 0.438 731
827.551 273.996 0.438 747
827.591 273.996 0.437 764
827.631 273.996 0.438 764
827.711 273.996 0.438 764
827.751 273.996 0.438 780
827.791 273.996 0.438 780
827.831 273.996 0.438 796
827.871 273.996 0.438 812
827.911 273.996 0.438 812
827.952 273.996 0.438 828
827.992 273.996 0.438 828
828.032 273.996 0.439 844
828.072 273.996 0.439 844
828.112 273.996 0.438 861
828.152 273.996 0.438 861
828.232 273.996 0.438 877
828.272 273.996 0.438 877
828.312 273.996 0.439 877
828.392 273.996 0.439 893
828.432 273.996 0.438 893
828.513 273.996 0.439 893
828.553 273.996 0.439 909
828.633 273.996 0.439 926
828.673 273.996 0.439 926
828.753 273.996 0.439 926
828.833 273.996 0.439 942
828.873 273.996 0.436 958
828.953 273.996 0.394 958
828.993 273.996 0.254 958

