% x_coordinate y_coordinate pressure time
% shape 0, 443 points
64.773 67.064 0.242 0
64.902 66.870 0.237 0
64.859 66.755 0.239 0
64.687 66.638 0.238 16
64.687 66.638 0.240 16
64.687 66.638 0.245 16
64.687 66.638 0.250 32
64.558 66.600 0.253 32
64.558 66.600 0.257 32
64.558 66.600 0.259 48
64.558 66.600 0.261 48
64.558 66.600 0.266 48
64.558 66.600 0.273 65
64.558 66.600 0.283 65
64.558 66.600 0.291 65
64.558 66.600 0.297 81
64.558 66.600 0.307 81
64.558 66.600 0.315 81
64.558 66.600 0.323 97
64.558 66.600 0.328 97
64.558 66.600 0.334 97
64.558 66.600 0.340 97
64.430 66.523 0.344 113
64.430 66.523 0.346 113
64.301 66.445 0.350 113
64.172 66.445 0.356 129
64.172 66.445 0.360 129
64.043 66.407 0.362 129
64.043 66.407 0.364 145
63.871 66.407 0.365 145
63.742 66.407 0.366 145
63.613 66.445 0.365 161
63.485 66.484 0.366 161
63.356 66.523 0.371 161
63.356 66.523 0.373 177
63.141 66.677 0.373 177
63.012 66.832 0.374 177
62.840 66.986 0.377 177
62.711 67.180 0.378 193
62.583 67.412 0.377 194
62.368 67.605 0.375 194
62.153 67.875 0.380 209
61.981 68.107 0.381 209
61.767 68.417 0.379 209
61.638 68.649 0.380 225
61.509 68.958 0.382 225
61.337 69.267 0.382 225
61.208 69.499 0.382 241
61.079 69.808 0.382 241
60.951 70.040 0.384 241
60.822 70.195 0.383 257
60.736 70.504 0.382 257
60.564 70.736 0.382 257
60.435 71.006 0.384 257
60.349 71.354 0.385 273
60.263 71.664 0.384 273
60.220 72.011 0.383 273
60.135 72.359 0.386 289
60.049 72.707 0.385 289
59.963 72.978 0.384 289
59.920 73.248 0.384 305
59.877 73.558 0.385 305
59.877 73.867 0.385 305
59.877 74.215 0.385 321
59.877 74.485 0.385 321
59.963 74.795 0.387 321
60.049 75.065 0.386 337
60.135 75.297 0.385 337
60.220 75.645 0.387 337
60.349 75.877 0.389 354
60.521 76.186 0.389 354
60.650 76.457 0.389 354
60.908 76.805 0.390 354
61.079 77.230 0.393 370
61.337 77.578 0.394 370
61.595 77.964 0.394 370
61.767 78.312 0.395 386
62.024 78.660 0.396 386
62.153 78.892 0.397 386
62.368 79.278 0.397 402
62.540 79.626 0.397 402
62.754 79.974 0.398 402
62.969 80.322 0.399 418
63.184 80.709 0.396 418
63.442 81.057 0.396 418
63.742 81.404 0.396 434
64.043 81.830 0.399 434
64.344 82.178 0.397 434
64.773 82.487 0.396 434
65.117 82.835 0.398 450
65.546 83.105 0.398 450
65.890 83.337 0.397 450
66.233 83.608 0.396 466
66.620 83.801 0.397 466
67.006 83.994 0.397 466
67.436 84.110 0.396 482
67.780 84.226 0.396 483
68.209 84.265 0.397 483
68.681 84.304 0.399 498
69.154 84.342 0.398 498
69.712 84.342 0.399 498
70.228 84.304 0.400 514
70.786 84.226 0.400 514
71.387 84.149 0.398 514
71.946 83.994 0.399 514
72.504 83.840 0.400 530
73.062 83.646 0.401 530
73.578 83.414 0.401 530
74.093 83.260 0.401 546
74.651 83.067 0.401 546
75.210 82.796 0.401 546
75.768 82.603 0.402 562
76.241 82.371 0.401 562
76.713 82.100 0.403 562
77.142 81.946 0.403 578
77.529 81.714 0.402 578
77.958 81.482 0.403 578
78.345 81.289 0.404 594
78.732 81.057 0.403 594
79.161 80.825 0.402 594
79.505 80.515 0.403 594
79.805 80.245 0.404 611
80.192 79.936 0.405 611
80.492 79.588 0.403 611
80.836 79.240 0.403 627
81.223 78.815 0.405 627
81.523 78.351 0.405 627
81.953 77.887 0.402 643
82.296 77.462 0.400 643
82.597 77.037 0.401 643
82.898 76.611 0.400 659
83.155 76.225 0.399 659
83.413 75.761 0.401 659
83.671 75.336 0.402 675
84.014 74.949 0.403 675
84.272 74.485 0.401 675
84.573 74.021 0.402 675
84.830 73.558 0.404 691
85.045 73.094 0.402 691
85.346 72.669 0.402 691
85.603 72.166 0.402 691
85.861 71.625 0.403 707
86.162 71.045 0.403 708
86.419 70.388 0.403 708
86.720 69.770 0.404 723
87.064 69.035 0.406 723
87.321 68.262 0.406 739
87.708 67.450 0.405 739
87.966 66.638 0.405 739
88.266 65.865 0.407 755
88.567 65.092 0.407 755
88.868 64.397 0.405 755
89.168 63.662 0.405 755
89.469 62.928 0.407 771
89.812 62.155 0.408 771
90.113 61.459 0.406 771
90.500 60.724 0.407 787
90.886 60.029 0.408 787
91.230 59.333 0.409 787
91.702 58.598 0.407 787
92.046 57.941 0.407 803
92.346 57.245 0.409 803
92.690 56.550 0.409 803
92.991 55.854 0.408 819
93.377 55.081 0.408 820
93.807 54.308 0.410 820
94.236 53.535 0.410 835
94.709 52.684 0.409 835
95.224 51.834 0.409 835
95.739 50.984 0.411 851
96.255 50.133 0.410 851
96.813 49.360 0.409 851
97.286 48.626 0.409 867
97.801 47.891 0.411 867
98.359 47.195 0.411 867
98.918 46.500 0.410 883
99.433 45.804 0.410 883
99.948 45.108 0.411 883
100.421 44.490 0.412 899
100.936 43.832 0.410 899
101.452 43.214 0.410 899
101.881 42.557 0.412 899
102.354 41.861 0.412 915
102.783 41.243 0.410 915
103.213 40.586 0.410 915
103.685 39.890 0.412 931
104.200 39.155 0.413 931
104.802 38.382 0.411 931
105.360 37.609 0.411 931
105.961 36.836 0.414 947
106.563 36.063 0.414 948
107.164 35.290 0.412 948
107.808 34.478 0.412 963
108.409 33.705 0.414 963
109.011 32.932 0.413 979
109.526 32.236 0.411 979
109.999 31.618 0.411 979
110.428 31.038 0.413 995
110.858 30.497 0.413 995
111.330 29.994 0.412 995
111.717 29.492 0.412 995
112.189 29.028 0.414 1011
112.661 28.603 0.413 1011
113.134 28.100 0.412 1011
113.649 27.675 0.412 1027
114.122 27.095 0.413 1027
114.766 26.477 0.413 1027
115.367 25.858 0.411 1027
116.054 25.201 0.411 1043
116.699 24.583 0.414 1043
117.300 23.926 0.413 1043
117.858 23.307 0.411 1059
118.374 22.727 0.411 1059
118.760 22.147 0.414 1059
119.190 21.606 0.413 1076
119.619 21.065 0.412 1076
119.877 20.524 0.412 1076
120.306 19.983 0.414 1092
120.607 19.480 0.413 1092
120.908 19.016 0.412 1092
121.251 18.553 0.412 1092
121.552 18.166 0.414 1108
121.810 17.818 0.413 1108
122.110 17.432 0.412 1108
122.368 17.122 0.412 1124
122.583 16.775 0.413 1124
122.840 16.427 0.413 1124
123.012 16.117 0.412 1140
123.270 15.808 0.412 1140
123.528 15.499 0.414 1140
123.785 15.151 0.413 1156
124.129 14.842 0.412 1156
124.430 14.455 0.412 1156
124.730 14.107 0.414 1172
125.117 13.798 0.413 1172
125.417 13.412 0.412 1172
125.761 13.141 0.412 1172
126.019 12.832 0.414 1188
126.233 12.523 0.414 1188
126.405 12.329 0.412 1188
126.534 12.175 0.412 1204
126.706 12.020 0.414 1204
126.964 11.750 0.413 1221
127.092 11.556 0.413 1221
127.221 11.402 0.414 1221
127.350 11.247 0.414 1237
127.393 11.092 0.413 1237
127.565 10.976 0.413 1253
127.651 10.860 0.411 1253
127.651 10.860 0.412 1269
127.651 10.860 0.411 1269
127.651 10.860 0.412 1285
127.651 10.860 0.414 1301
127.823 10.822 0.415 1317
127.994 10.860 0.412 1317
128.209 10.860 0.414 1317
128.510 10.860 0.416 1333
128.810 10.822 0.416 1333
128.982 10.783 0.415 1333
129.326 10.706 0.416 1333
129.540 10.667 0.418 1349
129.669 10.628 0.417 1349
129.798 10.628 0.416 1349
129.927 10.590 0.419 1366
129.927 10.590 0.417 1382
130.056 10.590 0.418 1382
130.056 10.590 0.420 1382
130.056 10.590 0.417 1398
130.056 10.590 0.420 1414
130.056 10.590 0.418 1414
130.056 10.590 0.417 1414
130.185 10.551 0.420 1430
130.399 10.551 0.419 1430
130.571 10.513 0.417 1430
130.743 10.513 0.419 1446
130.872 10.513 0.418 1446
130.872 10.513 0.415 1462
130.872 10.513 0.412 1478
130.915 10.628 0.409 1478
130.958 10.822 0.410 1478
130.958 11.015 0.415 1495
130.958 11.170 0.416 1495
130.958 11.518 0.418 1495
130.915 11.827 0.419 1511
130.915 12.175 0.419 1511
130.829 12.639 0.421 1511
130.700 12.986 0.419 1511
130.571 13.373 0.422 1527
130.399 13.837 0.425 1527
130.228 14.262 0.426 1527
130.142 14.726 0.424 1543
129.970 15.228 0.426 1543
129.755 15.770 0.429 1543
129.540 16.349 0.428 1559
129.283 16.929 0.426 1559
129.025 17.509 0.427 1559
128.767 18.166 0.431 1575
128.510 18.823 0.429 1575
128.166 19.480 0.427 1575
127.823 20.215 0.429 1575
127.479 20.872 0.431 1591
127.135 21.529 0.430 1591
126.792 22.186 0.428 1591
126.577 22.843 0.429 1607
126.190 23.500 0.432 1607
125.890 24.196 0.431 1607
125.546 24.853 0.429 1607
125.160 25.510 0.431 1624
124.773 26.167 0.434 1624
124.430 26.825 0.433 1624
124.086 27.520 0.431 1640
123.742 28.178 0.433 1640
123.442 28.835 0.436 1640
123.141 29.492 0.436 1656
122.797 30.149 0.434 1656
122.583 30.845 0.436 1656
122.325 31.540 0.438 1672
121.981 32.275 0.437 1672
121.767 33.009 0.436 1672
121.466 33.782 0.436 1672
121.251 34.517 0.438 1688
121.079 35.213 0.437 1688
120.865 35.870 0.434 1688
120.693 36.527 0.436 1704
120.478 37.184 0.438 1704
120.220 37.802 0.437 1704
120.006 38.460 0.435 1720
119.748 39.078 0.436 1720
119.447 39.697 0.439 1720
119.276 40.276 0.438 1736
119.018 40.856 0.435 1736
118.803 41.436 0.436 1737
118.545 41.938 0.438 1752
118.245 42.441 0.437 1752
118.030 42.943 0.435 1752
117.772 43.369 0.436 1768
117.601 43.832 0.439 1768
117.386 44.296 0.438 1768
117.214 44.760 0.435 1768
116.999 45.224 0.438 1784
116.827 45.688 0.440 1784
116.699 46.190 0.438 1784
116.570 46.654 0.436 1800
116.355 47.195 0.437 1800
116.183 47.698 0.440 1800
116.011 48.200 0.438 1816
115.840 48.703 0.436 1816
115.754 49.205 0.438 1816
115.539 49.708 0.440 1832
115.367 50.210 0.439 1832
115.238 50.713 0.436 1832
114.981 51.177 0.437 1848
114.895 51.641 0.440 1848
114.766 52.066 0.439 1848
114.594 52.491 0.437 1848
114.508 52.955 0.438 1865
114.293 53.419 0.441 1865
114.165 53.921 0.439 1865
113.993 54.424 0.438 1881
113.864 54.888 0.438 1881
113.735 55.274 0.441 1881
113.649 55.699 0.439 1897
113.477 56.125 0.437 1897
113.349 56.550 0.438 1897
113.177 57.014 0.441 1913
113.005 57.439 0.440 1913
112.876 57.903 0.437 1913
112.747 58.328 0.439 1929
112.661 58.753 0.442 1929
112.576 59.217 0.440 1929
112.490 59.681 0.437 1929
112.404 60.222 0.438 1945
112.318 60.724 0.441 1945
112.275 61.227 0.439 1945
112.189 61.729 0.438 1962
112.103 62.232 0.438 1962
111.974 62.773 0.441 1962
111.888 63.314 0.440 1978
111.802 63.894 0.438 1978
111.759 64.397 0.440 1978
111.717 64.976 0.444 1994
111.674 65.479 0.443 1994
111.631 66.020 0.441 1994
111.545 66.561 0.442 2010
111.502 67.064 0.446 2010
111.416 67.566 0.444 2010
111.373 68.107 0.443 2010
111.330 68.571 0.444 2026
111.287 69.112 0.448 2026
111.287 69.615 0.446 2026
111.287 70.040 0.445 2042
111.287 70.504 0.447 2042
111.287 70.929 0.448 2042
111.287 71.316 0.447 2058
111.330 71.741 0.446 2058
111.459 72.166 0.448 2058
111.588 72.591 0.452 2074
111.717 73.016 0.451 2074
111.845 73.403 0.450 2074
111.931 73.790 0.451 2091
112.146 74.215 0.455 2091
112.318 74.563 0.453 2091
112.576 74.949 0.451 2091
112.747 75.297 0.453 2107
112.962 75.684 0.456 2107
113.263 76.070 0.452 2107
113.435 76.495 0.450 2123
113.821 76.882 0.450 2123
114.122 77.191 0.454 2123
114.465 77.539 0.453 2139
114.895 77.810 0.453 2139
115.281 78.042 0.455 2139
115.754 78.312 0.459 2155
116.269 78.583 0.458 2155
116.742 78.776 0.457 2155
117.257 79.085 0.459 2155
117.772 79.356 0.463 2171
118.288 79.626 0.462 2171
118.760 79.897 0.459 2171
119.233 80.167 0.462 2187
119.748 80.361 0.466 2187
120.135 80.593 0.462 2187
120.564 80.863 0.458 2187
121.036 81.018 0.458 2203
121.423 81.211 0.462 2203
121.981 81.289 0.459 2203
122.454 81.289 0.459 2219
122.969 81.250 0.461 2220
123.485 81.172 0.463 2220
123.914 81.095 0.463 2235
124.387 80.902 0.462 2235
124.859 80.709 0.462 2251
125.374 80.399 0.468 2251
126.019 80.013 0.467 2251
126.620 79.588 0.462 2251
127.264 79.008 0.460 2267
127.951 78.351 0.454 2267
128.639 77.578 0.435 2267
129.369 76.689 0.411 2283
130.185 75.722 0.379 2283
131.001 74.640 0.339 2283
131.946 73.442 0.283 2299
132.933 72.243 0.157 2299

% x_coordinate y_coordinate pressure time
% shape 1, 46 points
93.334 50.906 0.274 0
93.205 50.713 0.262 16
92.991 50.442 0.261 16
92.776 50.172 0.261 16
92.647 49.979 0.264 33
92.561 49.824 0.268 33
92.561 49.708 0.272 33
92.561 49.592 0.275 33
92.561 49.592 0.281 49
92.561 49.399 0.287 49
92.690 49.205 0.287 65
92.819 49.089 0.292 65
92.991 48.896 0.301 65
93.205 48.703 0.306 81
93.549 48.394 0.313 81
93.979 48.162 0.321 81
94.408 47.853 0.330 97
95.009 47.582 0.337 97
95.568 47.273 0.344 97
96.212 46.925 0.354 113
96.942 46.616 0.364 113
97.844 46.268 0.369 113
98.918 45.958 0.373 129
100.163 45.649 0.381 129
101.538 45.379 0.388 129
103.041 45.031 0.391 129
104.630 44.760 0.393 146
106.305 44.528 0.396 146
107.937 44.258 0.401 146
109.483 44.142 0.400 161
110.986 44.026 0.398 161
112.361 43.948 0.401 161
113.692 43.948 0.404 177
114.981 43.948 0.402 177
116.097 43.910 0.400 177
117.171 43.910 0.402 193
118.202 43.871 0.405 193
119.190 43.794 0.403 193
120.263 43.717 0.399 209
121.337 43.601 0.392 209
122.497 43.407 0.377 209
123.742 43.137 0.354 209
125.160 42.789 0.324 225
126.663 42.402 0.288 225
128.295 41.900 0.218 225
130.013 41.359 0.013 241

