% x_coordinate y_coordinate pressure time
% shape 0, 352 points
62.754 67.875 0.145 0
62.626 67.798 0.181 1
62.454 67.682 0.183 1
62.282 67.605 0.186 16
62.196 67.489 0.188 16
62.196 67.489 0.194 16
61.981 67.334 0.205 32
61.981 67.334 0.216 32
61.810 67.296 0.224 32
61.810 67.296 0.230 32
61.681 67.296 0.239 48
61.681 67.296 0.247 48
61.681 67.296 0.253 48
61.552 67.296 0.259 64
61.552 67.296 0.267 64
61.552 67.296 0.275 64
61.380 67.373 0.278 80
61.208 67.412 0.282 80
60.994 67.528 0.290 80
60.865 67.682 0.295 96
60.607 67.798 0.298 96
60.478 67.991 0.302 96
60.306 68.146 0.307 114
60.135 68.378 0.312 114
59.963 68.687 0.313 114
59.748 69.035 0.315 130
59.533 69.344 0.321 130
59.276 69.692 0.327 130
59.104 70.040 0.328 130
58.932 70.388 0.329 146
58.803 70.736 0.334 146
58.717 71.161 0.338 146
58.631 71.509 0.338 162
58.588 71.857 0.339 162
58.503 72.205 0.342 162
58.460 72.591 0.345 178
58.460 72.862 0.345 178
58.460 73.210 0.346 178
58.460 73.558 0.349 194
58.460 73.906 0.353 194
58.588 74.292 0.352 194
58.717 74.524 0.354 210
58.889 74.833 0.359 210
59.061 75.181 0.363 210
59.190 75.529 0.363 210
59.404 75.916 0.360 227
59.662 76.263 0.362 227
59.920 76.573 0.366 227
60.263 76.882 0.367 243
60.478 77.152 0.366 243
60.822 77.462 0.369 243
61.165 77.887 0.373 259
61.509 78.157 0.371 259
61.896 78.505 0.370 259
62.282 78.815 0.373 275
62.669 79.008 0.375 275
63.098 79.317 0.373 275
63.442 79.549 0.376 291
63.871 79.781 0.381 291
64.215 80.013 0.383 291
64.644 80.206 0.384 291
65.031 80.438 0.383 307
65.374 80.554 0.385 307
65.761 80.786 0.386 307
66.062 80.902 0.387 323
66.491 81.057 0.388 323
66.792 81.250 0.392 323
67.178 81.366 0.394 339
67.522 81.559 0.393 339
67.865 81.752 0.393 339
68.209 81.907 0.395 355
68.553 82.100 0.397 355
68.896 82.255 0.396 355
69.197 82.448 0.395 372
69.540 82.680 0.397 372
69.884 82.796 0.398 372
70.228 82.912 0.396 372
70.614 82.951 0.394 388
70.958 83.028 0.395 388
71.301 83.105 0.398 388
71.602 83.183 0.392 404
71.903 83.221 0.395 404
72.203 83.260 0.397 404
72.547 83.221 0.399 420
72.933 83.144 0.398 420
73.320 82.989 0.398 420
73.749 82.835 0.402 420
74.136 82.564 0.405 436
74.523 82.332 0.404 436
74.995 82.023 0.404 436
75.467 81.675 0.407 452
75.897 81.327 0.408 452
76.369 80.825 0.406 452
76.799 80.361 0.406 468
77.185 79.858 0.408 468
77.572 79.317 0.410 468
77.958 78.815 0.407 468
78.302 78.235 0.407 485
78.732 77.616 0.409 485
79.118 76.998 0.410 485
79.591 76.341 0.409 501
80.020 75.722 0.407 501
80.364 75.142 0.410 501
80.707 74.563 0.411 517
81.008 73.983 0.408 517
81.308 73.403 0.407 517
81.695 72.823 0.409 533
81.953 72.243 0.411 533
82.382 71.625 0.409 533
82.769 70.968 0.408 549
83.112 70.311 0.410 549
83.542 69.731 0.411 549
83.885 69.035 0.410 549
84.272 68.378 0.409 565
84.659 67.682 0.411 565
85.045 66.909 0.412 565
85.432 66.175 0.411 581
85.818 65.402 0.410 581
86.248 64.628 0.412 581
86.634 63.817 0.413 597
87.021 63.044 0.411 597
87.364 62.271 0.410 597
87.751 61.536 0.412 613
88.094 60.840 0.413 613
88.395 60.183 0.411 613
88.825 59.526 0.410 630
89.082 58.908 0.412 630
89.297 58.328 0.413 630
89.641 57.787 0.411 630
89.898 57.245 0.410 646
90.242 56.627 0.412 646
90.629 56.009 0.414 646
90.929 55.351 0.411 662
91.402 54.694 0.410 662
91.831 53.999 0.412 662
92.304 53.341 0.414 678
92.862 52.646 0.411 678
93.334 51.950 0.411 678
93.850 51.177 0.412 694
94.408 50.442 0.413 694
94.838 49.592 0.412 694
95.353 48.703 0.409 710
95.911 47.775 0.410 710
96.470 46.770 0.409 710
97.071 45.727 0.407 710
97.629 44.683 0.404 726
98.273 43.639 0.405 726
98.961 42.557 0.406 726
99.691 41.552 0.404 743
100.421 40.663 0.402 743
101.108 39.851 0.403 743
101.752 39.155 0.404 759
102.440 38.537 0.402 759
103.084 37.918 0.401 759
103.728 37.339 0.403 775
104.372 36.836 0.404 775
104.974 36.334 0.402 775
105.575 35.870 0.401 791
106.219 35.406 0.402 791
106.777 34.903 0.403 791
107.422 34.401 0.401 791
108.023 33.898 0.401 807
108.624 33.319 0.402 807
109.268 32.816 0.403 807
109.870 32.236 0.400 823
110.600 31.656 0.399 823
111.287 30.999 0.400 823
111.931 30.342 0.400 839
112.618 29.646 0.397 839
113.220 28.989 0.396 839
113.864 28.332 0.397 855
114.465 27.714 0.398 855
115.110 27.134 0.396 855
115.625 26.515 0.395 872
116.097 25.974 0.397 872
116.570 25.433 0.397 872
116.999 24.931 0.396 872
117.386 24.428 0.395 888
117.772 24.003 0.396 888
118.116 23.500 0.397 888
118.503 22.998 0.396 904
118.889 22.457 0.394 904
119.319 21.877 0.396 904
119.748 21.297 0.396 920
120.177 20.756 0.394 920
120.693 20.215 0.392 920
121.165 19.674 0.393 920
121.681 19.171 0.394 936
122.196 18.669 0.392 936
122.711 18.282 0.391 936
123.227 17.896 0.393 952
123.742 17.586 0.393 952
124.258 17.316 0.392 952
124.773 17.006 0.390 968
125.246 16.697 0.392 968
125.718 16.427 0.393 968
126.233 16.117 0.390 968
126.663 15.770 0.390 984
127.178 15.538 0.392 984
127.651 15.228 0.393 984
128.080 14.996 0.390 1001
128.596 14.726 0.390 1001
129.025 14.417 0.391 1001
129.412 14.185 0.392 1017
129.798 13.837 0.390 1017
130.228 13.605 0.389 1017
130.485 13.412 0.391 1033
130.743 13.334 0.392 1033
130.872 13.296 0.390 1033
130.872 13.296 0.392 1049
131.001 13.218 0.393 1049
131.001 13.218 0.391 1068
131.001 13.218 0.393 1084
131.001 13.218 0.392 1100
131.001 13.218 0.389 1100
131.001 13.218 0.391 1116
131.001 13.218 0.389 1116
130.872 13.218 0.390 1116
130.872 13.218 0.393 1132
130.872 13.218 0.395 1132
130.700 13.296 0.397 1132
130.571 13.373 0.396 1148
130.357 13.528 0.397 1148
130.185 13.721 0.404 1148
129.884 13.991 0.401 1148
129.497 14.223 0.403 1165
129.154 14.571 0.407 1165
128.724 14.958 0.410 1165
128.295 15.383 0.410 1181
127.865 15.924 0.409 1181
127.436 16.465 0.413 1181
127.006 17.084 0.414 1197
126.620 17.664 0.413 1197
126.233 18.243 0.413 1197
125.976 18.862 0.415 1213
125.589 19.480 0.416 1213
125.289 20.099 0.415 1213
124.988 20.756 0.413 1229
124.730 21.374 0.416 1229
124.430 22.070 0.417 1229
124.086 22.843 0.416 1229
123.699 23.616 0.415 1245
123.184 24.467 0.417 1245
122.711 25.317 0.418 1245
122.239 26.167 0.417 1261
121.724 27.057 0.416 1262
121.165 27.907 0.418 1262
120.650 28.757 0.419 1277
120.177 29.569 0.417 1277
119.748 30.381 0.417 1277
119.319 31.231 0.418 1293
118.846 32.120 0.420 1293
118.331 33.009 0.418 1293
117.858 33.860 0.416 1309
117.429 34.710 0.418 1309
116.956 35.522 0.419 1309
116.613 36.295 0.417 1325
116.183 37.068 0.416 1325
115.711 37.880 0.417 1325
115.324 38.691 0.419 1325
114.895 39.465 0.418 1341
114.465 40.238 0.417 1341
114.122 41.011 0.419 1341
113.692 41.745 0.420 1357
113.306 42.518 0.418 1357
112.962 43.253 0.417 1357
112.576 43.948 0.419 1373
112.189 44.644 0.419 1373
111.845 45.340 0.418 1373
111.459 46.036 0.417 1389
111.072 46.770 0.419 1389
110.686 47.466 0.420 1389
110.299 48.200 0.419 1405
109.913 48.896 0.418 1405
109.655 49.592 0.420 1405
109.268 50.288 0.421 1405
108.925 51.022 0.419 1422
108.538 51.718 0.418 1422
108.152 52.414 0.419 1422
107.808 53.187 0.421 1438
107.465 53.921 0.420 1438
107.078 54.694 0.418 1438
106.734 55.429 0.421 1454
106.391 56.163 0.422 1454
106.004 56.898 0.421 1454
105.747 57.593 0.420 1470
105.532 58.251 0.423 1470
105.274 58.869 0.424 1470
105.102 59.449 0.423 1486
105.016 60.067 0.422 1486
104.888 60.647 0.425 1486
104.759 61.227 0.426 1486
104.630 61.807 0.425 1502
104.501 62.387 0.424 1502
104.372 63.005 0.426 1502
104.372 63.585 0.428 1518
104.286 64.126 0.426 1518
104.243 64.706 0.425 1518
104.200 65.324 0.428 1534
104.157 65.943 0.429 1534
104.115 66.561 0.427 1534
104.115 67.141 0.426 1550
104.072 67.759 0.427 1551
104.072 68.417 0.428 1551
104.072 69.035 0.426 1566
104.072 69.731 0.425 1566
104.115 70.465 0.427 1566
104.157 71.084 0.429 1566
104.200 71.741 0.427 1582
104.243 72.321 0.424 1582
104.415 72.901 0.425 1582
104.587 73.480 0.426 1598
104.759 74.021 0.422 1598
105.016 74.408 0.422 1598
105.188 74.833 0.425 1614
105.446 75.181 0.427 1614
105.704 75.606 0.423 1614
105.961 76.109 0.424 1630
106.305 76.573 0.427 1630
106.648 77.075 0.429 1630
106.992 77.462 0.427 1646
107.336 77.887 0.424 1646
107.722 78.312 0.426 1646
108.066 78.660 0.427 1646
108.581 79.124 0.425 1663
109.054 79.472 0.422 1663
109.526 79.858 0.423 1663
110.127 80.206 0.425 1679
110.729 80.593 0.423 1679
111.416 80.941 0.424 1679
112.146 81.250 0.424 1695
112.876 81.520 0.423 1695
113.735 81.752 0.422 1695
114.723 81.984 0.419 1711
115.711 82.100 0.423 1711
116.827 82.100 0.425 1711
118.030 81.984 0.424 1727
119.276 81.791 0.423 1727
120.607 81.598 0.426 1727
121.938 81.366 0.428 1727
123.270 81.134 0.428 1743
124.515 80.786 0.428 1743
125.761 80.361 0.430 1743
126.878 79.858 0.431 1760
127.951 79.278 0.429 1760
128.982 78.660 0.424 1760
129.798 78.080 0.417 1776
130.528 77.423 0.400 1776
131.173 76.727 0.373 1776
131.774 75.954 0.334 1792
132.375 75.104 0.286 1792
132.976 74.176 0.182 1792

% x_coordinate y_coordinate pressure time
% shape 1, 55 points
87.708 56.666 0.034 0
87.450 56.511 0.292 0
87.236 56.357 0.291 0
86.935 56.125 0.292 16
86.677 55.893 0.292 16
86.505 55.738 0.294 16
86.291 55.545 0.296 32
86.119 55.351 0.302 32
86.033 55.120 0.309 32
85.947 54.849 0.313 32
85.947 54.617 0.315 48
85.947 54.346 0.318 48
85.947 54.115 0.323 48
85.947 53.805 0.325 64
86.076 53.612 0.328 64
86.205 53.303 0.333 64
86.334 53.032 0.342 81
86.548 52.800 0.346 81
86.806 52.568 0.347 81
87.150 52.336 0.352 97
87.579 52.105 0.360 97
88.094 51.795 0.366 97
88.696 51.409 0.371 113
89.469 51.099 0.378 113
90.371 50.752 0.386 113
91.402 50.404 0.388 113
92.604 50.056 0.389 129
93.979 49.708 0.393 129
95.353 49.437 0.398 129
96.770 49.167 0.402 145
98.230 49.051 0.401 145
99.562 48.935 0.402 145
100.893 48.858 0.405 161
102.139 48.858 0.406 161
103.384 48.858 0.405 161
104.673 48.858 0.406 177
106.004 48.858 0.409 177
107.336 48.858 0.410 177
108.624 48.896 0.407 194
109.784 48.896 0.406 194
110.815 48.935 0.410 194
111.759 49.012 0.410 194
112.661 49.051 0.408 210
113.477 49.089 0.407 210
114.379 49.128 0.410 210
115.195 49.128 0.410 226
116.054 49.167 0.407 226
116.913 49.167 0.405 226
117.729 49.167 0.403 242
118.631 49.089 0.392 242
119.705 48.974 0.370 242
120.865 48.742 0.345 258
122.153 48.471 0.313 258
123.613 48.123 0.264 258
125.246 47.659 0.159 274

