% x_coordinate y_coordinate pressure time
% shape 0, 393 points
64.172 67.914 0.227 0
64.172 67.914 0.232 0
64.172 67.798 0.231 16
64.172 67.798 0.232 16
64.172 67.798 0.230 32
64.086 67.682 0.232 32
64.086 67.682 0.235 48
64.086 67.682 0.233 48
64.086 67.566 0.234 64
64.086 67.566 0.237 64
64.086 67.566 0.242 64
64.086 67.566 0.251 81
64.086 67.566 0.265 81
64.086 67.566 0.280 81
64.086 67.566 0.291 81
64.086 67.566 0.297 97
64.086 67.566 0.304 97
64.086 67.566 0.313 97
63.957 67.528 0.314 113
63.957 67.528 0.317 113
63.656 67.566 0.322 113
63.442 67.605 0.327 129
63.227 67.682 0.326 129
63.012 67.759 0.333 129
62.883 67.875 0.341 145
62.669 68.069 0.343 145
62.454 68.223 0.343 145
62.196 68.494 0.346 161
61.938 68.764 0.352 161
61.681 69.112 0.352 161
61.380 69.460 0.352 177
61.122 69.808 0.354 177
60.865 70.233 0.357 177
60.693 70.620 0.357 177
60.478 71.084 0.355 193
60.306 71.509 0.357 193
60.092 71.934 0.360 193
59.877 72.321 0.359 209
59.748 72.746 0.356 209
59.576 73.171 0.358 209
59.361 73.596 0.362 226
59.147 74.060 0.361 226
58.975 74.408 0.359 226
58.846 74.756 0.363 242
58.717 75.065 0.368 242
58.588 75.297 0.368 242
58.460 75.568 0.366 258
58.374 75.800 0.368 258
58.331 76.031 0.373 258
58.288 76.263 0.374 258
58.245 76.495 0.372 274
58.159 76.766 0.375 274
58.116 77.037 0.379 274
58.073 77.346 0.379 290
58.030 77.616 0.378 290
58.030 77.810 0.380 290
58.030 78.080 0.384 306
58.030 78.273 0.383 306
58.073 78.583 0.382 306
58.159 78.892 0.385 322
58.288 79.240 0.390 322
58.417 79.588 0.389 322
58.545 79.897 0.387 338
58.631 80.245 0.390 339
58.846 80.593 0.395 339
59.018 80.902 0.394 339
59.190 81.172 0.391 354
59.490 81.520 0.393 354
59.662 81.791 0.395 354
59.920 82.100 0.393 370
60.220 82.409 0.391 370
60.521 82.680 0.391 370
60.908 82.912 0.397 386
61.337 83.144 0.396 386
61.810 83.376 0.393 386
62.368 83.608 0.396 402
62.840 83.762 0.402 402
63.399 83.956 0.398 402
63.957 84.033 0.396 418
64.515 84.110 0.399 418
65.074 84.188 0.403 418
65.632 84.265 0.402 418
66.062 84.342 0.401 434
66.534 84.458 0.402 434
66.878 84.535 0.405 434
67.307 84.574 0.403 450
67.780 84.651 0.401 450
68.166 84.690 0.402 450
68.639 84.729 0.406 466
69.068 84.767 0.403 467
69.497 84.806 0.398 467
69.884 84.845 0.402 482
70.271 84.845 0.404 482
70.700 84.845 0.403 482
71.087 84.806 0.399 498
71.516 84.767 0.402 498
71.946 84.729 0.405 498
72.375 84.651 0.404 498
72.848 84.535 0.401 514
73.363 84.381 0.403 514
73.835 84.226 0.407 514
74.351 83.994 0.405 530
74.823 83.762 0.404 530
75.296 83.530 0.404 530
75.725 83.221 0.408 546
76.155 82.951 0.406 546
76.541 82.603 0.404 546
76.842 82.255 0.407 562
77.185 81.868 0.410 562
77.529 81.559 0.408 562
77.873 81.211 0.405 578
78.302 80.825 0.408 578
78.603 80.399 0.411 578
78.903 79.858 0.410 578
79.204 79.317 0.407 595
79.419 78.737 0.409 595
79.719 78.119 0.411 595
80.063 77.462 0.410 611
80.278 76.727 0.408 611
80.621 75.993 0.410 611
80.879 75.220 0.413 627
81.094 74.447 0.410 627
81.394 73.674 0.409 627
81.523 72.978 0.411 643
81.695 72.321 0.414 643
81.910 71.741 0.412 643
82.082 71.161 0.410 659
82.253 70.659 0.412 659
82.468 70.117 0.415 659
82.683 69.576 0.413 659
82.941 68.996 0.411 675
83.198 68.378 0.413 675
83.370 67.759 0.416 675
83.671 67.102 0.414 691
83.928 66.484 0.411 691
84.272 65.827 0.413 691
84.659 65.170 0.416 707
85.002 64.474 0.413 707
85.389 63.701 0.411 707
85.818 62.928 0.414 724
86.248 62.155 0.416 724
86.634 61.459 0.414 724
87.021 60.802 0.412 739
87.407 60.106 0.414 739
87.837 59.449 0.417 739
88.266 58.869 0.415 739
88.610 58.289 0.413 755
88.953 57.787 0.414 755
89.340 57.284 0.417 755
89.684 56.704 0.414 771
90.113 56.163 0.412 771
90.543 55.622 0.415 771
91.015 55.081 0.417 787
91.445 54.540 0.415 787
91.960 53.960 0.413 787
92.475 53.303 0.415 803
92.991 52.568 0.417 803
93.592 51.834 0.415 803
94.150 51.022 0.414 819
94.752 50.210 0.416 819
95.310 49.399 0.417 819
95.868 48.587 0.416 819
96.384 47.737 0.414 835
96.899 46.964 0.417 836
97.414 46.152 0.419 836
97.930 45.379 0.417 851
98.488 44.606 0.415 851
99.004 43.871 0.417 851
99.519 43.137 0.419 867
100.077 42.441 0.417 867
100.593 41.745 0.415 867
101.194 41.049 0.417 883
101.795 40.354 0.419 883
102.354 39.619 0.418 883
102.912 38.846 0.417 899
103.470 38.073 0.419 899
104.029 37.261 0.420 899
104.587 36.488 0.419 915
105.102 35.638 0.417 915
105.661 34.749 0.419 915
106.133 33.898 0.421 915
106.606 33.009 0.419 931
107.078 32.275 0.417 931
107.379 31.579 0.419 931
107.765 30.961 0.421 947
108.152 30.381 0.418 947
108.538 29.801 0.417 947
108.968 29.337 0.419 964
109.397 28.912 0.421 964
109.741 28.448 0.418 964
110.213 28.023 0.417 980
110.772 27.520 0.419 980
111.373 27.018 0.421 980
112.103 26.515 0.418 996
112.790 25.974 0.417 996
113.520 25.433 0.419 996
114.293 24.892 0.421 996
115.024 24.351 0.418 1012
115.711 23.810 0.417 1012
116.398 23.268 0.419 1012
116.999 22.766 0.420 1028
117.643 22.341 0.418 1028
118.288 21.877 0.417 1028
118.889 21.413 0.419 1044
119.490 20.949 0.421 1044
120.092 20.485 0.419 1044
120.607 20.060 0.417 1060
121.122 19.674 0.419 1060
121.509 19.326 0.422 1060
121.938 18.939 0.419 1076
122.368 18.591 0.418 1076
122.711 18.166 0.420 1076
123.098 17.779 0.422 1076
123.399 17.393 0.419 1092
123.785 16.968 0.418 1093
124.215 16.581 0.419 1093
124.558 16.156 0.421 1108
124.945 15.731 0.419 1108
125.246 15.344 0.417 1108
125.546 15.035 0.420 1124
125.761 14.687 0.421 1124
126.062 14.339 0.419 1124
126.276 14.107 0.417 1140
126.448 13.837 0.420 1140
126.577 13.682 0.421 1140
126.663 13.528 0.419 1156
126.792 13.373 0.417 1156
126.878 13.257 0.420 1156
127.006 13.180 0.421 1156
127.135 12.986 0.419 1172
127.264 12.909 0.418 1172
127.479 12.793 0.420 1172
127.651 12.600 0.421 1188
127.908 12.445 0.419 1188
128.166 12.213 0.418 1188
128.510 11.943 0.420 1204
128.853 11.711 0.422 1204
129.154 11.518 0.419 1204
129.455 11.324 0.417 1220
129.712 11.092 0.419 1220
129.970 11.054 0.420 1220
130.056 10.938 0.419 1236
130.185 10.860 0.417 1237
130.185 10.860 0.419 1237
130.228 10.706 0.421 1237
130.357 10.667 0.419 1252
130.528 10.667 0.419 1252
130.528 10.667 0.421 1268
130.528 10.667 0.419 1268
130.700 10.628 0.422 1284
130.829 10.628 0.420 1284
130.958 10.590 0.419 1300
131.130 10.551 0.421 1300
131.258 10.474 0.423 1300
131.430 10.435 0.421 1316
131.559 10.435 0.419 1316
131.688 10.435 0.422 1316
131.688 10.435 0.425 1332
131.688 10.435 0.426 1348
131.688 10.435 0.425 1348
131.688 10.435 0.429 1364
131.688 10.435 0.431 1364
131.774 10.551 0.431 1380
131.731 10.667 0.438 1380
131.688 10.938 0.441 1380
131.645 11.247 0.440 1396
131.559 11.556 0.440 1396
131.430 11.981 0.443 1396
131.258 12.407 0.445 1396
131.044 12.909 0.444 1412
130.829 13.412 0.444 1412
130.571 13.991 0.446 1412
130.357 14.494 0.450 1428
130.142 15.035 0.449 1428
129.841 15.654 0.448 1428
129.583 16.311 0.451 1444
129.154 16.968 0.454 1444
128.767 17.702 0.452 1444
128.424 18.437 0.452 1460
127.994 19.171 0.454 1460
127.737 19.905 0.457 1460
127.350 20.640 0.455 1476
126.964 21.374 0.453 1476
126.706 22.109 0.456 1476
126.319 22.843 0.458 1476
125.976 23.655 0.456 1492
125.675 24.467 0.455 1492
125.289 25.278 0.457 1492
124.945 26.090 0.460 1508
124.558 26.902 0.458 1508
124.215 27.714 0.457 1508
123.914 28.525 0.459 1524
123.570 29.453 0.461 1524
123.227 30.342 0.458 1524
122.883 31.270 0.458 1540
122.454 32.120 0.459 1540
122.153 32.932 0.461 1540
121.810 33.744 0.459 1556
121.423 34.440 0.457 1556
121.122 35.174 0.460 1556
120.779 35.870 0.461 1556
120.521 36.527 0.459 1572
120.135 37.184 0.457 1572
119.834 37.841 0.459 1572
119.533 38.498 0.461 1588
119.233 39.117 0.458 1588
118.975 39.697 0.457 1588
118.631 40.315 0.459 1604
118.288 40.933 0.461 1604
117.944 41.513 0.459 1604
117.643 42.170 0.458 1620
117.386 42.828 0.460 1620
117.085 43.485 0.462 1620
116.827 44.219 0.459 1637
116.441 44.915 0.457 1637
116.183 45.649 0.460 1637
115.926 46.384 0.461 1637
115.582 47.118 0.459 1653
115.410 47.814 0.457 1653
115.110 48.510 0.459 1653
114.809 49.205 0.461 1669
114.637 49.901 0.459 1669
114.379 50.597 0.457 1669
114.165 51.254 0.459 1669
114.036 51.950 0.461 1685
113.778 52.568 0.458 1685
113.606 53.264 0.458 1685
113.392 53.960 0.459 1701
113.091 54.694 0.461 1701
112.833 55.429 0.459 1701
112.618 56.125 0.458 1717
112.361 56.859 0.460 1717
112.189 57.555 0.462 1717
112.017 58.251 0.459 1733
111.802 58.946 0.457 1733
111.674 59.642 0.459 1733
111.502 60.338 0.462 1733
111.373 60.995 0.460 1749
111.287 61.575 0.457 1749
111.158 62.193 0.459 1749
111.115 62.889 0.461 1765
111.029 63.546 0.459 1766
110.986 64.203 0.457 1766
110.901 64.822 0.459 1781
110.772 65.440 0.460 1781
110.686 66.059 0.458 1797
110.600 66.716 0.457 1797
110.557 67.334 0.459 1797
110.514 67.953 0.461 1797
110.428 68.571 0.459 1813
110.385 69.151 0.456 1813
110.342 69.770 0.458 1813
110.299 70.349 0.460 1813
110.256 70.968 0.458 1829
110.256 71.548 0.455 1829
110.256 72.127 0.457 1829
110.342 72.746 0.458 1845
110.514 73.326 0.457 1845
110.772 73.867 0.455 1845
110.986 74.369 0.455 1861
111.244 74.795 0.457 1861
111.588 75.258 0.455 1861
111.931 75.684 0.454 1877
112.361 76.070 0.456 1877
112.747 76.495 0.456 1877
113.177 76.882 0.454 1893
113.649 77.152 0.452 1894
114.122 77.578 0.454 1894
114.680 77.848 0.458 1894
115.195 78.157 0.457 1909
115.754 78.505 0.453 1909
116.312 78.776 0.456 1925
116.827 79.047 0.458 1925
117.472 79.317 0.456 1925
118.030 79.549 0.452 1925
118.631 79.781 0.454 1941
119.276 79.974 0.458 1941
119.920 80.052 0.454 1941
120.607 80.167 0.451 1957
121.251 80.167 0.456 1957
121.896 80.206 0.458 1957
122.540 80.206 0.455 1973
123.141 80.129 0.455 1973
123.656 80.013 0.456 1973
124.258 79.858 0.458 1973
124.687 79.588 0.454 1989
125.203 79.356 0.447 1989
125.761 78.969 0.435 1989
126.319 78.505 0.418 2005
127.049 78.003 0.381 2005
127.823 77.346 0.326 2005
128.681 76.495 0.266 2021
129.626 75.490 0.100 2021

% x_coordinate y_coordinate pressure time
% shape 1, 70 points
88.309 50.172 0.231 0
88.009 50.288 0.237 0
87.751 50.326 0.239 0
87.536 50.365 0.238 16
87.278 50.442 0.242 16
87.107 50.520 0.250 16
86.978 50.674 0.258 32
86.763 50.829 0.264 33
86.591 50.984 0.270 33
86.419 51.138 0.277 33
86.291 51.254 0.285 48
86.205 51.370 0.290 48
86.205 51.370 0.295 48
86.119 51.525 0.303 64
86.119 51.525 0.311 64
86.119 51.525 0.315 64
86.119 51.525 0.321 80
86.119 51.525 0.331 80
86.119 51.525 0.339 80
86.119 51.525 0.341 96
86.119 51.525 0.344 96
86.119 51.409 0.350 96
86.119 51.409 0.354 112
86.291 51.177 0.353 112
86.505 50.984 0.354 112
86.806 50.636 0.357 112
87.107 50.172 0.358 128
87.579 49.785 0.358 128
88.094 49.283 0.357 128
88.653 48.935 0.361 144
89.211 48.626 0.364 144
89.770 48.316 0.364 144
90.328 48.084 0.366 160
90.886 47.814 0.371 160
91.530 47.582 0.375 160
92.261 47.311 0.375 177
93.077 47.041 0.377 177
94.021 46.809 0.383 177
94.966 46.577 0.387 193
96.040 46.345 0.387 193
97.200 46.190 0.389 193
98.445 45.997 0.394 193
99.820 45.881 0.398 209
101.280 45.727 0.397 209
102.697 45.611 0.397 209
104.157 45.417 0.401 225
105.661 45.263 0.402 225
107.078 45.147 0.400 225
108.538 45.031 0.399 241
109.999 44.953 0.402 241
111.373 44.838 0.402 241
112.790 44.760 0.400 257
114.079 44.567 0.400 257
115.324 44.412 0.402 257
116.613 44.258 0.404 273
117.858 44.026 0.401 273
119.061 43.832 0.401 273
120.349 43.601 0.404 273
121.552 43.330 0.404 289
122.797 43.021 0.401 290
123.957 42.789 0.400 290
125.203 42.441 0.401 305
126.405 42.093 0.396 305
127.651 41.745 0.382 305
128.896 41.359 0.365 321
130.142 41.011 0.349 321
131.387 40.624 0.327 321
132.676 40.276 0.284 337
133.964 39.928 0.207 337
135.296 39.581 0.083 337

