% x_coordinate y_coordinate pressure time
% shape 0, 445 points
65.612 82.796 0.182 0
65.698 82.680 0.183 1
65.698 82.680 0.185 16
65.698 82.680 0.189 32
65.698 82.680 0.196 32
65.698 82.680 0.200 32
65.698 82.680 0.203 48
65.698 82.680 0.206 48
65.698 82.680 0.212 48
65.698 82.680 0.218 64
65.698 82.680 0.225 64
65.698 82.680 0.229 64
65.698 82.680 0.233 80
65.698 82.680 0.234 97
65.698 82.680 0.236 97
65.784 82.564 0.237 116
65.956 82.525 0.240 132
66.084 82.448 0.241 132
66.342 82.371 0.241 148
66.600 82.294 0.241 148
66.815 82.178 0.242 148
67.072 82.100 0.242 164
67.459 81.907 0.242 164
67.802 81.714 0.243 164
68.275 81.482 0.244 180
68.704 81.211 0.244 180
69.091 81.018 0.244 180
69.477 80.747 0.244 196
69.778 80.554 0.244 196
69.993 80.438 0.245 196
70.251 80.322 0.245 196
70.465 80.245 0.246 213
70.680 80.090 0.247 213
70.852 79.936 0.248 213
70.981 79.820 0.248 229
71.110 79.626 0.249 229
71.324 79.549 0.249 229
71.453 79.472 0.249 245
71.668 79.317 0.249 245
71.797 79.201 0.249 245
71.969 79.085 0.250 261
72.097 78.892 0.250 261
72.355 78.699 0.250 261
72.742 78.505 0.250 277
73.171 78.157 0.250 277
73.729 77.810 0.250 277
74.331 77.462 0.250 277
74.975 76.998 0.251 293
75.619 76.534 0.251 294
76.306 76.109 0.251 294
76.908 75.761 0.251 309
77.423 75.413 0.251 309
77.810 75.104 0.252 309
78.153 74.833 0.251 325
78.540 74.524 0.251 325
78.840 74.215 0.252 325
79.184 73.983 0.252 341
79.485 73.712 0.252 341
79.656 73.519 0.252 341
79.871 73.364 0.252 358
80.000 73.171 0.252 358
80.172 73.055 0.253 358
80.258 72.862 0.252 358
80.558 72.707 0.253 374
80.730 72.475 0.253 374
80.902 72.243 0.253 374
81.203 72.050 0.253 390
81.417 71.818 0.253 390
81.589 71.702 0.254 390
81.847 71.470 0.254 406
82.019 71.238 0.253 406
82.190 70.929 0.254 406
82.534 70.581 0.254 423
82.792 70.233 0.254 423
83.135 69.808 0.254 423
83.608 69.460 0.254 439
83.994 68.996 0.254 439
84.510 68.455 0.255 439
85.111 67.875 0.254 439
85.626 67.180 0.254 455
86.271 66.523 0.255 456
86.786 65.943 0.255 456
87.258 65.402 0.254 471
87.688 64.976 0.255 471
87.989 64.590 0.255 471
88.289 64.281 0.255 487
88.547 64.010 0.255 487
88.848 63.623 0.255 487
89.105 63.276 0.256 503
89.449 62.850 0.255 504
89.835 62.348 0.255 504
90.179 61.884 0.255 519
90.565 61.459 0.256 519
90.909 61.034 0.255 519
91.210 60.686 0.255 519
91.467 60.377 0.255 535
91.725 60.106 0.256 535
92.026 59.835 0.256 535
92.326 59.526 0.255 551
92.670 59.178 0.255 551
93.014 58.830 0.256 551
93.400 58.444 0.255 568
93.658 58.057 0.255 568
94.130 57.671 0.255 568
94.560 57.284 0.255 583
94.903 56.898 0.255 583
95.376 56.511 0.254 583
95.676 56.163 0.254 599
95.977 55.777 0.254 599
96.278 55.390 0.254 599
96.578 55.004 0.254 599
97.051 54.656 0.253 615
97.437 54.346 0.254 616
97.824 54.037 0.253 616
98.210 53.651 0.253 631
98.554 53.380 0.253 631
98.941 53.071 0.254 631
99.284 52.800 0.254 647
99.714 52.607 0.253 647
99.928 52.336 0.253 647
100.229 52.066 0.253 663
100.487 51.911 0.253 664
100.830 51.718 0.253 664
101.217 51.563 0.253 679
101.475 51.409 0.253 679
101.818 51.254 0.253 679
102.162 51.099 0.253 679
102.462 50.906 0.253 695
102.892 50.713 0.253 695
103.193 50.520 0.253 695
103.536 50.404 0.253 712
103.880 50.210 0.253 712
104.137 50.056 0.253 712
104.481 49.863 0.254 728
104.739 49.631 0.253 728
105.039 49.515 0.253 728
105.340 49.360 0.254 728
105.512 49.283 0.253 744
105.727 49.244 0.253 744
105.855 49.205 0.252 744
106.027 49.167 0.253 761
106.113 49.128 0.252 761
106.285 49.128 0.253 777
106.414 49.128 0.253 777
106.543 49.128 0.253 777
106.714 49.128 0.253 777
106.929 49.128 0.253 793
107.230 49.167 0.254 793
107.445 49.244 0.254 793
107.659 49.321 0.253 810
107.917 49.399 0.254 810
108.046 49.476 0.254 810
108.261 49.553 0.254 826
108.561 49.631 0.253 826
108.690 49.785 0.253 826
108.862 49.940 0.254 842
109.034 50.094 0.254 842
109.205 50.210 0.253 842
109.291 50.404 0.252 858
109.506 50.558 0.253 858
109.592 50.829 0.256 858
109.678 51.138 0.255 858
109.764 51.409 0.257 874
109.936 51.757 0.260 874
110.021 52.105 0.262 874
110.150 52.452 0.263 890
110.236 52.800 0.264 890
110.279 53.187 0.267 890
110.322 53.535 0.268 906
110.365 53.805 0.267 906
110.365 54.153 0.269 906
110.408 54.501 0.269 922
110.494 54.772 0.269 923
110.494 55.042 0.269 923
110.623 55.197 0.270 938
110.623 55.313 0.271 938
110.623 55.429 0.270 938
110.623 55.429 0.272 954
110.623 55.429 0.274 954
110.623 55.429 0.275 970
110.623 55.429 0.278 970
110.623 55.429 0.282 970
110.623 55.429 0.284 986
110.623 55.429 0.287 986
110.623 55.429 0.291 986
110.623 55.429 0.295 1002
110.623 55.429 0.298 1002
110.494 55.274 0.298 1019
110.408 55.120 0.297 1019
110.279 54.849 0.298 1019
110.107 54.540 0.299 1035
109.850 54.192 0.300 1035
109.506 53.805 0.300 1035
109.248 53.419 0.300 1035
108.905 52.994 0.300 1051
108.561 52.568 0.300 1051
108.261 52.105 0.301 1051
107.874 51.641 0.301 1067
107.487 51.177 0.300 1067
107.144 50.674 0.301 1067
106.757 50.210 0.301 1083
106.328 49.747 0.300 1083
105.941 49.321 0.300 1083
105.512 48.896 0.300 1099
105.125 48.510 0.300 1099
104.868 48.123 0.301 1099
104.524 47.814 0.300 1116
104.266 47.505 0.301 1116
103.923 47.234 0.302 1116
103.665 46.964 0.301 1116
103.364 46.654 0.300 1132
103.107 46.461 0.301 1132
102.849 46.306 0.302 1132
102.634 46.190 0.303 1132
102.377 46.113 0.302 1148
102.162 45.997 0.303 1148
101.947 45.920 0.303 1148
101.818 45.881 0.302 1164
101.646 45.804 0.300 1164
101.475 45.804 0.300 1181
101.217 45.804 0.301 1181
101.002 45.804 0.298 1181
100.573 45.958 0.298 1197
100.186 46.152 0.296 1197
99.757 46.422 0.296 1197
99.284 46.809 0.297 1213
98.855 47.157 0.297 1214
98.468 47.543 0.300 1214
97.996 48.007 0.300 1214
97.437 48.510 0.300 1229
96.922 49.089 0.301 1229
96.321 49.708 0.301 1229
95.676 50.365 0.302 1245
95.075 51.061 0.301 1245
94.388 51.757 0.303 1245
93.787 52.491 0.303 1262
93.185 53.225 0.304 1262
92.713 53.883 0.304 1262
92.198 54.501 0.305 1278
91.725 55.158 0.306 1278
91.424 55.777 0.306 1278
90.995 56.357 0.306 1294
90.608 56.936 0.307 1294
90.308 57.593 0.308 1294
89.878 58.251 0.309 1294
89.535 58.985 0.310 1311
89.191 59.758 0.310 1311
88.848 60.492 0.311 1311
88.547 61.266 0.311 1327
88.289 62.000 0.311 1327
88.117 62.696 0.311 1327
87.903 63.353 0.311 1343
87.731 64.010 0.312 1343
87.559 64.706 0.311 1343
87.430 65.402 0.313 1359
87.258 66.252 0.313 1359
87.087 67.141 0.314 1359
86.915 68.030 0.314 1375
86.743 68.958 0.314 1375
86.614 69.808 0.315 1375
86.485 70.736 0.315 1375
86.314 71.625 0.315 1391
86.228 72.475 0.315 1391
86.099 73.287 0.316 1391
86.013 74.021 0.316 1407
85.927 74.795 0.316 1408
85.841 75.490 0.316 1408
85.798 76.225 0.316 1408
85.755 76.882 0.316 1423
85.712 77.462 0.315 1423
85.841 78.042 0.315 1439
85.970 78.621 0.316 1439
86.056 79.124 0.317 1439
86.185 79.704 0.316 1455
86.271 80.167 0.316 1455
86.442 80.670 0.316 1455
86.614 81.211 0.316 1455
86.786 81.636 0.315 1471
87.001 82.062 0.314 1471
87.087 82.409 0.315 1471
87.215 82.719 0.313 1488
87.473 83.028 0.313 1488
87.645 83.221 0.312 1488
87.946 83.569 0.311 1488
88.246 83.762 0.310 1503
88.547 83.956 0.310 1503
88.933 84.188 0.311 1519
89.277 84.342 0.313 1519
89.707 84.535 0.313 1519
90.093 84.729 0.313 1535
90.480 84.845 0.314 1535
90.952 84.961 0.315 1535
91.467 84.999 0.314 1535
92.026 85.038 0.316 1551
92.670 85.077 0.317 1551
93.314 85.115 0.317 1551
94.044 85.115 0.319 1567
94.774 85.077 0.318 1568
95.548 85.038 0.319 1568
96.321 84.883 0.320 1583
97.094 84.651 0.320 1583
97.953 84.458 0.320 1583
98.769 84.149 0.321 1599
99.542 83.840 0.321 1599
100.315 83.608 0.322 1599
101.045 83.260 0.322 1615
101.818 82.912 0.322 1615
102.591 82.487 0.322 1615
103.321 81.946 0.322 1615
104.009 81.366 0.322 1631
104.739 80.747 0.322 1631
105.383 80.090 0.323 1631
106.113 79.433 0.323 1647
106.800 78.699 0.322 1648
107.445 77.964 0.321 1648
108.046 77.152 0.322 1663
108.561 76.263 0.321 1663
109.120 75.297 0.320 1663
109.592 74.331 0.319 1679
110.107 73.287 0.319 1679
110.580 72.243 0.319 1679
111.095 71.161 0.319 1695
111.611 70.156 0.319 1695
111.954 69.190 0.319 1695
112.427 68.262 0.320 1695
112.684 67.489 0.319 1711
112.942 66.677 0.319 1711
113.286 65.943 0.320 1711
113.543 65.208 0.320 1727
113.887 64.474 0.319 1727
114.102 63.662 0.319 1727
114.488 62.889 0.320 1743
114.746 62.116 0.320 1743
115.047 61.343 0.319 1743
115.390 60.570 0.319 1759
115.605 59.797 0.320 1759
115.991 59.062 0.319 1759
116.292 58.328 0.319 1775
116.464 57.671 0.319 1775
116.679 57.091 0.321 1775
116.807 56.550 0.321 1775
116.936 56.047 0.320 1791
117.022 55.583 0.320 1791
117.065 55.120 0.320 1792
117.151 54.694 0.319 1810
117.194 54.385 0.319 1811
117.237 54.115 0.319 1811
117.280 53.805 0.319 1811
117.323 53.535 0.318 1826
117.409 53.187 0.318 1826
117.495 52.878 0.318 1826
117.538 52.684 0.319 1842
117.581 52.530 0.319 1842
117.581 52.414 0.319 1842
117.581 52.259 0.319 1858
117.666 52.105 0.319 1859
117.666 51.873 0.318 1859
117.709 51.641 0.318 1874
117.666 51.370 0.319 1874
117.666 51.177 0.319 1874
117.666 51.022 0.319 1874
117.581 50.868 0.319 1890
117.581 50.752 0.319 1890
117.581 50.636 0.319 1890
117.538 50.520 0.319 1906
117.495 50.365 0.320 1906
117.495 50.249 0.321 1922
117.409 50.133 0.320 1938
117.280 50.056 0.321 1938
117.151 49.940 0.321 1938
117.151 49.940 0.319 1954
116.936 49.747 0.320 1955
116.850 49.631 0.320 1955
116.850 49.631 0.318 1970
116.764 49.515 0.316 1970
116.593 49.437 0.318 1986
116.464 49.360 0.316 2002
116.249 49.360 0.316 2002
116.077 49.321 0.315 2018
115.863 49.321 0.312 2018
115.562 49.321 0.311 2018
115.132 49.399 0.315 2034
114.660 49.476 0.315 2034
114.145 49.708 0.316 2034
113.672 50.017 0.313 2034
113.200 50.365 0.315 2050
112.684 50.829 0.313 2051
112.169 51.331 0.316 2051
111.654 51.834 0.317 2066
111.138 52.530 0.318 2066
110.623 53.264 0.319 2066
110.193 54.037 0.319 2082
109.764 54.888 0.320 2082
109.291 55.699 0.321 2082
108.991 56.588 0.323 2099
108.518 57.555 0.325 2099
108.046 58.521 0.326 2099
107.659 59.565 0.327 2115
107.316 60.570 0.328 2115
107.058 61.613 0.331 2115
106.800 62.618 0.332 2115
106.586 63.585 0.332 2131
106.457 64.513 0.333 2131
106.328 65.324 0.335 2131
106.285 66.213 0.336 2147
106.242 67.064 0.336 2148
106.199 67.875 0.337 2148
106.242 68.764 0.338 2163
106.285 69.615 0.337 2163
106.328 70.427 0.340 2163
106.414 71.277 0.338 2179
106.586 72.011 0.341 2179
106.757 72.785 0.340 2179
106.929 73.480 0.343 2195
107.187 74.176 0.345 2196
107.316 74.795 0.346 2196
107.573 75.336 0.344 2211
107.831 75.838 0.341 2211
108.046 76.341 0.344 2211
108.304 76.805 0.346 2211
108.561 77.307 0.345 2227
108.905 77.771 0.347 2227
109.205 78.235 0.346 2227
109.506 78.660 0.347 2243
109.850 79.047 0.347 2244
110.193 79.472 0.348 2244
110.580 79.858 0.347 2259
110.923 80.283 0.348 2259
111.353 80.631 0.348 2259
111.739 80.941 0.347 2275
112.126 81.289 0.348 2275
112.555 81.559 0.348 2275
112.899 81.791 0.349 2292
113.329 82.023 0.348 2292
113.844 82.178 0.348 2292
114.273 82.294 0.347 2292
114.832 82.332 0.345 2308
115.304 82.371 0.341 2308
115.948 82.409 0.332 2308
116.593 82.409 0.319 2308
117.409 82.409 0.305 2324
118.311 82.332 0.288 2324
119.299 82.178 0.257 2324
120.458 81.868 0.214 2340
121.704 81.482 0.151 2340

