% x_coordinate y_coordinate pressure time
% shape 0, 971 points
66.405 79.240 0.059 0
66.405 79.240 0.122 0
66.190 79.240 0.125 16
66.062 79.201 0.128 16
66.062 79.201 0.133 16
65.933 79.201 0.135 32
65.804 79.163 0.138 32
65.804 79.163 0.140 48
65.804 79.163 0.142 48
65.804 79.163 0.146 48
65.675 79.085 0.151 65
65.675 79.085 0.154 65
65.675 79.085 0.156 81
65.675 79.085 0.158 81
65.675 79.085 0.160 97
65.675 79.085 0.162 113
65.675 79.085 0.167 113
65.675 79.085 0.172 113
65.675 79.085 0.180 113
65.675 79.085 0.189 129
65.675 79.085 0.197 129
65.675 79.085 0.205 129
65.675 79.085 0.213 145
65.675 79.085 0.222 146
65.675 79.085 0.227 146
65.675 79.085 0.230 161
65.675 79.085 0.234 161
65.675 79.085 0.237 161
65.675 79.085 0.238 177
65.675 79.085 0.241 177
65.675 79.085 0.245 193
65.675 79.085 0.246 193
65.675 79.085 0.248 193
65.675 79.085 0.251 193
65.675 79.085 0.253 209
65.675 79.085 0.257 209
65.675 79.085 0.259 209
65.718 79.240 0.263 225
65.718 79.240 0.265 225
65.890 79.433 0.266 225
66.019 79.433 0.267 241
66.233 79.472 0.270 242
66.362 79.549 0.272 242
66.534 79.588 0.272 257
66.706 79.626 0.274 257
66.706 79.626 0.276 257
66.921 79.665 0.278 273
67.221 79.704 0.279 273
67.393 79.704 0.281 273
67.565 79.704 0.283 289
67.823 79.704 0.281 289
67.994 79.704 0.281 289
68.209 79.704 0.285 305
68.424 79.704 0.287 305
68.553 79.665 0.287 305
68.681 79.665 0.288 321
68.681 79.665 0.290 321
68.853 79.588 0.292 321
68.982 79.588 0.292 338
69.154 79.549 0.292 338
69.283 79.510 0.295 338
69.412 79.472 0.297 354
69.669 79.433 0.297 354
69.798 79.356 0.297 354
70.013 79.317 0.300 354
70.228 79.278 0.301 370
70.357 79.201 0.301 370
70.485 79.163 0.301 370
70.614 79.085 0.303 386
70.786 79.008 0.305 386
71.001 78.853 0.306 402
71.001 78.853 0.309 402
71.130 78.776 0.312 402
71.301 78.621 0.313 419
71.301 78.621 0.317 419
71.473 78.505 0.319 435
71.645 78.312 0.321 435
71.645 78.312 0.323 435
71.817 78.080 0.325 451
71.989 77.926 0.324 451
72.160 77.810 0.323 451
72.418 77.578 0.325 467
72.633 77.462 0.326 467
72.805 77.268 0.325 467
73.062 77.114 0.324 483
73.234 76.998 0.326 484
73.406 76.843 0.326 484
73.535 76.766 0.325 484
73.664 76.689 0.325 499
73.792 76.573 0.326 499
74.050 76.379 0.326 515
74.136 76.263 0.326 515
74.265 76.186 0.328 515
74.480 76.070 0.328 531
74.608 75.954 0.327 531
74.780 75.838 0.327 531
74.995 75.722 0.329 547
75.124 75.606 0.329 548
75.382 75.413 0.328 548
75.596 75.297 0.328 563
75.811 75.142 0.329 563
76.026 74.988 0.330 563
76.198 74.833 0.329 579
76.369 74.717 0.329 579
76.541 74.563 0.330 579
76.670 74.447 0.331 595
76.799 74.408 0.331 595
77.014 74.253 0.333 611
77.185 74.176 0.333 612
77.314 74.060 0.333 612
77.443 73.944 0.333 612
77.658 73.828 0.335 627
77.787 73.712 0.337 627
77.958 73.558 0.336 627
78.130 73.364 0.336 643
78.302 73.132 0.339 643
78.474 72.901 0.341 643
78.646 72.669 0.340 659
78.817 72.475 0.340 659
78.989 72.321 0.342 659
79.161 72.089 0.342 675
79.376 71.934 0.342 675
79.633 71.741 0.341 675
79.762 71.509 0.343 675
79.934 71.354 0.343 692
80.020 71.200 0.342 692
80.149 71.045 0.342 692
80.278 70.968 0.343 708
80.450 70.852 0.344 708
80.578 70.775 0.343 708
80.707 70.659 0.342 708
80.793 70.543 0.344 724
80.922 70.349 0.344 724
81.051 70.233 0.344 740
81.223 70.156 0.345 740
81.352 70.117 0.346 740
81.480 70.040 0.345 756
81.609 69.885 0.344 756
81.781 69.770 0.346 756
81.953 69.615 0.346 772
82.167 69.460 0.345 773
82.339 69.383 0.345 773
82.382 69.190 0.348 788
82.468 69.035 0.348 788
82.554 68.919 0.347 788
82.726 68.764 0.348 788
82.898 68.649 0.350 804
83.026 68.533 0.351 804
83.198 68.378 0.349 804
83.284 68.262 0.350 820
83.370 68.107 0.352 820
83.628 67.953 0.353 820
83.757 67.721 0.351 836
83.928 67.528 0.351 836
84.143 67.373 0.353 836
84.272 67.180 0.354 853
84.401 67.025 0.353 853
84.573 66.793 0.353 853
84.701 66.561 0.355 869
84.916 66.407 0.355 869
85.131 66.097 0.354 869
85.217 65.865 0.354 869
85.432 65.595 0.356 885
85.603 65.324 0.356 885
85.775 65.170 0.354 885
85.947 64.976 0.354 901
86.076 64.860 0.356 901
86.162 64.706 0.356 901
86.291 64.551 0.355 917
86.377 64.435 0.355 917
86.505 64.281 0.357 917
86.591 64.126 0.358 933
86.720 63.971 0.356 933
86.806 63.739 0.357 933
86.892 63.585 0.359 949
87.021 63.314 0.360 949
87.193 63.082 0.358 949
87.364 62.812 0.358 949
87.579 62.541 0.360 966
87.837 62.348 0.361 966
87.966 62.039 0.360 966
88.137 61.884 0.362 982
88.266 61.691 0.365 982
88.395 61.536 0.366 982
88.524 61.343 0.365 998
88.653 61.111 0.365 998
88.739 60.918 0.367 998
88.825 60.724 0.367 1014
88.911 60.608 0.366 1014
88.996 60.454 0.368 1014
89.168 60.299 0.370 1031
89.297 60.145 0.371 1031
89.426 60.029 0.370 1031
89.512 59.835 0.374 1047
89.598 59.719 0.374 1047
89.641 59.565 0.373 1047
89.727 59.410 0.374 1063
89.812 59.217 0.375 1063
89.855 59.062 0.376 1063
90.027 58.946 0.375 1079
90.156 58.714 0.375 1079
90.285 58.598 0.378 1079
90.414 58.444 0.378 1079
90.414 58.289 0.377 1095
90.457 58.057 0.377 1095
90.629 57.864 0.379 1095
90.800 57.671 0.379 1112
90.929 57.477 0.378 1112
91.058 57.362 0.378 1112
91.187 57.168 0.381 1128
91.359 56.975 0.381 1128
91.573 56.704 0.380 1128
91.745 56.472 0.380 1128
91.917 56.202 0.383 1144
92.132 55.970 0.384 1144
92.261 55.777 0.383 1144
92.432 55.545 0.384 1160
92.604 55.351 0.386 1160
92.776 55.120 0.386 1160
93.034 54.965 0.385 1176
93.248 54.733 0.385 1176
93.420 54.501 0.387 1176
93.635 54.308 0.387 1193
93.807 54.076 0.386 1193
94.021 53.921 0.386 1193
94.107 53.728 0.388 1209
94.236 53.612 0.388 1209
94.322 53.457 0.387 1209
94.408 53.341 0.387 1209
94.537 53.225 0.389 1225
94.709 53.148 0.389 1225
94.880 53.032 0.388 1225
95.009 52.916 0.389 1241
95.009 52.916 0.391 1241
95.181 52.723 0.390 1241
95.482 52.530 0.389 1258
95.654 52.375 0.391 1258
95.911 52.220 0.390 1274
96.126 52.066 0.388 1274
96.384 51.873 0.389 1274
96.555 51.718 0.391 1290
96.770 51.602 0.391 1290
96.985 51.447 0.389 1290
97.114 51.293 0.389 1290
97.286 51.216 0.391 1306
97.500 51.099 0.391 1307
97.672 51.022 0.390 1307
97.844 50.906 0.389 1322
98.059 50.829 0.391 1322
98.188 50.713 0.391 1322
98.316 50.636 0.390 1338
98.488 50.520 0.390 1338
98.617 50.442 0.392 1338
98.789 50.365 0.392 1354
98.961 50.288 0.390 1354
99.175 50.172 0.391 1354
99.304 50.094 0.392 1370
99.519 49.979 0.392 1370
99.734 49.901 0.390 1370
99.906 49.785 0.390 1370
100.120 49.669 0.393 1387
100.292 49.592 0.392 1387
100.464 49.515 0.390 1387
100.636 49.476 0.391 1403
100.807 49.399 0.393 1403
100.979 49.321 0.392 1403
101.194 49.244 0.391 1419
101.409 49.167 0.391 1419
101.623 49.089 0.392 1419
101.881 49.012 0.393 1435
102.096 48.935 0.391 1435
102.311 48.819 0.392 1435
102.568 48.742 0.394 1435
102.697 48.626 0.394 1452
102.912 48.548 0.392 1452
103.170 48.471 0.393 1452
103.427 48.355 0.395 1468
103.728 48.239 0.394 1468
104.029 48.084 0.392 1468
104.329 47.969 0.393 1468
104.544 47.853 0.395 1484
104.802 47.737 0.394 1484
104.974 47.659 0.392 1484
105.231 47.621 0.393 1500
105.360 47.543 0.395 1500
105.618 47.466 0.395 1500
105.833 47.427 0.393 1516
106.004 47.350 0.393 1516
106.219 47.311 0.395 1516
106.391 47.273 0.395 1533
106.606 47.195 0.393 1533
106.734 47.118 0.394 1533
106.949 47.079 0.396 1549
107.121 47.002 0.395 1549
107.250 46.964 0.393 1549
107.422 46.886 0.394 1549
107.636 46.848 0.396 1565
107.808 46.809 0.395 1565
107.980 46.770 0.395 1565
108.238 46.732 0.394 1581
108.409 46.693 0.396 1582
108.667 46.616 0.397 1582
109.011 46.538 0.396 1597
109.226 46.461 0.396 1597
109.526 46.384 0.399 1597
109.827 46.306 0.399 1613
110.084 46.268 0.397 1613
110.428 46.229 0.398 1613
110.686 46.190 0.400 1629
110.815 46.190 0.400 1629
111.072 46.152 0.398 1629
111.244 46.152 0.399 1629
111.416 46.113 0.401 1645
111.674 46.113 0.401 1645
111.845 46.113 0.399 1645
112.017 46.074 0.400 1661
112.232 46.074 0.402 1662
112.490 46.074 0.401 1677
112.790 46.074 0.402 1677
113.048 46.113 0.405 1677
113.306 46.152 0.405 1693
113.477 46.190 0.404 1693
113.606 46.268 0.405 1693
113.821 46.345 0.407 1709
113.950 46.422 0.407 1709
114.165 46.500 0.406 1709
114.336 46.616 0.406 1709
114.551 46.732 0.409 1725
114.766 46.809 0.408 1726
114.938 46.925 0.407 1726
115.195 47.002 0.407 1741
115.367 47.079 0.409 1741
115.539 47.195 0.408 1741
115.797 47.273 0.406 1757
115.926 47.389 0.407 1757
116.097 47.505 0.409 1757
116.269 47.582 0.408 1773
116.355 47.698 0.406 1773
116.484 47.775 0.408 1773
116.613 47.891 0.410 1789
116.785 47.969 0.410 1789
116.956 48.046 0.410 1789
117.128 48.123 0.413 1805
117.085 48.239 0.416 1821
117.085 48.239 0.417 1821
116.956 48.239 0.420 1837
116.956 48.239 0.425 1837
116.956 48.239 0.427 1853
116.956 48.239 0.429 1853
116.956 48.239 0.432 1853
116.956 48.239 0.436 1869
116.956 48.239 0.438 1869
116.956 48.239 0.440 1886
116.870 48.123 0.443 1886
116.742 48.046 0.444 1902
116.613 47.969 0.447 1902
116.484 47.891 0.447 1902
116.355 47.814 0.447 1918
116.140 47.737 0.448 1918
116.011 47.659 0.451 1918
115.754 47.582 0.452 1934
115.582 47.505 0.451 1934
115.410 47.427 0.452 1935
115.238 47.350 0.455 1950
115.024 47.234 0.455 1950
114.766 47.157 0.454 1950
114.508 47.079 0.455 1966
114.165 46.964 0.458 1966
113.950 46.848 0.458 1966
113.563 46.732 0.457 1966
113.306 46.616 0.458 1982
112.962 46.500 0.459 1982
112.661 46.384 0.458 1982
112.361 46.268 0.458 1998
112.103 46.190 0.458 1998
111.888 46.074 0.461 1998
111.631 45.997 0.460 2015
111.416 45.920 0.459 2015
111.115 45.804 0.459 2015
110.858 45.727 0.461 2031
110.514 45.649 0.461 2031
110.256 45.533 0.460 2031
109.999 45.495 0.461 2047
109.655 45.417 0.464 2047
109.440 45.379 0.463 2047
109.226 45.340 0.462 2047
108.925 45.301 0.463 2063
108.710 45.224 0.466 2063
108.409 45.185 0.466 2063
108.066 45.147 0.465 2079
107.808 45.108 0.466 2080
107.508 45.069 0.468 2080
107.250 45.069 0.468 2080
106.992 45.031 0.467 2095
106.692 45.031 0.468 2095
106.434 44.992 0.471 2111
106.047 44.992 0.471 2111
105.704 44.953 0.470 2111
105.403 44.953 0.472 2127
104.974 44.953 0.474 2127
104.673 44.953 0.474 2127
104.415 44.953 0.473 2127
104.072 44.953 0.475 2143
103.814 44.953 0.477 2143
103.556 44.953 0.476 2143
103.213 44.992 0.475 2143
102.955 45.031 0.476 2159
102.611 45.108 0.478 2160
102.225 45.185 0.478 2160
101.838 45.263 0.477 2175
101.366 45.417 0.478 2175
100.979 45.611 0.479 2191
100.507 45.804 0.480 2191
100.120 45.997 0.479 2191
99.820 46.113 0.479 2207
99.476 46.306 0.482 2207
99.261 46.422 0.481 2207
98.961 46.538 0.479 2207
98.617 46.732 0.480 2223
98.359 46.809 0.482 2223
97.973 47.002 0.481 2223
97.629 47.195 0.480 2239
97.243 47.427 0.480 2239
96.899 47.659 0.483 2239
96.555 47.930 0.482 2255
96.255 48.200 0.480 2256
95.997 48.432 0.481 2256
95.696 48.664 0.483 2271
95.396 48.935 0.482 2271
95.095 49.205 0.480 2271
94.838 49.476 0.481 2287
94.494 49.785 0.483 2287
94.193 50.094 0.482 2287
93.850 50.442 0.481 2287
93.549 50.790 0.481 2303
93.248 51.177 0.483 2303
92.991 51.525 0.483 2303
92.647 51.873 0.481 2320
92.346 52.259 0.481 2320
92.089 52.646 0.483 2320
91.788 53.071 0.483 2320
91.573 53.457 0.481 2336
91.402 53.844 0.482 2336
91.101 54.192 0.484 2336
90.886 54.617 0.483 2352
90.629 55.004 0.482 2352
90.328 55.390 0.482 2352
90.027 55.777 0.485 2368
89.770 56.163 0.484 2368
89.512 56.588 0.482 2368
89.254 57.014 0.483 2385
89.039 57.516 0.485 2385
88.825 57.941 0.485 2385
88.653 58.367 0.483 2385
88.438 58.676 0.484 2401
88.223 59.024 0.486 2401
88.009 59.410 0.485 2401
87.837 59.758 0.484 2417
87.622 60.145 0.484 2417
87.450 60.492 0.486 2417
87.236 60.802 0.485 2433
87.107 61.072 0.484 2433
86.935 61.382 0.485 2433
86.763 61.613 0.486 2450
86.677 61.961 0.485 2450
86.548 62.348 0.484 2450
86.419 62.734 0.484 2466
86.291 63.160 0.486 2466
86.162 63.508 0.486 2466
86.033 63.778 0.484 2466
85.904 64.010 0.484 2482
85.818 64.242 0.487 2482
85.689 64.513 0.486 2482
85.603 64.783 0.484 2498
85.518 65.092 0.485 2498
85.432 65.440 0.487 2498
85.346 65.749 0.487 2514
85.260 66.097 0.484 2514
85.174 66.445 0.485 2514
85.088 66.832 0.487 2531
85.002 67.257 0.486 2531
84.916 67.644 0.485 2531
84.873 67.953 0.485 2547
84.787 68.223 0.487 2547
84.701 68.571 0.486 2547
84.659 68.842 0.485 2547
84.573 69.151 0.485 2563
84.530 69.422 0.488 2563
84.444 69.615 0.486 2563
84.401 69.885 0.485 2579
84.358 70.156 0.485 2579
84.315 70.427 0.487 2579
84.272 70.736 0.486 2595
84.229 71.006 0.484 2595
84.186 71.238 0.485 2595
84.143 71.509 0.487 2612
84.100 71.818 0.486 2612
84.057 72.050 0.484 2612
83.971 72.398 0.485 2612
83.928 72.630 0.487 2628
83.885 72.939 0.485 2628
83.885 73.210 0.484 2628
83.885 73.558 0.484 2644
83.885 73.828 0.486 2644
83.885 74.021 0.485 2644
83.885 74.215 0.484 2644
83.885 74.331 0.484 2660
83.885 74.524 0.486 2660
83.928 74.756 0.486 2660
84.014 74.949 0.485 2677
84.057 75.220 0.485 2677
84.100 75.452 0.486 2677
84.143 75.606 0.486 2693
84.186 75.800 0.484 2693
84.229 76.031 0.485 2693
84.315 76.225 0.486 2709
84.358 76.457 0.486 2709
84.444 76.650 0.484 2709
84.487 76.805 0.484 2725
84.530 76.959 0.486 2725
84.573 77.152 0.485 2725
84.659 77.307 0.484 2725
84.701 77.423 0.483 2742
84.830 77.616 0.484 2742
84.916 77.771 0.484 2742
85.045 77.964 0.483 2758
85.174 78.119 0.483 2758
85.346 78.235 0.485 2758
85.518 78.428 0.485 2774
85.646 78.583 0.483 2774
85.861 78.737 0.483 2774
85.990 78.815 0.486 2791
86.119 79.008 0.486 2791
86.334 79.163 0.484 2791
86.419 79.317 0.485 2807
86.548 79.472 0.487 2807
86.720 79.588 0.487 2807
86.806 79.742 0.485 2807
86.935 79.858 0.485 2823
87.193 80.013 0.486 2823
87.321 80.129 0.486 2823
87.536 80.206 0.484 2839
87.751 80.361 0.485 2840
87.923 80.515 0.486 2840
88.094 80.670 0.485 2855
88.352 80.786 0.484 2855
88.567 80.863 0.485 2855
88.868 80.979 0.486 2871
89.168 81.095 0.486 2871
89.383 81.211 0.484 2871
89.641 81.327 0.485 2887
89.855 81.327 0.487 2887
90.113 81.366 0.487 2887
90.328 81.404 0.485 2887
90.629 81.404 0.486 2903
90.800 81.443 0.488 2903
91.058 81.443 0.487 2903
91.273 81.443 0.485 2903
91.445 81.482 0.485 2920
91.659 81.482 0.487 2920
91.917 81.520 0.487 2920
92.175 81.520 0.485 2936
92.432 81.520 0.485 2936
92.690 81.520 0.488 2936
92.991 81.520 0.487 2952
93.377 81.520 0.486 2952
93.635 81.520 0.487 2952
94.021 81.520 0.488 2968
94.365 81.520 0.487 2968
94.580 81.520 0.486 2968
94.923 81.520 0.486 2984
95.138 81.482 0.488 2984
95.439 81.482 0.488 2984
95.739 81.482 0.486 3000
95.997 81.482 0.486 3001
96.255 81.443 0.488 3001
96.513 81.404 0.488 3001
96.727 81.366 0.487 3016
96.899 81.327 0.486 3016
97.114 81.289 0.489 3016
97.243 81.250 0.489 3032
97.457 81.211 0.487 3032
97.672 81.211 0.487 3032
97.801 81.172 0.490 3048
98.016 81.134 0.489 3048
98.145 81.134 0.488 3048
98.359 81.057 0.488 3064
98.574 81.018 0.490 3064
98.746 80.979 0.489 3064
98.961 80.941 0.488 3080
99.089 80.941 0.488 3080
99.347 80.902 0.490 3080
99.519 80.863 0.488 3080
99.863 80.825 0.486 3096
100.120 80.786 0.485 3096
100.421 80.709 0.487 3096
100.679 80.554 0.485 3113
100.936 80.438 0.484 3113
101.194 80.322 0.485 3113
101.409 80.245 0.487 3129
101.623 80.206 0.487 3129
101.752 80.167 0.486 3129
101.924 80.129 0.487 3145
102.053 79.974 0.488 3145
102.225 79.858 0.489 3145
102.397 79.781 0.487 3161
102.654 79.665 0.487 3161
102.912 79.626 0.490 3161
103.084 79.549 0.489 3161
103.299 79.472 0.487 3177
103.384 79.356 0.487 3177
103.556 79.163 0.489 3177
103.728 79.008 0.488 3194
103.943 78.853 0.485 3194
104.200 78.699 0.486 3194
104.415 78.583 0.488 3210
104.501 78.467 0.488 3210
104.630 78.312 0.486 3210
104.759 78.196 0.487 3226
104.888 78.080 0.488 3226
104.974 77.926 0.488 3226
105.188 77.771 0.487 3242
105.274 77.539 0.487 3243
105.489 77.307 0.490 3243
105.747 77.152 0.489 3243
105.875 76.959 0.487 3258
106.004 76.805 0.488 3258
106.090 76.534 0.490 3258
106.262 76.341 0.489 3274
106.434 76.070 0.488 3274
106.692 75.838 0.488 3274
106.906 75.606 0.490 3290
107.078 75.374 0.490 3290
107.293 75.104 0.488 3290
107.422 74.795 0.489 3306
107.593 74.563 0.491 3306
107.679 74.331 0.490 3307
107.851 74.137 0.489 3322
108.023 73.906 0.489 3322
108.152 73.712 0.490 3322
108.367 73.442 0.491 3322
108.452 73.171 0.489 3338
108.538 73.016 0.489 3338
108.710 72.862 0.490 3338
108.753 72.707 0.490 3354
108.882 72.553 0.488 3354
108.968 72.321 0.489 3354
109.011 72.011 0.490 3370
109.226 71.779 0.491 3370
109.397 71.470 0.489 3370
109.526 71.161 0.489 3387
109.784 70.852 0.491 3387
109.913 70.504 0.490 3387
110.042 70.233 0.489 3403
110.256 69.924 0.489 3403
110.342 69.538 0.491 3403
110.428 69.267 0.490 3403
110.600 68.880 0.489 3419
110.729 68.533 0.489 3419
110.943 68.146 0.491 3419
111.158 67.721 0.491 3435
111.330 67.257 0.490 3435
111.545 66.870 0.490 3435
111.717 66.484 0.492 3452
111.888 66.136 0.491 3452
112.017 65.865 0.490 3452
112.146 65.440 0.490 3452
112.232 65.054 0.492 3468
112.447 64.628 0.492 3468
112.618 64.126 0.490 3468
112.833 63.701 0.490 3484
113.005 63.314 0.493 3484
113.048 62.889 0.492 3484
113.177 62.425 0.491 3500
113.263 61.961 0.491 3500
113.392 61.575 0.492 3500
113.520 61.188 0.491 3500
113.692 60.840 0.491 3516
113.864 60.492 0.491 3516
113.993 60.067 0.493 3516
114.122 59.681 0.492 3532
114.165 59.294 0.491 3532
114.208 58.908 0.491 3532
114.208 58.560 0.493 3548
114.251 58.212 0.493 3548
114.336 57.903 0.491 3548
114.465 57.516 0.491 3564
114.637 57.130 0.493 3564
114.852 56.704 0.492 3564
115.067 56.279 0.491 3580
115.195 55.931 0.491 3580
115.324 55.545 0.493 3580
115.367 55.120 0.493 3580
115.453 54.849 0.491 3596
115.582 54.385 0.491 3596
115.711 54.076 0.492 3596
115.797 53.767 0.492 3613
115.926 53.496 0.491 3613
115.926 53.264 0.491 3613
115.926 53.071 0.493 3629
116.011 52.916 0.492 3629
116.097 52.684 0.491 3629
116.183 52.568 0.492 3645
116.226 52.336 0.492 3645
116.226 52.105 0.493 3645
116.226 51.911 0.491 3661
116.269 51.718 0.491 3661
116.312 51.563 0.493 3661
116.355 51.447 0.492 3661
116.398 51.254 0.492 3678
116.441 51.061 0.492 3678
116.484 50.906 0.493 3678
116.527 50.674 0.493 3694
116.570 50.558 0.491 3694
116.570 50.404 0.492 3694
116.570 50.249 0.493 3710
116.656 50.094 0.490 3710
116.742 49.979 0.492 3726
116.742 49.824 0.491 3742
116.827 49.669 0.493 3742
116.956 49.515 0.491 3758
116.999 49.399 0.492 3758
117.042 49.244 0.492 3774
117.085 49.089 0.491 3774
117.085 49.089 0.493 3790
117.257 48.935 0.492 3790
117.300 48.819 0.491 3790
117.386 48.703 0.491 3806
117.386 48.703 0.493 3806
117.515 48.548 0.492 3806
117.515 48.548 0.491 3823
117.643 48.432 0.491 3823
117.686 48.316 0.492 3823
117.729 48.200 0.492 3839
117.729 48.200 0.490 3856
117.729 48.200 0.488 3888
117.729 48.200 0.490 3904
117.772 48.316 0.489 3927
117.772 48.316 0.491 3943
117.772 48.316 0.489 3959
117.772 48.316 0.491 3959
117.772 48.316 0.490 3975
117.772 48.316 0.488 3991
117.772 48.316 0.486 3991
117.772 48.316 0.488 4007
117.686 48.471 0.488 4007
117.686 48.587 0.489 4024
117.643 48.780 0.490 4024
117.601 49.012 0.490 4024
117.515 49.205 0.489 4040
117.386 49.399 0.491 4040
117.300 49.592 0.492 4040
117.171 49.824 0.492 4040
117.042 50.056 0.491 4056
116.913 50.365 0.491 4056
116.785 50.674 0.492 4056
116.656 50.906 0.492 4072
116.484 51.216 0.491 4072
116.398 51.486 0.491 4072
116.269 51.718 0.492 4088
116.097 52.066 0.492 4088
115.969 52.375 0.490 4088
115.711 52.646 0.491 4105
115.582 53.032 0.492 4105
115.453 53.303 0.492 4105
115.324 53.651 0.491 4121
115.238 53.999 0.492 4121
115.110 54.346 0.493 4121
114.895 54.694 0.492 4137
114.723 55.042 0.492 4137
114.508 55.390 0.492 4137
114.293 55.777 0.493 4137
114.122 56.240 0.493 4153
113.950 56.704 0.492 4153
113.821 57.168 0.492 4153
113.649 57.632 0.493 4170
113.477 58.057 0.493 4170
113.306 58.521 0.492 4170
113.005 58.985 0.492 4186
112.790 59.449 0.493 4186
112.533 59.951 0.493 4186
112.275 60.377 0.492 4202
112.103 60.802 0.493 4202
111.888 61.227 0.494 4202
111.674 61.613 0.493 4218
111.545 61.923 0.492 4218
111.416 62.271 0.492 4218
111.373 62.541 0.494 4218
111.244 62.812 0.493 4234
111.158 63.121 0.492 4234
111.029 63.353 0.492 4234
110.901 63.546 0.494 4251
110.772 63.739 0.493 4251
110.686 63.894 0.491 4251
110.643 64.049 0.492 4267
110.643 64.281 0.494 4267
110.600 64.435 0.493 4267
110.557 64.590 0.492 4283
110.471 64.822 0.493 4283
110.428 65.054 0.494 4283
110.342 65.324 0.493 4299
110.299 65.595 0.492 4299
110.256 65.865 0.493 4299
110.213 66.059 0.493 4299
110.170 66.291 0.493 4315
110.127 66.523 0.492 4315
110.084 66.716 0.493 4315
109.999 66.909 0.494 4331
109.956 67.025 0.493 4331
109.870 67.296 0.493 4331
109.827 67.489 0.493 4347
109.784 67.682 0.493 4347
109.741 67.914 0.492 4347
109.741 68.030 0.492 4364
109.741 68.223 0.493 4364
109.698 68.339 0.492 4364
109.698 68.455 0.492 4380
109.655 68.610 0.492 4380
109.612 68.842 0.493 4396
109.569 68.996 0.492 4396
109.569 69.190 0.492 4396
109.612 69.383 0.493 4396
109.612 69.576 0.492 4412
109.655 69.731 0.491 4412
109.655 69.924 0.492 4412
109.612 70.079 0.493 4428
109.612 70.233 0.492 4428
109.612 70.504 0.491 4428
109.612 70.659 0.492 4444
109.612 70.929 0.492 4444
109.655 71.161 0.492 4444
109.655 71.354 0.490 4461
109.698 71.548 0.491 4461
109.698 71.741 0.493 4461
109.698 71.934 0.491 4477
109.741 72.166 0.490 4477
109.784 72.359 0.491 4477
109.827 72.514 0.492 4477
109.827 72.746 0.492 4493
109.870 72.901 0.491 4493
109.913 73.055 0.491 4493
109.999 73.287 0.492 4509
110.084 73.442 0.492 4509
110.127 73.596 0.492 4509
110.213 73.751 0.491 4525
110.213 73.906 0.492 4525
110.256 74.099 0.492 4525
110.299 74.253 0.491 4541
110.342 74.447 0.491 4541
110.471 74.601 0.491 4557
110.514 74.717 0.491 4557
110.686 74.872 0.491 4557
110.772 74.988 0.491 4557
110.901 75.220 0.491 4573
111.029 75.452 0.491 4573
111.158 75.684 0.491 4573
111.287 75.954 0.492 4589
111.416 76.147 0.491 4590
111.545 76.418 0.491 4590
111.588 76.650 0.491 4605
111.674 76.921 0.492 4605
111.888 77.191 0.492 4605
112.060 77.384 0.491 4621
112.232 77.655 0.491 4621
112.447 77.848 0.493 4621
112.576 78.080 0.492 4637
112.704 78.351 0.492 4637
112.833 78.544 0.492 4637
112.919 78.776 0.494 4637
113.048 78.969 0.493 4654
113.220 79.163 0.492 4654
113.349 79.317 0.493 4654
113.477 79.549 0.494 4670
113.649 79.665 0.493 4670
113.692 79.820 0.492 4670
113.821 79.936 0.492 4686
113.821 79.936 0.494 4686
114.036 80.129 0.493 4686
114.165 80.322 0.492 4702
114.293 80.477 0.493 4702
114.422 80.631 0.493 4703
114.551 80.786 0.494 4718
114.680 80.902 0.491 4718
114.809 81.057 0.492 4718
114.938 81.327 0.492 4734
115.110 81.404 0.491 4734
115.281 81.482 0.492 4750
115.453 81.559 0.493 4750
115.625 81.598 0.491 4750
115.797 81.675 0.492 4766
115.969 81.791 0.493 4766
116.140 81.907 0.493 4766
116.355 82.023 0.492 4782
116.484 82.139 0.492 4782
116.656 82.216 0.493 4782
116.827 82.294 0.492 4798
117.085 82.409 0.492 4798
117.300 82.487 0.492 4798
117.601 82.603 0.492 4798
117.858 82.719 0.493 4814
117.987 82.835 0.492 4814
118.202 82.912 0.492 4814
118.331 82.912 0.493 4830
118.588 82.912 0.493 4830
118.846 82.951 0.492 4830
118.975 82.951 0.493 4846
119.147 82.989 0.494 4847
119.319 82.989 0.493 4847
119.490 82.989 0.492 4862
119.662 82.989 0.491 4862
119.877 82.989 0.492 4862
120.049 82.989 0.491 4878
120.263 82.989 0.490 4878
120.478 82.989 0.491 4878
120.736 82.989 0.492 4878
121.036 82.951 0.491 4894
121.337 82.951 0.491 4894
121.638 82.912 0.491 4894
121.810 82.835 0.493 4910
122.110 82.796 0.492 4910
122.239 82.719 0.492 4910
122.540 82.641 0.492 4926
122.797 82.603 0.493 4926
123.055 82.487 0.493 4926
123.399 82.409 0.491 4943
123.699 82.294 0.491 4943
123.957 82.139 0.491 4943
124.215 82.023 0.491 4959
124.472 81.907 0.491 4959
124.730 81.791 0.491 4959
124.988 81.675 0.492 4959
125.160 81.559 0.492 4975
125.417 81.404 0.491 4975
125.675 81.289 0.491 4975
125.890 81.211 0.493 4991
126.147 81.134 0.492 4991
126.405 81.018 0.492 4991
126.534 80.902 0.492 5007
126.663 80.786 0.493 5007
126.878 80.670 0.493 5007
127.049 80.554 0.492 5007
127.221 80.477 0.492 5023
127.350 80.361 0.493 5023
127.522 80.206 0.491 5040
127.608 80.090 0.492 5040
127.737 80.013 0.493 5040
127.823 79.897 0.492 5056
127.951 79.820 0.490 5056
128.080 79.704 0.490 5056
128.209 79.626 0.491 5056
128.338 79.549 0.491 5072
128.553 79.433 0.488 5072
128.724 79.278 0.488 5072
128.939 79.163 0.489 5088
129.111 79.008 0.487 5088
129.111 79.008 0.484 5088
129.240 78.892 0.482 5104
129.240 78.892 0.478 5104
129.369 78.815 0.471 5104
129.369 78.815 0.464 5120
129.497 78.660 0.459 5120
129.497 78.660 0.455 5120
129.755 78.351 0.447 5136
129.884 78.157 0.438 5137
130.142 78.003 0.427 5137
130.399 77.771 0.412 5137
130.657 77.616 0.395 5152
131.044 77.346 0.370 5152
131.473 76.959 0.337 5152
132.074 76.495 0.294 5168
132.762 75.877 0.185 5168

