% x_coordinate y_coordinate pressure time
% shape 0, 101 points
140.495 81.404 0.136 0
140.367 81.366 0.174 1
140.367 81.366 0.169 16
140.281 81.250 0.169 16
140.281 81.250 0.171 16
140.281 81.250 0.176 32
140.152 81.211 0.176 33
140.152 81.211 0.179 48
140.152 81.211 0.189 64
140.152 81.211 0.208 64
140.152 81.211 0.228 64
140.152 81.211 0.245 80
140.152 81.211 0.261 80
140.152 81.211 0.278 80
140.152 81.211 0.290 80
140.152 81.211 0.297 96
140.152 81.211 0.306 96
140.152 81.211 0.318 96
140.152 81.211 0.326 113
140.152 81.211 0.332 113
140.152 81.095 0.339 113
140.152 81.095 0.348 129
140.152 81.095 0.352 129
140.152 81.095 0.356 129
140.152 81.095 0.361 145
140.152 81.095 0.366 145
140.152 81.095 0.370 145
140.152 81.095 0.373 161
140.152 81.095 0.378 161
140.324 80.979 0.385 161
140.452 80.941 0.390 161
140.624 80.902 0.393 177
140.753 80.825 0.397 177
141.054 80.670 0.403 177
141.183 80.554 0.405 194
141.440 80.438 0.404 194
141.741 80.361 0.406 194
141.999 80.322 0.409 210
142.342 80.206 0.410 210
142.729 80.013 0.409 210
143.072 79.858 0.409 226
143.416 79.588 0.411 226
143.802 79.394 0.411 226
144.318 79.163 0.409 242
144.661 78.931 0.409 242
145.134 78.699 0.411 242
145.520 78.428 0.412 242
146.079 78.157 0.410 258
146.594 77.848 0.411 258
147.067 77.500 0.413 258
147.582 77.191 0.413 258
148.011 76.882 0.411 275
148.441 76.495 0.411 275
148.870 76.186 0.414 275
149.171 75.838 0.414 291
149.601 75.490 0.412 291
149.901 75.220 0.413 291
150.245 74.949 0.415 307
150.588 74.717 0.415 307
150.889 74.447 0.413 307
151.233 74.176 0.414 323
151.619 73.983 0.416 323
151.920 73.712 0.416 323
152.306 73.519 0.415 339
152.779 73.210 0.416 339
153.079 72.939 0.418 339
153.552 72.669 0.417 339
153.938 72.359 0.416 355
154.239 72.127 0.416 355
154.669 71.934 0.418 355
155.012 71.702 0.418 371
155.399 71.509 0.417 371
155.785 71.277 0.417 371
156.215 71.006 0.419 387
156.644 70.813 0.419 387
157.074 70.581 0.417 387
157.589 70.349 0.417 403
158.062 70.156 0.419 403
158.448 69.963 0.419 403
158.921 69.847 0.417 419
159.350 69.692 0.417 419
159.780 69.499 0.419 419
160.252 69.306 0.419 419
160.724 69.074 0.417 436
161.240 68.803 0.418 436
161.669 68.571 0.420 436
162.099 68.339 0.420 452
162.399 68.107 0.418 452
162.786 67.914 0.418 452
163.172 67.644 0.420 468
163.559 67.450 0.420 468
164.031 67.218 0.418 468
164.375 66.909 0.418 484
164.676 66.638 0.419 484
164.933 66.407 0.416 484
165.234 66.175 0.403 500
165.492 65.865 0.386 501
165.835 65.595 0.360 501
166.136 65.286 0.321 501
166.480 64.938 0.271 516
166.737 64.667 0.171 516

% x_coordinate y_coordinate pressure time
% shape 1, 422 points
189.715 50.249 0.068 0
189.672 50.404 0.194 0
189.672 50.404 0.203 16
189.672 50.404 0.205 16
189.672 50.404 0.210 16
189.672 50.404 0.220 32
189.672 50.404 0.235 33
189.672 50.404 0.249 33
189.672 50.404 0.260 48
189.672 50.404 0.269 48
189.672 50.404 0.273 48
189.672 50.404 0.276 64
189.672 50.404 0.281 64
189.672 50.404 0.290 64
189.715 50.210 0.297 80
189.801 50.056 0.305 80
189.844 49.940 0.315 80
189.887 49.824 0.326 80
189.887 49.824 0.336 96
189.973 49.669 0.347 96
190.016 49.553 0.354 96
190.059 49.399 0.362 112
190.059 49.283 0.368 113
190.059 49.128 0.371 113
190.016 48.974 0.376 128
190.016 48.819 0.381 128
189.973 48.664 0.386 128
189.887 48.548 0.388 144
189.844 48.432 0.392 144
189.844 48.432 0.396 144
189.715 48.239 0.397 160
189.672 48.123 0.398 160
189.629 48.007 0.400 160
189.543 47.853 0.404 160
189.372 47.775 0.406 176
189.243 47.698 0.408 176
189.157 47.543 0.412 176
189.028 47.427 0.415 192
188.985 47.311 0.416 192
188.856 47.195 0.417 192
188.684 47.118 0.419 208
188.555 47.041 0.424 208
188.384 46.925 0.425 208
188.298 46.809 0.426 224
188.126 46.693 0.427 224
187.997 46.616 0.429 224
187.868 46.500 0.430 240
187.697 46.422 0.430 240
187.482 46.306 0.430 240
187.267 46.229 0.433 240
187.009 46.113 0.429 256
186.752 46.074 0.429 256
186.580 45.997 0.431 256
186.365 45.920 0.436 273
186.193 45.843 0.431 273
185.893 45.765 0.433 273
185.635 45.727 0.431 289
185.420 45.688 0.435 289
185.120 45.688 0.437 289
184.905 45.649 0.438 305
184.647 45.649 0.438 305
184.303 45.649 0.437 305
184.046 45.649 0.441 321
183.745 45.688 0.445 321
183.359 45.727 0.444 321
183.058 45.765 0.445 321
182.671 45.804 0.443 337
182.328 45.920 0.447 337
182.027 46.036 0.448 337
181.598 46.152 0.451 353
181.211 46.345 0.452 353
180.782 46.461 0.451 354
180.352 46.616 0.452 369
179.966 46.770 0.455 369
179.579 46.886 0.455 369
179.278 47.079 0.454 385
178.935 47.234 0.455 385
178.591 47.389 0.458 385
178.291 47.543 0.458 401
177.861 47.621 0.457 401
177.560 47.814 0.458 401
177.174 48.007 0.459 401
176.744 48.200 0.459 417
176.401 48.471 0.458 417
175.971 48.664 0.458 417
175.542 48.819 0.460 433
175.112 49.128 0.460 433
174.640 49.399 0.458 433
174.296 49.631 0.458 450
173.910 49.979 0.460 450
173.523 50.210 0.460 450
173.223 50.481 0.459 466
172.793 50.790 0.459 466
172.407 51.061 0.461 466
172.020 51.409 0.461 482
171.676 51.757 0.459 482
171.247 51.989 0.459 482
170.903 52.298 0.461 482
170.603 52.607 0.460 498
170.216 52.916 0.459 498
169.916 53.225 0.460 498
169.658 53.535 0.462 514
169.271 53.805 0.461 515
168.928 54.076 0.461 515
168.627 54.346 0.461 530
168.283 54.578 0.463 530
168.069 54.849 0.462 530
167.811 55.081 0.460 546
167.682 55.351 0.460 546
167.467 55.622 0.462 546
167.253 55.970 0.462 562
166.952 56.240 0.461 562
166.694 56.627 0.462 562
166.480 57.014 0.463 562
166.222 57.323 0.463 578
166.007 57.709 0.462 578
165.749 58.019 0.462 578
165.492 58.251 0.463 594
165.234 58.560 0.463 595
164.933 58.946 0.461 595
164.719 59.333 0.461 610
164.418 59.758 0.464 610
164.203 60.145 0.464 610
163.946 60.531 0.462 626
163.645 60.879 0.463 626
163.473 61.227 0.464 626
163.215 61.613 0.464 642
163.044 62.000 0.462 642
162.829 62.348 0.463 642
162.571 62.734 0.464 642
162.399 63.044 0.464 659
162.228 63.392 0.462 659
162.013 63.817 0.462 659
161.798 64.203 0.463 674
161.497 64.706 0.463 674
161.326 65.131 0.461 674
161.111 65.556 0.461 690
160.896 65.865 0.461 690
160.767 66.252 0.462 690
160.596 66.561 0.461 706
160.467 66.870 0.462 706
160.381 67.257 0.463 706
160.252 67.528 0.462 722
160.123 67.914 0.461 722
160.037 68.223 0.461 722
159.908 68.455 0.461 722
159.865 68.803 0.459 739
159.780 69.035 0.458 739
159.780 69.306 0.458 739
159.780 69.576 0.459 755
159.780 69.808 0.459 755
159.780 70.040 0.456 755
159.908 70.195 0.457 771
159.994 70.465 0.458 771
160.037 70.659 0.458 771
160.209 70.968 0.457 787
160.381 71.238 0.458 787
160.596 71.509 0.458 787
160.767 71.818 0.458 803
160.896 72.127 0.457 804
161.068 72.398 0.458 804
161.240 72.707 0.460 804
161.369 72.939 0.459 819
161.669 73.055 0.459 819
161.884 73.287 0.460 819
162.013 73.442 0.460 835
162.228 73.596 0.458 835
162.314 73.828 0.459 835
162.528 73.983 0.458 851
162.786 74.176 0.459 851
162.958 74.369 0.459 851
163.087 74.524 0.458 867
163.344 74.756 0.456 867
163.473 74.872 0.459 867
163.645 75.104 0.458 883
163.903 75.336 0.457 884
164.117 75.490 0.458 884
164.375 75.645 0.459 884
164.676 75.800 0.457 899
164.933 75.954 0.455 899
165.234 76.109 0.456 899
165.535 76.225 0.457 915
165.835 76.379 0.456 915
166.136 76.495 0.455 915
166.394 76.611 0.456 931
166.608 76.727 0.458 931
166.952 76.766 0.458 931
167.253 76.843 0.456 947
167.682 76.959 0.456 947
167.983 77.037 0.458 947
168.326 77.075 0.457 963
168.627 77.114 0.457 963
168.885 77.037 0.457 963
169.142 77.037 0.460 963
169.443 76.959 0.459 979
169.787 76.882 0.459 980
170.087 76.805 0.458 980
170.474 76.650 0.461 980
170.860 76.573 0.460 995
171.247 76.379 0.459 995
171.762 76.186 0.460 1011
172.192 75.916 0.461 1011
172.707 75.568 0.461 1011
173.137 75.220 0.460 1027
173.609 74.872 0.462 1027
174.082 74.524 0.463 1027
174.554 74.137 0.462 1043
174.984 73.674 0.462 1043
175.413 73.210 0.462 1043
175.757 72.823 0.464 1059
176.100 72.437 0.464 1059
176.444 72.127 0.462 1059
176.744 71.818 0.463 1059
177.088 71.393 0.465 1076
177.432 71.045 0.465 1076
177.775 70.697 0.463 1076
178.119 70.388 0.464 1076
178.462 70.040 0.466 1092
178.892 69.731 0.465 1092
179.278 69.344 0.464 1092
179.751 68.880 0.463 1108
180.180 68.455 0.465 1108
180.567 67.953 0.466 1108
180.996 67.566 0.464 1124
181.297 67.180 0.465 1124
181.641 66.832 0.466 1124
181.941 66.484 0.465 1140
182.199 66.175 0.464 1140
182.586 65.827 0.465 1140
182.843 65.402 0.467 1156
183.144 65.092 0.467 1156
183.530 64.706 0.465 1156
183.874 64.281 0.465 1157
184.261 63.855 0.467 1172
184.604 63.353 0.467 1172
184.948 62.928 0.466 1172
185.291 62.425 0.466 1188
185.635 62.000 0.467 1188
185.979 61.575 0.467 1188
186.322 61.150 0.466 1204
186.709 60.686 0.466 1204
187.052 60.222 0.468 1204
187.482 59.719 0.467 1220
187.825 59.217 0.465 1220
188.212 58.714 0.466 1220
188.598 58.173 0.468 1236
188.985 57.632 0.467 1236
189.457 57.130 0.466 1236
189.887 56.588 0.466 1236
190.230 56.125 0.469 1252
190.488 55.661 0.467 1252
190.703 55.313 0.465 1253
190.961 54.965 0.467 1268
191.175 54.656 0.468 1268
191.390 54.308 0.468 1268
191.562 53.999 0.467 1284
191.734 53.689 0.467 1284
191.906 53.419 0.469 1284
192.077 53.148 0.468 1300
192.335 52.800 0.467 1300
192.507 52.530 0.467 1300
192.679 52.182 0.469 1316
192.893 51.873 0.469 1316
193.065 51.563 0.467 1316
193.237 51.216 0.467 1316
193.409 50.868 0.469 1332
193.581 50.481 0.468 1332
193.709 50.133 0.466 1332
193.924 49.708 0.467 1349
194.139 49.437 0.469 1349
194.311 49.205 0.469 1349
194.525 48.974 0.467 1365
194.611 48.819 0.467 1365
194.654 48.664 0.469 1365
194.740 48.432 0.469 1381
194.783 48.278 0.466 1381
194.826 48.084 0.467 1381
194.912 47.853 0.470 1397
195.041 47.698 0.468 1397
195.213 47.466 0.466 1397
195.341 47.273 0.468 1397
195.556 47.118 0.469 1413
195.685 46.964 0.469 1413
195.771 46.848 0.468 1413
195.900 46.732 0.468 1429
195.900 46.577 0.470 1430
195.943 46.422 0.470 1430
195.986 46.268 0.468 1445
196.029 46.113 0.468 1445
196.029 46.113 0.471 1445
196.115 45.997 0.470 1461
196.115 45.997 0.467 1461
196.200 45.881 0.471 1477
196.200 45.881 0.468 1477
196.200 45.881 0.471 1493
196.200 45.881 0.469 1493
196.072 45.804 0.466 1493
196.072 45.804 0.464 1509
195.943 45.881 0.464 1525
195.814 45.958 0.468 1525
195.642 46.036 0.473 1525
195.470 46.229 0.474 1541
195.213 46.461 0.472 1541
194.955 46.809 0.473 1541
194.611 47.118 0.477 1557
194.268 47.427 0.477 1557
193.924 47.775 0.474 1557
193.581 48.123 0.476 1557
193.280 48.432 0.480 1573
192.936 48.819 0.479 1573
192.722 49.167 0.477 1573
192.378 49.515 0.478 1589
192.120 49.940 0.482 1589
191.777 50.249 0.480 1589
191.519 50.597 0.478 1606
191.218 50.984 0.479 1606
190.832 51.409 0.482 1606
190.531 51.873 0.480 1622
190.102 52.336 0.479 1622
189.758 52.800 0.480 1622
189.414 53.148 0.483 1638
189.114 53.535 0.482 1638
188.813 53.960 0.480 1638
188.470 54.308 0.481 1638
188.126 54.772 0.483 1654
187.654 55.197 0.482 1654
187.310 55.699 0.479 1654
186.923 56.279 0.480 1670
186.666 56.859 0.483 1670
186.365 57.400 0.482 1670
186.064 57.864 0.480 1686
185.850 58.289 0.481 1686
185.592 58.714 0.484 1686
185.377 59.178 0.483 1702
185.205 59.565 0.480 1702
184.948 60.029 0.482 1703
184.733 60.454 0.484 1718
184.604 60.840 0.483 1718
184.432 61.304 0.481 1718
184.389 61.613 0.482 1718
184.303 62.000 0.485 1734
184.175 62.348 0.484 1734
184.046 62.773 0.481 1734
183.960 63.160 0.482 1750
183.874 63.546 0.486 1750
183.788 63.933 0.484 1750
183.702 64.165 0.479 1766
183.659 64.551 0.483 1766
183.616 64.860 0.486 1766
183.616 65.247 0.484 1782
183.616 65.595 0.482 1782
183.573 65.981 0.485 1782
183.573 66.252 0.486 1798
183.573 66.561 0.485 1798
183.573 66.909 0.481 1798
183.573 67.257 0.484 1799
183.616 67.566 0.488 1814
183.616 67.875 0.485 1814
183.659 68.185 0.483 1814
183.745 68.378 0.485 1830
183.788 68.726 0.488 1830
183.917 68.996 0.486 1830
184.003 69.228 0.483 1846
184.132 69.499 0.485 1846
184.218 69.731 0.489 1846
184.303 69.963 0.486 1862
184.475 70.233 0.484 1862
184.604 70.504 0.486 1862
184.819 70.775 0.489 1878
184.991 71.006 0.486 1878
185.163 71.316 0.484 1878
185.334 71.548 0.484 1878
185.506 71.818 0.488 1895
185.721 72.050 0.487 1895
185.936 72.243 0.485 1895
186.107 72.475 0.486 1911
186.322 72.630 0.491 1911
186.537 72.901 0.489 1911
186.795 73.132 0.487 1927
187.052 73.326 0.489 1927
187.310 73.596 0.492 1927
187.654 73.751 0.491 1943
187.868 73.906 0.488 1943
188.169 74.137 0.490 1943
188.427 74.253 0.493 1959
188.684 74.447 0.490 1959
189.028 74.640 0.486 1959
189.329 74.795 0.486 1959
189.758 74.949 0.490 1975
190.059 75.065 0.489 1976
190.402 75.220 0.488 1976
190.789 75.336 0.489 1976
191.132 75.568 0.493 1991
191.605 75.722 0.491 1991
191.991 75.954 0.489 2007
192.464 76.147 0.490 2007
192.936 76.225 0.497 2007
193.452 76.341 0.498 2023
194.010 76.495 0.498 2023
194.568 76.650 0.500 2023
195.170 76.766 0.504 2039
195.685 76.882 0.503 2039
196.158 76.921 0.501 2039
196.587 76.998 0.503 2039
197.016 77.075 0.506 2055
197.317 77.152 0.506 2055
197.575 77.191 0.502 2055
197.833 77.268 0.505 2055
198.047 77.268 0.507 2071
198.262 77.307 0.505 2072
198.477 77.307 0.501 2072
198.734 77.307 0.500 2087
198.949 77.307 0.503 2087
199.164 77.268 0.499 2103
199.379 77.152 0.496 2103
199.636 76.959 0.490 2103
200.023 76.689 0.485 2119
200.409 76.341 0.465 2119
200.882 75.993 0.438 2119
201.311 75.490 0.400 2119
201.741 74.988 0.333 2135
202.213 74.369 0.196 2135

