% x_coordinate y_coordinate pressure time
% shape 0, 396 points
42.076 81.095 0.310 0
42.076 81.095 0.318 0
42.076 81.095 0.310 0
41.947 80.902 0.308 16
41.947 80.902 0.312 16
41.818 80.786 0.308 16
41.818 80.786 0.310 33
41.818 80.786 0.318 33
41.732 80.670 0.323 33
41.732 80.670 0.320 49
41.732 80.670 0.316 49
41.732 80.670 0.318 65
41.904 80.709 0.317 65
42.205 80.747 0.321 81
42.377 80.747 0.326 81
42.634 80.747 0.328 81
42.935 80.747 0.329 81
43.278 80.709 0.335 97
43.708 80.670 0.339 97
44.137 80.593 0.339 97
44.696 80.399 0.340 113
45.254 80.206 0.346 113
45.855 79.936 0.353 113
46.500 79.665 0.353 129
47.144 79.394 0.352 129
47.745 79.124 0.355 129
48.261 78.892 0.357 145
48.862 78.505 0.355 146
49.506 78.119 0.355 146
50.150 77.771 0.360 161
50.838 77.268 0.362 161
51.353 76.921 0.361 161
51.868 76.495 0.358 161
52.384 75.993 0.362 177
52.899 75.490 0.363 177
53.543 74.833 0.362 177
54.145 74.137 0.360 193
54.832 73.364 0.363 193
55.519 72.514 0.365 193
56.163 71.586 0.363 209
56.807 70.581 0.362 209
57.323 69.692 0.364 209
57.795 68.764 0.367 225
58.268 67.875 0.364 225
58.697 67.025 0.362 225
59.127 66.175 0.366 241
59.513 65.440 0.368 241
59.814 64.822 0.367 241
60.072 64.281 0.367 241
60.243 63.817 0.370 257
60.415 63.430 0.373 257
60.673 63.044 0.372 257
60.888 62.696 0.372 273
61.102 62.309 0.373 274
61.317 61.884 0.376 274
61.532 61.497 0.374 289
61.833 61.072 0.373 289
62.133 60.608 0.375 289
62.391 60.145 0.377 305
62.692 59.603 0.375 305
63.035 58.985 0.374 305
63.422 58.444 0.376 321
63.765 57.864 0.377 321
64.109 57.245 0.375 321
64.452 56.627 0.375 321
64.710 55.931 0.376 337
65.054 55.274 0.378 337
65.268 54.540 0.376 337
65.483 53.883 0.375 353
65.827 53.264 0.378 353
66.042 52.723 0.378 353
66.299 52.220 0.377 369
66.557 51.795 0.375 369
66.729 51.331 0.377 369
66.901 50.945 0.380 385
67.072 50.558 0.377 385
67.287 50.133 0.375 385
67.545 49.785 0.378 401
67.802 49.437 0.379 401
68.060 49.051 0.377 401
68.447 48.742 0.376 418
68.704 48.394 0.377 418
69.005 47.969 0.379 418
69.263 47.698 0.376 418
69.520 47.350 0.375 434
69.907 47.079 0.376 434
70.165 46.886 0.378 434
70.465 46.654 0.375 450
70.723 46.538 0.374 450
71.067 46.422 0.375 450
71.410 46.306 0.377 466
71.711 46.190 0.374 466
72.140 46.074 0.373 466
72.527 45.997 0.375 482
72.999 45.920 0.376 482
73.429 45.843 0.374 482
73.858 45.843 0.372 498
74.159 45.804 0.374 498
74.588 45.804 0.375 498
74.975 45.804 0.373 498
75.361 45.804 0.372 514
75.920 45.881 0.375 514
76.521 45.920 0.376 514
77.165 46.036 0.375 530
77.896 46.152 0.375 530
78.626 46.229 0.378 530
79.442 46.306 0.379 546
80.172 46.345 0.377 546
80.902 46.422 0.377 546
81.632 46.500 0.379 562
82.276 46.577 0.381 563
83.006 46.654 0.379 563
83.651 46.732 0.378 578
84.338 46.925 0.380 578
84.982 47.079 0.381 578
85.540 47.273 0.377 578
85.927 47.505 0.377 594
86.228 47.621 0.377 594
86.485 47.814 0.379 594
86.614 48.046 0.379 610
86.786 48.239 0.379 610
86.958 48.471 0.380 610
87.044 48.664 0.383 626
87.087 48.858 0.385 626
87.087 49.089 0.391 626
87.173 49.283 0.400 642
87.173 49.631 0.406 642
87.173 49.863 0.405 642
87.173 50.133 0.407 658
87.087 50.481 0.414 658
87.087 50.713 0.415 658
87.044 50.945 0.417 658
86.958 51.138 0.418 674
86.829 51.293 0.422 674
86.829 51.409 0.425 674
86.743 51.525 0.424 690
86.743 51.525 0.429 690
86.743 51.525 0.431 706
86.614 51.641 0.430 706
86.614 51.641 0.435 723
86.614 51.641 0.437 723
86.442 51.641 0.435 739
86.314 51.602 0.438 739
86.099 51.525 0.438 739
85.841 51.370 0.437 739
85.540 51.216 0.435 755
85.111 51.061 0.438 755
84.810 50.790 0.439 755
84.338 50.636 0.437 771
83.908 50.326 0.437 771
83.522 50.094 0.440 771
83.092 49.785 0.442 787
82.663 49.437 0.440 787
82.190 49.167 0.441 787
81.718 48.819 0.443 803
81.203 48.548 0.444 803
80.730 48.316 0.441 803
80.215 48.046 0.441 819
79.656 47.853 0.443 820
79.098 47.737 0.442 820
78.540 47.621 0.441 820
78.024 47.582 0.438 835
77.552 47.543 0.442 835
76.951 47.543 0.444 835
76.349 47.543 0.443 851
75.834 47.543 0.442 851
75.276 47.582 0.443 851
74.803 47.582 0.445 867
74.331 47.621 0.442 867
73.815 47.659 0.442 867
73.386 47.737 0.444 883
72.870 47.853 0.444 883
72.355 47.969 0.443 883
71.711 48.123 0.439 899
71.152 48.278 0.443 899
70.508 48.432 0.444 899
69.907 48.626 0.441 899
69.349 48.896 0.439 915
68.790 49.167 0.444 915
68.275 49.437 0.445 915
67.802 49.708 0.443 931
67.330 50.056 0.442 931
66.815 50.326 0.445 931
66.342 50.674 0.446 947
65.913 51.177 0.446 947
65.440 51.641 0.444 947
64.882 52.220 0.448 963
64.409 52.839 0.449 964
63.851 53.496 0.448 964
63.379 54.192 0.447 979
62.863 54.926 0.450 979
62.434 55.622 0.451 979
61.961 56.318 0.449 979
61.618 57.014 0.449 995
61.231 57.709 0.451 995
60.974 58.444 0.452 995
60.716 59.178 0.450 1011
60.458 59.951 0.448 1011
60.243 60.724 0.452 1011
60.072 61.497 0.453 1027
59.943 62.271 0.452 1027
59.814 63.082 0.450 1027
59.685 63.855 0.453 1043
59.513 64.628 0.454 1043
59.427 65.402 0.452 1043
59.341 66.175 0.450 1059
59.255 66.948 0.451 1059
59.255 67.721 0.454 1059
59.255 68.455 0.452 1059
59.255 69.190 0.452 1075
59.255 69.963 0.455 1075
59.255 70.736 0.456 1075
59.255 71.509 0.452 1091
59.255 72.205 0.452 1091
59.384 72.785 0.453 1091
59.513 73.403 0.455 1107
59.728 73.983 0.450 1108
59.857 74.485 0.452 1108
59.986 75.026 0.454 1123
60.243 75.490 0.452 1123
60.458 75.954 0.448 1123
60.716 76.457 0.446 1139
61.145 76.843 0.450 1139
61.360 77.230 0.449 1139
61.790 77.578 0.448 1139
62.176 77.810 0.447 1155
62.563 78.119 0.446 1155
63.078 78.389 0.448 1155
63.550 78.544 0.449 1171
64.023 78.737 0.449 1171
64.495 78.931 0.454 1171
64.968 79.047 0.456 1187
65.440 79.201 0.455 1187
65.913 79.317 0.452 1187
66.428 79.356 0.453 1203
66.943 79.433 0.457 1203
67.502 79.433 0.456 1203
68.060 79.472 0.453 1219
68.661 79.433 0.452 1219
69.263 79.394 0.458 1219
69.907 79.240 0.454 1219
70.508 79.085 0.452 1235
71.110 78.931 0.450 1235
71.711 78.699 0.455 1235
72.269 78.467 0.453 1252
72.827 78.157 0.450 1252
73.386 77.848 0.454 1252
73.901 77.462 0.454 1268
74.503 77.114 0.453 1268
74.975 76.766 0.451 1268
75.490 76.263 0.453 1268
75.920 75.838 0.455 1284
76.349 75.336 0.452 1284
76.908 74.795 0.451 1284
77.380 74.292 0.454 1300
77.938 73.790 0.456 1300
78.411 73.210 0.454 1300
78.883 72.630 0.452 1316
79.399 72.011 0.455 1316
79.914 71.354 0.456 1316
80.472 70.620 0.453 1316
80.988 69.924 0.452 1332
81.546 69.151 0.453 1332
82.147 68.417 0.453 1332
82.706 67.644 0.451 1348
83.350 66.793 0.449 1348
84.037 65.904 0.450 1348
84.724 65.015 0.451 1364
85.369 64.087 0.448 1365
86.013 63.160 0.446 1365
86.743 62.232 0.448 1380
87.430 61.304 0.449 1380
88.160 60.377 0.446 1380
88.805 59.487 0.446 1396
89.406 58.637 0.447 1396
89.921 57.787 0.448 1396
90.394 56.936 0.447 1396
90.866 56.086 0.444 1412
91.296 55.236 0.447 1412
91.596 54.501 0.448 1412
91.940 53.805 0.447 1428
92.283 53.148 0.446 1428
92.455 52.530 0.448 1428
92.885 51.873 0.449 1444
93.185 51.370 0.447 1444
93.486 50.868 0.446 1444
93.830 50.365 0.448 1460
94.130 49.901 0.449 1461
94.388 49.399 0.447 1461
94.646 48.974 0.446 1476
94.903 48.548 0.448 1476
95.075 48.162 0.450 1476
95.290 47.814 0.448 1492
95.462 47.505 0.446 1492
95.548 47.273 0.448 1492
95.633 47.118 0.449 1492
95.676 46.964 0.447 1508
95.676 46.848 0.448 1524
95.676 46.848 0.447 1524
95.676 46.848 0.444 1524
95.676 46.848 0.446 1540
95.676 46.848 0.443 1540
95.676 46.848 0.440 1556
95.505 46.809 0.439 1556
95.376 46.848 0.445 1572
95.376 46.848 0.443 1572
95.118 46.886 0.446 1589
94.946 46.886 0.446 1589
94.774 46.886 0.446 1589
94.560 46.886 0.452 1605
94.259 46.886 0.450 1605
94.087 46.925 0.450 1605
93.916 46.925 0.454 1621
93.787 46.964 0.456 1621
93.658 47.002 0.453 1637
93.486 47.002 0.456 1637
93.271 47.041 0.457 1637
93.099 47.041 0.455 1653
92.799 47.079 0.453 1653
92.627 47.079 0.455 1653
92.455 47.118 0.458 1653
92.198 47.195 0.455 1669
91.940 47.311 0.455 1669
91.725 47.466 0.454 1669
91.467 47.582 0.458 1685
91.210 47.698 0.456 1685
91.081 47.853 0.456 1685
90.909 47.969 0.458 1702
90.651 48.200 0.459 1702
90.394 48.510 0.458 1702
90.007 48.858 0.457 1718
89.749 49.399 0.461 1718
89.449 49.979 0.461 1718
89.148 50.558 0.461 1734
88.848 51.177 0.460 1734
88.547 51.834 0.463 1734
88.246 52.530 0.466 1734
87.989 53.303 0.464 1750
87.731 54.037 0.463 1750
87.473 54.849 0.467 1750
87.215 55.622 0.469 1766
86.958 56.395 0.467 1766
86.743 57.168 0.467 1766
86.571 57.903 0.469 1782
86.442 58.714 0.472 1782
86.314 59.526 0.470 1782
86.228 60.377 0.470 1798
86.099 61.266 0.472 1799
86.056 62.155 0.475 1799
85.970 62.966 0.471 1814
85.927 63.855 0.468 1814
85.841 64.667 0.472 1814
85.841 65.479 0.474 1814
85.970 66.329 0.473 1830
86.099 67.141 0.472 1830
86.271 67.991 0.475 1830
86.442 68.880 0.477 1846
86.571 69.770 0.475 1846
86.743 70.697 0.474 1846
86.958 71.548 0.477 1862
87.087 72.398 0.476 1862
87.344 73.171 0.475 1862
87.559 73.867 0.475 1878
87.731 74.601 0.476 1878
88.074 75.258 0.478 1878
88.289 75.916 0.473 1894
88.547 76.495 0.473 1894
88.890 77.037 0.475 1894
89.191 77.500 0.475 1894
89.492 77.964 0.472 1910
89.878 78.389 0.470 1910
90.222 78.776 0.476 1910
90.608 79.201 0.479 1926
90.995 79.626 0.477 1926
91.424 80.013 0.476 1926
91.854 80.399 0.476 1943
92.198 80.786 0.476 1943
92.627 81.134 0.471 1943
93.014 81.482 0.472 1959
93.443 81.868 0.476 1959
93.916 82.139 0.478 1959
94.388 82.487 0.469 1975
94.946 82.873 0.467 1975
95.505 83.105 0.468 1975
96.063 83.337 0.468 1975
96.707 83.530 0.464 1991
97.308 83.608 0.458 1991
97.996 83.646 0.455 1991
98.812 83.685 0.444 2007
99.714 83.646 0.434 2007
100.745 83.569 0.416 2007
101.904 83.453 0.394 2023
103.064 83.260 0.362 2023
104.266 82.989 0.328 2023
105.469 82.603 0.273 2039
106.586 82.100 0.155 2040

