% x_coordinate y_coordinate pressure time
% shape 0, 405 points
90.030 74.988 0.121 0
90.116 74.872 0.292 15
90.116 74.872 0.294 16
90.030 74.756 0.290 31
90.030 74.756 0.292 47
90.202 74.679 0.291 47
90.331 74.640 0.292 63
90.588 74.524 0.293 63
90.889 74.331 0.293 63
91.104 74.176 0.292 63
91.447 73.983 0.292 79
91.705 73.790 0.294 79
91.834 73.712 0.293 79
92.049 73.635 0.293 96
92.049 73.635 0.295 96
92.263 73.519 0.299 96
92.435 73.442 0.303 111
92.650 73.326 0.307 111
92.908 73.132 0.314 111
93.251 72.978 0.321 127
93.509 72.823 0.326 127
93.853 72.591 0.330 127
94.153 72.475 0.336 143
94.540 72.243 0.342 144
94.840 72.011 0.345 144
95.141 71.857 0.346 144
95.528 71.625 0.349 159
95.828 71.470 0.351 159
96.258 71.354 0.353 159
96.601 71.200 0.355 175
96.945 71.122 0.359 175
97.331 71.045 0.365 175
97.804 71.006 0.371 191
98.362 71.006 0.374 191
98.921 71.006 0.376 191
99.479 71.084 0.381 207
100.037 71.161 0.381 208
100.596 71.238 0.381 208
101.240 71.316 0.383 223
101.927 71.316 0.386 223
102.571 71.316 0.385 223
103.258 71.316 0.384 223
103.903 71.316 0.385 239
104.461 71.316 0.386 239
104.976 71.277 0.386 239
105.535 71.277 0.384 255
106.093 71.200 0.384 255
106.694 71.161 0.385 255
107.296 71.006 0.385 271
107.854 70.813 0.384 271
108.369 70.581 0.385 271
108.928 70.233 0.387 288
109.486 69.924 0.387 288
110.001 69.499 0.387 288
110.603 69.074 0.389 304
111.118 68.610 0.390 304
111.719 68.146 0.391 304
112.235 67.644 0.391 304
112.707 67.141 0.393 320
113.180 66.638 0.396 320
113.609 66.097 0.396 320
114.039 65.556 0.396 337
114.554 65.015 0.397 337
114.984 64.435 0.399 337
115.370 64.010 0.400 337
115.757 63.546 0.399 352
116.100 63.082 0.401 352
116.444 62.657 0.403 368
116.830 62.077 0.403 368
117.217 61.575 0.401 368
117.603 61.034 0.403 385
117.947 60.492 0.405 385
118.334 59.990 0.405 385
118.677 59.449 0.405 385
119.107 58.946 0.406 400
119.364 58.444 0.408 400
119.751 57.903 0.408 400
120.009 57.323 0.408 416
120.266 56.782 0.409 416
120.610 56.240 0.412 416
120.868 55.699 0.411 416
121.297 55.158 0.410 432
121.598 54.617 0.411 432
121.855 54.076 0.413 432
122.285 53.612 0.412 448
122.543 53.148 0.412 449
122.843 52.800 0.412 449
123.187 52.452 0.414 464
123.530 52.066 0.414 464
123.874 51.718 0.413 480
124.261 51.370 0.414 480
124.604 51.022 0.415 480
124.905 50.713 0.415 480
125.334 50.404 0.413 496
125.721 50.094 0.415 496
126.193 49.747 0.417 496
126.666 49.283 0.416 496
127.095 48.819 0.415 512
127.525 48.316 0.416 512
127.954 47.853 0.417 512
128.427 47.466 0.416 529
128.856 47.157 0.415 529
129.372 46.809 0.415 529
129.715 46.577 0.417 545
130.016 46.422 0.416 545
130.230 46.268 0.414 545
130.359 46.229 0.414 562
130.574 46.190 0.415 562
130.746 46.190 0.416 562
131.004 46.190 0.417 578
131.261 46.268 0.418 578
131.562 46.306 0.422 578
131.820 46.422 0.424 579
132.077 46.461 0.422 594
132.335 46.538 0.424 594
132.679 46.577 0.426 594
133.065 46.654 0.426 610
133.323 46.770 0.425 610
133.666 46.848 0.426 610
133.924 46.964 0.426 626
134.225 47.118 0.424 626
134.525 47.311 0.422 626
134.783 47.466 0.423 642
135.084 47.737 0.425 642
135.256 47.930 0.424 642
135.513 48.162 0.424 658
135.771 48.432 0.423 658
136.029 48.626 0.428 658
136.243 48.858 0.429 658
136.329 49.012 0.429 675
136.372 49.205 0.431 675
136.458 49.360 0.435 675
136.544 49.476 0.435 691
136.544 49.476 0.437 691
136.544 49.476 0.440 707
136.544 49.476 0.442 707
136.544 49.476 0.444 707
136.544 49.476 0.452 723
136.544 49.476 0.462 723
136.544 49.476 0.470 723
136.544 49.360 0.475 740
136.372 49.321 0.479 740
136.243 49.244 0.483 740
136.115 49.205 0.485 740
135.814 49.128 0.485 756
135.599 49.051 0.490 756
135.256 48.974 0.495 756
134.955 48.780 0.497 772
134.611 48.626 0.499 772
134.268 48.510 0.501 772
134.053 48.394 0.505 788
133.709 48.316 0.508 788
133.452 48.278 0.510 788
133.065 48.200 0.513 788
132.722 48.084 0.517 804
132.421 48.007 0.518 805
132.034 47.891 0.520 805
131.605 47.814 0.523 820
131.304 47.775 0.527 820
130.875 47.737 0.528 820
130.445 47.659 0.527 836
130.016 47.582 0.528 836
129.543 47.505 0.531 836
129.028 47.466 0.530 852
128.513 47.427 0.529 852
128.083 47.389 0.530 852
127.697 47.350 0.534 868
127.267 47.350 0.534 868
126.837 47.311 0.534 868
126.365 47.311 0.535 868
125.807 47.273 0.537 885
125.334 47.273 0.536 885
124.862 47.311 0.535 885
124.432 47.311 0.536 901
124.046 47.350 0.538 901
123.573 47.389 0.539 901
123.101 47.466 0.536 917
122.586 47.543 0.538 917
122.027 47.621 0.541 917
121.469 47.737 0.541 917
120.996 47.891 0.538 933
120.567 48.007 0.539 933
120.052 48.239 0.541 933
119.536 48.471 0.540 950
118.806 48.780 0.539 950
118.291 49.128 0.538 950
117.646 49.476 0.539 966
117.045 49.901 0.539 966
116.487 50.288 0.536 966
115.971 50.674 0.538 982
115.499 51.022 0.542 982
115.026 51.409 0.542 982
114.597 51.795 0.540 999
114.167 52.220 0.541 999
113.824 52.839 0.542 999
113.437 53.419 0.542 999
113.094 54.115 0.539 1015
112.836 54.926 0.539 1015
112.578 55.777 0.541 1015
112.364 56.743 0.541 1031
112.149 57.787 0.539 1031
111.977 58.830 0.540 1031
111.848 59.951 0.542 1047
111.719 61.034 0.542 1047
111.719 62.077 0.541 1047
111.719 63.082 0.541 1064
111.719 64.049 0.543 1064
111.719 64.938 0.542 1064
111.719 65.904 0.541 1080
111.848 66.793 0.541 1080
111.977 67.682 0.543 1080
112.149 68.610 0.542 1080
112.364 69.538 0.541 1096
112.578 70.543 0.541 1096
112.836 71.509 0.542 1096
113.137 72.514 0.542 1112
113.437 73.442 0.539 1112
113.781 74.331 0.540 1112
114.167 75.142 0.543 1112
114.597 75.916 0.542 1128
115.026 76.457 0.539 1128
115.499 77.037 0.538 1128
116.014 77.500 0.541 1144
116.573 77.926 0.539 1145
117.088 78.428 0.536 1145
117.775 78.853 0.537 1160
118.334 79.240 0.538 1160
118.892 79.549 0.536 1160
119.407 79.858 0.533 1176
119.923 80.090 0.532 1176
120.481 80.206 0.533 1176
120.996 80.361 0.531 1192
121.512 80.477 0.528 1192
122.027 80.631 0.527 1193
122.586 80.747 0.528 1193
123.101 80.825 0.528 1208
123.659 80.863 0.523 1208
124.218 80.863 0.521 1224
124.776 80.863 0.518 1224
125.377 80.825 0.513 1224
125.936 80.786 0.509 1240
126.623 80.709 0.511 1240
127.095 80.631 0.511 1240
127.697 80.515 0.510 1240
128.298 80.438 0.506 1256
128.813 80.322 0.504 1256
129.414 80.206 0.506 1256
129.973 80.013 0.506 1256
130.359 79.858 0.504 1273
130.746 79.588 0.503 1273
131.218 79.278 0.505 1273
131.605 79.047 0.503 1289
132.034 78.699 0.500 1289
132.335 78.428 0.501 1289
132.722 78.157 0.503 1305
133.022 77.810 0.501 1305
133.323 77.539 0.500 1305
133.709 77.191 0.501 1321
133.924 76.921 0.502 1322
134.311 76.534 0.500 1322
134.525 76.147 0.497 1337
134.654 75.761 0.499 1337
134.912 75.220 0.500 1337
135.084 74.717 0.499 1337
135.341 74.137 0.497 1353
135.513 73.596 0.498 1353
135.814 73.055 0.501 1353
136.072 72.437 0.500 1369
136.200 71.779 0.498 1369
136.372 71.045 0.499 1369
136.544 70.233 0.502 1385
136.716 69.422 0.501 1385
136.802 68.571 0.499 1385
136.931 67.721 0.501 1401
136.931 66.755 0.503 1401
136.931 65.672 0.502 1401
136.974 64.513 0.500 1417
136.974 63.276 0.502 1418
136.974 62.039 0.505 1418
136.974 60.840 0.504 1418
137.102 59.719 0.502 1433
137.102 58.714 0.503 1433
137.231 57.864 0.506 1433
137.274 57.168 0.505 1449
137.317 56.627 0.503 1449
137.317 56.125 0.504 1449
137.317 55.699 0.507 1465
137.317 55.274 0.506 1466
137.274 54.849 0.504 1466
137.274 54.385 0.505 1481
137.231 53.999 0.508 1481
137.188 53.573 0.507 1481
137.102 53.148 0.504 1497
137.059 52.723 0.506 1497
136.974 52.259 0.508 1497
136.931 51.757 0.507 1497
136.845 51.254 0.505 1514
136.802 50.829 0.506 1514
136.716 50.404 0.509 1514
136.630 50.056 0.509 1530
136.587 49.708 0.506 1530
136.544 49.399 0.507 1530
136.544 49.128 0.510 1547
136.544 48.974 0.509 1547
136.544 48.742 0.506 1547
136.544 48.626 0.508 1562
136.544 48.471 0.510 1562
136.544 48.355 0.509 1562
136.544 48.355 0.506 1578
136.544 48.162 0.508 1578
136.544 48.162 0.511 1578
136.587 47.969 0.509 1578
136.587 47.969 0.506 1594
136.630 47.814 0.507 1594
136.630 47.814 0.510 1594
136.673 47.698 0.508 1611
136.673 47.698 0.505 1611
136.716 47.582 0.507 1611
136.716 47.582 0.510 1626
136.716 47.582 0.506 1626
136.716 47.582 0.511 1642
136.716 47.582 0.508 1658
136.716 47.582 0.509 1658
136.716 47.582 0.514 1658
136.716 47.582 0.512 1674
136.759 47.737 0.512 1674
136.759 47.737 0.515 1674
136.759 47.853 0.520 1675
136.802 48.084 0.522 1690
136.931 48.432 0.521 1690
137.102 48.896 0.521 1690
137.231 49.476 0.527 1706
137.317 50.133 0.526 1706
137.360 50.752 0.525 1706
137.403 51.409 0.527 1723
137.446 52.105 0.531 1723
137.489 52.800 0.529 1723
137.489 53.535 0.527 1739
137.532 54.231 0.529 1739
137.532 54.888 0.532 1739
137.532 55.545 0.530 1755
137.532 56.202 0.527 1755
137.489 56.820 0.530 1755
137.489 57.477 0.532 1755
137.446 58.096 0.531 1772
137.403 58.753 0.528 1772
137.403 59.410 0.530 1772
137.360 60.029 0.533 1788
137.317 60.686 0.531 1788
137.317 61.304 0.528 1788
137.317 61.923 0.530 1804
137.274 62.503 0.533 1804
137.274 63.082 0.531 1804
137.274 63.662 0.528 1820
137.274 64.319 0.530 1820
137.274 65.054 0.533 1820
137.274 65.788 0.532 1820
137.231 66.484 0.529 1837
137.231 67.141 0.531 1837
137.231 67.644 0.534 1837
137.231 68.107 0.532 1853
137.274 68.571 0.528 1853
137.360 68.958 0.530 1853
137.403 69.383 0.534 1853
137.489 69.808 0.531 1869
137.575 70.233 0.528 1869
137.661 70.620 0.531 1869
137.790 70.968 0.534 1885
137.918 71.354 0.531 1885
138.047 71.664 0.528 1885
138.133 72.050 0.531 1901
138.262 72.437 0.534 1901
138.434 72.862 0.531 1901
138.734 73.403 0.528 1918
138.992 73.944 0.530 1918
139.250 74.485 0.532 1918
139.550 75.026 0.529 1934
139.765 75.529 0.526 1934
140.152 75.993 0.527 1934
140.624 76.418 0.530 1934
141.140 76.766 0.527 1950
141.784 77.114 0.524 1950
142.342 77.462 0.527 1950
143.029 77.732 0.530 1966
143.674 78.119 0.528 1966
144.361 78.428 0.525 1966
145.048 78.776 0.528 1983
145.778 79.124 0.531 1983
146.508 79.510 0.529 1983
147.281 79.897 0.526 1999
148.011 80.245 0.529 1999
148.699 80.593 0.532 1999
149.300 80.902 0.528 2015
149.987 81.172 0.524 2015
150.503 81.404 0.525 2015
151.061 81.520 0.525 2015
151.490 81.636 0.512 2031
152.006 81.636 0.490 2031
152.435 81.636 0.473 2031
152.865 81.482 0.450 2047
153.380 81.172 0.417 2048
153.938 80.709 0.371 2048
154.540 80.013 0.329 2063
155.141 79.201 0.260 2063
155.828 78.235 0.100 2063

