% x_coordinate y_coordinate pressure time
% shape 0, 263 points
62.863 83.337 0.134 0
62.992 83.414 0.288 0
62.992 83.414 0.284 16
63.121 83.376 0.258 16
63.250 83.376 0.257 16
63.422 83.376 0.257 32
63.593 83.376 0.264 32
63.851 83.376 0.271 32
64.152 83.376 0.275 48
64.538 83.337 0.275 48
64.968 83.298 0.276 48
65.440 83.260 0.278 64
65.913 83.144 0.277 64
66.342 83.028 0.282 64
66.901 82.835 0.285 80
67.330 82.641 0.290 80
67.802 82.332 0.292 80
68.361 82.062 0.292 97
68.919 81.714 0.294 97
69.477 81.289 0.297 97
70.079 80.863 0.300 97
70.637 80.322 0.301 113
71.195 79.820 0.304 113
71.711 79.201 0.307 113
72.312 78.544 0.309 129
72.913 77.887 0.309 129
73.515 77.075 0.312 129
74.159 76.302 0.315 145
74.803 75.529 0.316 145
75.447 74.679 0.314 145
76.177 73.867 0.315 161
76.908 73.016 0.318 161
77.681 72.089 0.318 161
78.540 71.084 0.317 177
79.399 70.079 0.317 177
80.258 69.074 0.320 177
80.988 68.069 0.320 177
81.718 67.180 0.318 193
82.362 66.368 0.318 193
82.921 65.479 0.321 193
83.608 64.706 0.320 209
84.209 63.894 0.320 209
84.810 63.044 0.320 209
85.369 62.232 0.322 225
85.841 61.382 0.321 226
86.357 60.531 0.320 226
86.829 59.719 0.321 241
87.387 58.946 0.323 241
87.817 58.251 0.323 241
88.246 57.632 0.321 257
88.547 57.052 0.321 257
88.848 56.588 0.324 257
89.191 56.125 0.324 257
89.621 55.699 0.323 273
90.136 55.351 0.323 273
90.694 54.926 0.326 273
91.210 54.540 0.326 289
91.854 54.153 0.325 289
92.541 53.805 0.326 289
93.271 53.457 0.328 305
94.087 53.110 0.328 305
94.946 52.800 0.326 305
95.805 52.491 0.327 321
96.664 52.182 0.329 321
97.523 51.911 0.329 321
98.296 51.679 0.327 337
99.112 51.370 0.327 337
99.843 51.216 0.329 337
100.487 51.061 0.329 337
101.174 50.945 0.327 353
101.646 50.945 0.327 353
102.119 50.945 0.329 353
102.419 50.945 0.329 370
102.677 50.984 0.327 370
102.935 51.061 0.328 370
103.193 51.177 0.331 386
103.407 51.254 0.331 386
103.622 51.409 0.330 386
103.923 51.563 0.333 402
104.137 51.834 0.336 402
104.395 52.143 0.340 402
104.653 52.491 0.341 418
104.911 52.839 0.344 418
105.254 53.187 0.348 418
105.641 53.535 0.349 418
106.027 53.921 0.349 434
106.457 54.308 0.349 434
106.843 54.694 0.353 434
107.316 55.004 0.353 450
107.745 55.313 0.351 450
108.132 55.622 0.352 450
108.475 55.854 0.354 466
108.733 56.086 0.355 466
108.905 56.240 0.353 466
109.120 56.357 0.354 482
109.248 56.434 0.356 483
109.420 56.550 0.359 498
109.420 56.550 0.364 498
109.420 56.550 0.366 498
109.291 56.472 0.367 514
109.162 56.395 0.369 514
109.034 56.202 0.370 530
108.905 56.009 0.367 530
108.776 55.738 0.368 530
108.733 55.351 0.370 546
108.690 55.004 0.371 546
108.561 54.540 0.369 546
108.518 54.076 0.369 562
108.389 53.573 0.371 562
108.261 53.032 0.372 562
108.175 52.491 0.370 578
108.003 51.911 0.371 578
107.874 51.370 0.373 578
107.659 50.790 0.374 578
107.445 50.249 0.371 594
107.273 49.785 0.372 595
106.972 49.360 0.376 595
106.800 49.089 0.380 610
106.586 48.858 0.380 610
106.328 48.703 0.380 610
106.113 48.587 0.382 626
105.855 48.471 0.383 626
105.512 48.394 0.384 626
105.125 48.239 0.386 642
104.739 48.162 0.388 642
104.266 48.084 0.389 642
103.751 48.007 0.391 658
103.193 48.007 0.395 658
102.677 48.007 0.402 658
102.162 48.007 0.398 674
101.603 48.123 0.401 674
100.959 48.239 0.402 674
100.358 48.355 0.407 674
99.757 48.471 0.410 690
99.026 48.626 0.408 690
98.425 48.819 0.409 690
97.781 48.974 0.413 706
97.094 49.244 0.415 706
96.492 49.399 0.415 706
95.934 49.669 0.415 722
95.290 49.940 0.419 722
94.646 50.288 0.419 722
94.001 50.674 0.418 738
93.357 51.022 0.419 738
92.756 51.486 0.421 738
92.155 51.873 0.423 755
91.682 52.336 0.422 755
91.210 52.878 0.425 755
90.694 53.457 0.428 755
90.265 54.076 0.430 771
89.749 54.733 0.429 771
89.363 55.351 0.430 771
89.019 56.047 0.433 787
88.805 56.859 0.434 787
88.461 57.671 0.434 787
88.160 58.598 0.435 803
87.731 59.603 0.439 803
87.344 60.608 0.441 803
86.958 61.691 0.441 819
86.614 62.773 0.442 819
86.314 63.855 0.445 819
85.970 64.938 0.446 835
85.626 66.059 0.445 835
85.326 67.141 0.446 835
85.111 68.223 0.446 835
84.853 69.306 0.447 851
84.810 70.311 0.441 851
84.724 71.277 0.443 851
84.724 72.166 0.443 867
84.853 72.978 0.445 867
85.025 73.674 0.442 867
85.369 74.331 0.442 883
85.798 74.949 0.444 884
86.228 75.452 0.443 884
86.786 75.954 0.442 899
87.344 76.379 0.441 899
87.946 76.689 0.444 899
88.547 76.959 0.447 915
89.406 77.114 0.446 915
90.222 77.191 0.447 915
91.081 77.268 0.454 915
92.026 77.307 0.450 931
92.928 77.268 0.449 931
93.916 77.191 0.451 931
94.989 76.998 0.455 947
96.020 76.727 0.455 947
97.094 76.379 0.449 947
98.125 75.954 0.447 963
99.112 75.490 0.446 963
100.014 74.949 0.444 963
100.959 74.369 0.439 979
101.861 73.712 0.436 979
102.677 72.901 0.434 979
103.579 72.011 0.428 995
104.395 70.968 0.417 996
105.211 69.808 0.408 996
105.984 68.494 0.397 996
106.757 67.141 0.387 1011
107.530 65.827 0.378 1011
108.261 64.358 0.371 1011
108.948 62.928 0.367 1027
109.506 61.420 0.362 1027
110.021 59.913 0.357 1027
110.494 58.482 0.356 1043
110.838 57.091 0.359 1043
111.138 55.815 0.358 1043
111.396 54.694 0.358 1059
111.482 53.651 0.358 1059
111.654 52.684 0.361 1059
111.782 51.873 0.363 1075
111.868 51.138 0.364 1075
111.911 50.520 0.369 1075
111.954 50.094 0.375 1075
111.954 49.747 0.377 1091
111.954 49.437 0.378 1091
111.954 49.244 0.380 1091
111.954 49.128 0.385 1107
111.954 49.128 0.382 1107
111.954 49.128 0.381 1123
111.954 49.128 0.377 1123
111.911 49.283 0.379 1140
111.868 49.553 0.383 1140
111.782 50.017 0.385 1140
111.568 50.713 0.398 1156
111.224 51.563 0.401 1156
110.838 52.568 0.405 1156
110.365 53.689 0.411 1156
109.979 54.926 0.417 1172
109.635 56.125 0.417 1172
109.291 57.439 0.421 1172
109.034 58.714 0.425 1172
108.776 59.990 0.429 1188
108.561 61.382 0.429 1188
108.561 62.734 0.432 1188
108.518 64.087 0.434 1204
108.518 65.479 0.438 1204
108.518 66.832 0.438 1204
108.647 68.223 0.439 1220
108.776 69.499 0.442 1220
108.991 70.736 0.442 1220
109.248 71.896 0.441 1236
109.506 72.939 0.442 1236
109.850 73.983 0.446 1236
110.193 74.949 0.443 1252
110.580 75.916 0.441 1252
111.052 76.727 0.440 1252
111.482 77.539 0.444 1252
112.040 78.235 0.442 1268
112.598 78.853 0.441 1269
113.200 79.472 0.440 1269
113.844 79.974 0.444 1284
114.617 80.477 0.442 1284
115.476 80.825 0.446 1284
116.421 81.134 0.441 1300
117.495 81.366 0.446 1300
118.654 81.482 0.445 1316
119.943 81.559 0.425 1316
121.188 81.443 0.407 1316
122.477 81.289 0.377 1316
123.765 81.057 0.340 1332
125.097 80.670 0.300 1332
126.428 80.245 0.213 1332
127.759 79.704 0.000 1332

