% x_coordinate y_coordinate pressure time
% shape 0, 383 points
66.815 77.462 0.278 0
66.815 77.462 0.279 0
66.557 77.268 0.277 0
66.342 77.191 0.271 16
66.213 77.152 0.270 16
66.213 77.152 0.265 16
66.084 77.037 0.265 16
66.084 76.921 0.266 33
66.256 76.805 0.265 33
66.428 76.650 0.265 49
66.643 76.495 0.267 49
66.943 76.302 0.268 49
67.244 76.031 0.267 65
67.545 75.761 0.267 65
67.802 75.490 0.271 65
68.060 75.104 0.273 81
68.404 74.795 0.275 81
68.704 74.369 0.277 81
69.091 73.790 0.280 97
69.520 73.248 0.283 97
69.993 72.630 0.284 97
70.508 72.011 0.286 113
71.110 71.277 0.289 113
71.797 70.543 0.293 113
72.527 69.731 0.294 113
73.300 68.919 0.295 129
74.073 68.146 0.298 129
74.889 67.450 0.301 129
75.619 66.716 0.302 145
76.349 66.020 0.304 145
77.079 65.286 0.308 145
77.810 64.474 0.311 161
78.540 63.701 0.311 162
79.270 62.889 0.312 162
80.000 62.077 0.314 177
80.730 61.266 0.317 177
81.460 60.454 0.316 177
82.147 59.642 0.316 193
82.878 58.869 0.318 193
83.522 58.096 0.321 193
84.252 57.362 0.320 193
84.896 56.666 0.319 209
85.626 55.970 0.321 209
86.357 55.313 0.323 209
87.087 54.694 0.321 225
87.817 54.037 0.321 225
88.547 53.419 0.322 225
89.277 52.839 0.323 241
90.093 52.259 0.322 241
90.866 51.641 0.321 241
91.639 51.022 0.323 257
92.455 50.404 0.324 257
93.185 49.708 0.323 257
94.001 49.051 0.322 273
94.774 48.394 0.324 273
95.505 47.659 0.325 273
96.235 47.002 0.324 273
96.965 46.345 0.323 289
97.566 45.688 0.325 289
98.210 45.069 0.326 289
98.855 44.412 0.325 306
99.413 43.717 0.326 306
100.014 43.098 0.328 306
100.701 42.441 0.330 321
101.303 41.823 0.330 321
101.947 41.165 0.330 321
102.634 40.431 0.333 337
103.278 39.697 0.334 337
104.009 38.923 0.334 337
104.653 38.189 0.334 353
105.340 37.455 0.336 353
105.984 36.797 0.338 353
106.543 36.140 0.337 353
107.101 35.522 0.336 369
107.573 34.826 0.338 369
107.960 34.092 0.340 369
108.304 33.357 0.339 385
108.561 32.661 0.338 385
108.905 32.004 0.341 385
109.205 31.347 0.343 401
109.463 30.651 0.342 401
109.721 29.917 0.342 401
109.893 29.183 0.346 417
110.193 28.448 0.348 417
110.408 27.714 0.346 417
110.709 26.979 0.347 434
110.923 26.245 0.349 434
111.181 25.549 0.351 434
111.482 24.853 0.350 434
111.782 24.196 0.349 450
112.083 23.500 0.351 450
112.341 22.882 0.353 450
112.598 22.263 0.352 466
112.899 21.684 0.352 466
113.114 21.142 0.354 466
113.371 20.640 0.355 482
113.543 20.137 0.354 482
113.758 19.596 0.354 482
113.887 19.132 0.356 498
113.973 18.630 0.358 498
114.102 18.205 0.357 498
114.145 17.896 0.358 514
114.273 17.625 0.362 514
114.316 17.470 0.367 514
114.273 17.238 0.369 514
114.273 17.006 0.371 530
114.230 16.852 0.373 530
114.230 16.697 0.375 530
114.145 16.504 0.375 547
114.145 16.349 0.375 547
114.102 16.156 0.377 547
114.059 15.963 0.378 563
114.059 15.847 0.377 563
114.016 15.654 0.376 563
113.973 15.422 0.378 579
113.887 15.190 0.379 579
113.844 14.919 0.378 579
113.758 14.687 0.377 595
113.629 14.417 0.380 595
113.500 14.185 0.382 595
113.371 14.030 0.384 611
113.371 14.030 0.387 611
113.286 13.837 0.392 611
113.286 13.837 0.395 611
113.114 13.721 0.396 627
112.942 13.644 0.397 627
112.856 13.566 0.400 627
112.684 13.489 0.405 643
112.598 13.412 0.405 643
112.427 13.373 0.406 643
112.298 13.373 0.407 659
112.169 13.373 0.408 659
112.040 13.489 0.413 659
111.868 13.566 0.413 676
111.696 13.721 0.416 676
111.439 13.837 0.417 676
111.181 14.069 0.417 692
110.923 14.262 0.415 692
110.666 14.494 0.417 692
110.408 14.765 0.419 692
110.150 14.996 0.418 708
109.764 15.306 0.417 708
109.420 15.615 0.419 708
109.034 16.001 0.420 724
108.561 16.427 0.419 724
108.261 16.852 0.417 724
108.003 17.200 0.419 740
107.659 17.625 0.420 740
107.316 18.166 0.419 740
107.015 18.746 0.418 756
106.671 19.442 0.420 756
106.328 20.137 0.422 756
106.027 20.833 0.420 772
105.727 21.490 0.420 772
105.469 22.186 0.421 772
105.125 22.882 0.423 772
104.911 23.539 0.421 788
104.567 24.196 0.421 788
104.309 24.853 0.421 788
104.052 25.549 0.424 805
103.837 26.245 0.422 805
103.622 26.979 0.421 805
103.364 27.791 0.423 805
103.107 28.564 0.424 821
102.763 29.376 0.422 821
102.462 30.188 0.421 821
102.119 30.961 0.423 837
101.775 31.695 0.424 837
101.432 32.391 0.424 837
101.131 33.087 0.422 853
100.701 33.860 0.424 853
100.401 34.633 0.425 853
100.100 35.406 0.423 869
99.714 36.179 0.422 869
99.456 36.952 0.424 869
99.198 37.648 0.425 869
98.898 38.382 0.424 885
98.640 39.078 0.422 885
98.296 39.735 0.424 885
98.039 40.431 0.426 902
97.781 41.165 0.424 902
97.437 41.900 0.423 902
97.094 42.634 0.425 918
96.793 43.369 0.426 918
96.450 44.103 0.424 918
96.235 44.799 0.423 934
95.934 45.495 0.425 934
95.676 46.190 0.427 934
95.376 46.848 0.425 950
95.118 47.505 0.424 950
94.860 48.200 0.425 950
94.603 48.858 0.428 950
94.259 49.476 0.425 966
93.916 50.172 0.425 966
93.658 50.829 0.426 966
93.314 51.486 0.428 982
93.057 52.182 0.426 982
92.670 52.878 0.425 982
92.369 53.573 0.427 998
92.026 54.269 0.429 998
91.639 54.926 0.427 998
91.339 55.545 0.426 1014
90.995 56.202 0.428 1014
90.866 56.820 0.430 1014
90.651 57.400 0.428 1030
90.437 58.019 0.427 1030
90.222 58.598 0.428 1030
89.878 59.256 0.430 1030
89.621 59.874 0.428 1047
89.277 60.570 0.426 1047
89.019 61.304 0.428 1047
88.805 61.961 0.430 1063
88.547 62.618 0.429 1063
88.246 63.353 0.428 1063
87.989 64.010 0.429 1079
87.774 64.783 0.430 1079
87.559 65.479 0.429 1079
87.473 66.175 0.428 1095
87.301 66.832 0.429 1095
87.087 67.489 0.431 1095
86.829 68.146 0.429 1111
86.657 68.726 0.428 1111
86.528 69.267 0.430 1111
86.357 69.808 0.431 1111
86.314 70.272 0.429 1127
86.228 70.697 0.427 1127
86.185 71.122 0.430 1127
86.099 71.470 0.431 1143
86.099 71.857 0.429 1143
86.099 72.166 0.427 1143
86.099 72.475 0.428 1159
86.099 72.746 0.430 1159
86.314 73.016 0.427 1159
86.485 73.287 0.426 1175
86.657 73.596 0.428 1175
86.915 73.944 0.429 1175
87.173 74.137 0.427 1191
87.430 74.447 0.427 1192
87.731 74.640 0.429 1192
87.946 74.795 0.431 1192
88.203 75.065 0.430 1207
88.461 75.258 0.428 1207
88.762 75.490 0.431 1207
89.019 75.722 0.431 1223
89.449 75.877 0.429 1223
89.878 76.109 0.427 1223
90.308 76.263 0.429 1239
90.694 76.457 0.430 1239
91.124 76.689 0.427 1239
91.596 76.766 0.426 1255
92.026 76.921 0.427 1255
92.541 76.959 0.427 1255
93.099 76.998 0.427 1271
93.615 77.037 0.425 1271
94.216 76.959 0.426 1271
94.774 76.882 0.429 1271
95.376 76.766 0.427 1287
96.020 76.573 0.425 1287
96.578 76.418 0.427 1287
97.308 76.186 0.428 1303
97.953 75.954 0.427 1303
98.640 75.684 0.426 1303
99.284 75.413 0.427 1319
100.014 75.065 0.429 1319
100.616 74.679 0.428 1319
101.303 74.292 0.426 1335
101.904 73.867 0.429 1336
102.591 73.442 0.430 1336
103.193 72.901 0.429 1351
103.880 72.437 0.428 1351
104.481 71.973 0.430 1351
105.125 71.548 0.430 1351
105.770 71.084 0.429 1367
106.371 70.620 0.428 1367
107.015 70.117 0.427 1367
107.573 69.615 0.430 1383
108.175 69.074 0.427 1383
108.733 68.533 0.426 1383
109.291 67.953 0.426 1399
109.850 67.334 0.428 1399
110.322 66.716 0.426 1399
110.666 66.097 0.424 1415
111.009 65.402 0.427 1415
111.310 64.783 0.430 1415
111.611 64.087 0.428 1431
111.911 63.392 0.428 1431
112.169 62.657 0.429 1431
112.427 61.884 0.432 1431
112.684 61.072 0.430 1447
112.942 60.261 0.429 1447
113.200 59.449 0.432 1447
113.414 58.598 0.433 1464
113.672 57.787 0.431 1464
113.930 56.975 0.430 1464
114.145 56.163 0.432 1480
114.402 55.351 0.433 1480
114.574 54.578 0.432 1480
114.832 53.805 0.431 1496
114.961 53.032 0.433 1496
115.089 52.375 0.436 1496
115.218 51.757 0.434 1512
115.218 51.216 0.433 1512
115.218 50.713 0.437 1512
115.218 50.210 0.438 1512
115.218 49.785 0.438 1528
115.132 49.321 0.438 1528
115.132 48.935 0.441 1528
115.132 48.471 0.444 1544
114.961 48.046 0.443 1544
114.832 47.659 0.443 1544
114.660 47.273 0.447 1560
114.488 47.002 0.452 1560
114.316 46.809 0.456 1560
114.145 46.654 0.458 1576
113.973 46.500 0.462 1576
113.801 46.345 0.465 1576
113.629 46.268 0.464 1592
113.414 46.113 0.464 1592
113.286 46.036 0.468 1592
113.028 45.997 0.469 1592
112.856 45.920 0.467 1608
112.641 45.843 0.468 1608
112.341 45.843 0.471 1608
112.169 45.804 0.472 1608
111.825 45.765 0.469 1625
111.482 45.765 0.471 1625
111.138 45.765 0.473 1625
110.752 45.765 0.474 1641
110.451 45.843 0.472 1641
110.021 45.997 0.472 1641
109.721 46.152 0.478 1657
109.291 46.422 0.481 1657
108.905 46.732 0.478 1657
108.561 46.925 0.476 1673
108.261 47.234 0.481 1673
108.003 47.466 0.482 1673
107.788 47.737 0.482 1689
107.530 48.084 0.481 1689
107.316 48.432 0.483 1689
107.101 48.819 0.484 1689
106.929 49.205 0.482 1705
106.843 49.631 0.482 1705
106.714 49.940 0.483 1705
106.671 50.288 0.484 1721
106.586 50.520 0.481 1721
106.586 50.752 0.478 1721
106.714 51.061 0.479 1737
106.843 51.331 0.481 1737
107.144 51.641 0.478 1737
107.487 51.950 0.476 1754
107.917 52.143 0.478 1754
108.389 52.375 0.479 1754
108.948 52.568 0.475 1770
109.506 52.684 0.474 1770
110.193 52.800 0.476 1770
110.880 52.878 0.477 1786
111.654 52.916 0.474 1786
112.555 52.955 0.473 1786
113.543 52.994 0.476 1786
114.660 52.955 0.474 1802
115.863 52.839 0.474 1802
117.194 52.646 0.474 1802
118.611 52.414 0.478 1818
120.157 52.105 0.479 1818
121.704 51.911 0.478 1818
123.379 51.718 0.478 1834
124.968 51.563 0.480 1834
126.428 51.447 0.480 1834
127.845 51.293 0.479 1851
129.220 51.177 0.479 1851
130.508 51.022 0.481 1851
131.883 50.829 0.480 1867
133.171 50.597 0.474 1867
134.588 50.365 0.470 1867
135.877 50.094 0.464 1867
137.294 49.824 0.460 1883
138.754 49.476 0.442 1883
140.215 49.012 0.424 1883
141.718 48.471 0.395 1899
143.264 47.853 0.358 1899
144.724 47.195 0.324 1899
146.228 46.500 0.270 1915
147.645 45.804 0.153 1915

